0, (257, 331, 180, 224, 80, 58, 132, 264)
0, (258, 322, 200, 194, 80, 59, 129, 295)
0, (266, 310, 215, 224, 92, 60, 137, 328)
0, (218, 286, 189, 234, 92, 61, 137, 313)
0, (212, 309, 193, 218, 87, 57, 128, 310)
0, (200, 297, 231, 215, 96, 69, 129, 311)
0, (189, 289, 220, 216, 100, 71, 113, 362)
0, (166, 275, 212, 214, 95, 68, 101, 279)
0, (183, 319, 215, 193, 89, 72, 133, 305)
0, (202, 315, 214, 198, 120, 84, 148, 306)
0, (208, 300, 202, 200, 118, 74, 138, 302)
0, (208, 290, 198, 183, 110, 70, 141, 207)
0, (194, 292, 181, 161, 106, 73, 147, 190)
0, (160, 232, 202, 160, 109, 67, 112, 134)
0, (136, 192, 203, 143, 75, 41, 78, 115)
0, (148, 201, 168, 136, 70, 47, 85, 107)
0, (162, 201, 167, 183, 73, 51, 87, 95)
0, (165, 196, 174, 182, 85, 57, 95, 102)
0, (172, 199, 154, 188, 96, 62, 107, 105)
0, (180, 209, 149, 189, 98, 66, 107, 105)
0, (169, 180, 135, 187, 93, 59, 111, 104)
0, (151, 227, 127, 127, 92, 65, 121, 79)
0, (142, 328, 113, 117, 85, 61, 113, 65)
0, (156, 338, 142, 123, 76, 61, 102, 56)
0, (162, 348, 154, 142, 73, 64, 111, 55)
0, (153, 362, 148, 132, 75, 65, 125, 55)
0, (161, 340, 154, 133, 75, 57, 121, 53)
0, (160, 331, 181, 123, 70, 55, 124, 55)
0, (150, 333, 166, 104, 67, 51, 121, 49)
0, (155, 325, 158, 72, 76, 50, 110, 48)
0, (158, 311, 162, 65, 72, 53, 83, 42)
0, (186, 302, 158, 63, 75, 59, 72, 39)
0, (195, 239, 132, 69, 80, 58, 60, 38)
0, (199, 227, 119, 67, 81, 60, 67, 42)
0, (206, 239, 119, 78, 70, 54, 83, 46)
0, (205, 229, 137, 78, 76, 53, 84, 48)
0, (176, 233, 143, 81, 77, 43, 83, 48)
0, (177, 241, 139, 76, 72, 42, 83, 47)
0, (176, 260, 142, 84, 73, 41, 86, 49)
0, (172, 288, 133, 74, 79, 40, 90, 46)
1, (216, 370, 234, 263, 101, 55, 110, 325)
1, (234, 378, 242, 260, 102, 56, 104, 296)
1, (277, 398, 257, 207, 80, 51, 108, 264)
1, (259, 364, 190, 219, 82, 62, 127, 263)
1, (182, 306, 106, 76, 73, 39, 96, 47)
1, (176, 301, 88, 76, 67, 42, 99, 52)
1, (170, 365, 85, 79, 68, 40, 101, 54)
1, (213, 345, 73, 79, 75, 41, 111, 61)
1, (224, 327, 90, 79, 76, 47, 110, 63)
1, (225, 356, 108, 79, 82, 56, 107, 65)
2, (243, 356, 206, 236, 119, 73, 101, 365)
2, (242, 289, 202, 279, 129, 74, 92, 325)
2, (265, 324, 259, 258, 123, 65, 88, 328)
2, (259, 364, 258, 220, 108, 61, 96, 325)
2, (235, 404, 128, 81, 86, 52, 102, 60)
2, (237, 324, 133, 79, 93, 54, 109, 60)
2, (194, 325, 152, 71, 93, 54, 99, 52)
2, (163, 305, 147, 75, 87, 53, 97, 53)
2, (158, 260, 138, 75, 80, 41, 88, 48)
2, (162, 179, 127, 66, 75, 40, 88, 49)
2, (170, 166, 126, 69, 71, 45, 101, 51)
2, (186, 223, 141, 83, 65, 52, 104, 52)
2, (184, 229, 141, 81, 61, 50, 104, 52)
2, (195, 308, 145, 96, 77, 56, 146, 84)
2, (178, 308, 153, 142, 99, 99, 155, 93)
2, (164, 318, 149, 187, 105, 101, 140, 106)
2, (141, 305, 131, 244, 117, 108, 180, 216)
2, (191, 336, 144, 284, 129, 111, 178, 269)
2, (178, 298, 150, 299, 131, 111, 152, 270)
2, (190, 300, 175, 284, 118, 77, 149, 268)
2, (229, 327, 191, 275, 116, 79, 186, 267)
2, (240, 324, 184, 241, 101, 66, 157, 243)
2, (217, 298, 191, 239, 98, 66, 154, 279)
2, (225, 287, 193, 232, 97, 69, 169, 280)
2, (231, 327, 187, 249, 102, 75, 172, 291)
2, (256, 317, 179, 238, 99, 72, 134, 293)
2, (276, 301, 182, 238, 100, 72, 130, 253)
2, (288, 358, 177, 199, 95, 70, 139, 248)
2, (326, 395, 199, 204, 86, 71, 120, 286)
2, (318, 362, 180, 218, 99, 68, 128, 286)
2, (296, 352, 207, 220, 97, 61, 126, 290)
2, (269, 380, 212, 233, 96, 67, 118, 290)
2, (257, 317, 210, 267, 99, 74, 140, 219)
2, (201, 254, 183, 260, 95, 70, 149, 305)
2, (242, 249, 182, 236, 78, 71, 148, 346)
2, (230, 279, 157, 240, 85, 85, 158, 339)
2, (240, 277, 162, 215, 82, 86, 174, 344)
2, (231, 283, 158, 218, 91, 88, 161, 348)
2, (271, 291, 172, 250, 115, 96, 165, 303)
2, (266, 286, 171, 252, 115, 93, 155, 254)
2, (260, 259, 162, 246, 113, 82, 146, 301)
2, (267, 241, 158, 275, 115, 76, 129, 309)
2, (275, 247, 173, 252, 105, 69, 133, 351)
2, (248, 244, 160, 223, 78, 66, 132, 294)
2, (213, 311, 176, 211, 76, 70, 132, 298)
2, (227, 317, 178, 232, 72, 68, 132, 306)
2, (220, 305, 187, 260, 77, 65, 128, 301)
2, (241, 298, 187, 289, 76, 64, 141, 298)
2, (236, 324, 201, 291, 89, 65, 145, 355)
2, (248, 275, 194, 313, 102, 69, 148, 352)
3, (234, 285, 197, 389, 102, 74, 165, 342)
3, (221, 284, 194, 351, 99, 75, 167, 365)
3, (209, 290, 175, 328, 104, 80, 153, 388)
3, (212, 259, 153, 338, 133, 81, 156, 336)
3, (238, 310, 159, 321, 126, 78, 159, 336)
3, (245, 328, 149, 213, 131, 82, 172, 312)
3, (249, 402, 135, 229, 146, 80, 174, 275)
3, (229, 405, 167, 234, 145, 72, 162, 198)
3, (249, 392, 182, 217, 115, 69, 161, 293)
3, (232, 379, 198, 251, 116, 69, 169, 292)
3, (215, 347, 203, 267, 129, 61, 138, 281)
3, (209, 258, 208, 280, 132, 64, 132, 289)
3, (197, 391, 186, 236, 88, 56, 89, 295)
3, (211, 278, 216, 267, 129, 66, 132, 269)
3, (214, 353, 169, 250, 90, 64, 101, 270)
3, (196, 302, 225, 254, 133, 72, 130, 382)
3, (219, 365, 181, 258, 84, 67, 97, 275)
3, (163, 283, 203, 262, 127, 65, 116, 391)
3, (269, 367, 197, 295, 98, 61, 99, 266)
3, (169, 303, 208, 235, 106, 61, 113, 392)
3, (226, 358, 195, 291, 101, 60, 104, 254)
3, (171, 299, 206, 220, 83, 61, 116, 387)
3, (229, 358, 183, 263, 102, 55, 100, 255)
3, (224, 317, 187, 272, 106, 59, 117, 382)
3, (209, 324, 178, 282, 95, 44, 95, 237)
4, (261, 319, 191, 216, 101, 92, 161, 301)
4, (220, 310, 173, 233, 122, 94, 155, 292)
4, (242, 311, 178, 237, 118, 90, 151, 312)
4, (300, 276, 170, 232, 118, 89, 160, 371)
4, (279, 312, 192, 215, 127, 93, 156, 312)
4, (263, 350, 185, 189, 132, 79, 135, 310)
4, (262, 338, 196, 208, 117, 72, 134, 327)
4, (257, 341, 196, 209, 119, 74, 138, 324)
4, (191, 342, 195, 191, 132, 83, 150, 304)
4, (192, 344, 176, 215, 118, 80, 152, 298)
4, (201, 318, 173, 214, 103, 75, 140, 319)
4, (205, 307, 182, 200, 93, 79, 140, 317)
4, (198, 301, 183, 197, 86, 78, 150, 352)
4, (207, 284, 182, 226, 70, 81, 135, 278)
4, (198, 254, 189, 220, 81, 89, 133, 314)
4, (181, 276, 179, 226, 79, 89, 131, 315)
4, (180, 310, 177, 205, 95, 96, 146, 362)
4, (185, 352, 175, 210, 98, 96, 136, 323)
4, (206, 388, 226, 198, 110, 86, 125, 325)
4, (201, 445, 234, 188, 107, 72, 120, 345)
4, (203, 428, 236, 180, 112, 71, 125, 361)
4, (198, 437, 219, 195, 108, 60, 101, 301)
4, (234, 409, 226, 216, 107, 59, 86, 298)
5, (262, 397, 194, 191, 106, 91, 163, 275)
5, (245, 373, 184, 211, 94, 69, 133, 255)
5, (236, 365, 193, 218, 96, 72, 130, 203)
5, (254, 314, 191, 198, 97, 70, 137, 274)
5, (230, 310, 182, 193, 80, 63, 125, 275)
5, (260, 270, 159, 174, 85, 67, 107, 276)
5, (271, 283, 161, 164, 83, 68, 111, 283)
5, (263, 282, 154, 153, 80, 65, 116, 265)
5, (243, 298, 138, 159, 80, 68, 112, 195)
5, (245, 307, 156, 164, 79, 70, 119, 338)
5, (245, 314, 158, 170, 72, 63, 103, 345)
5, (219, 299, 166, 151, 75, 59, 103, 338)
5, (229, 299, 173, 160, 72, 55, 101, 366)
5, (249, 294, 183, 194, 70, 55, 108, 444)
5, (284, 290, 200, 216, 64, 55, 113, 347)
5, (257, 281, 241, 217, 72, 54, 113, 349)
5, (259, 332, 247, 257, 77, 57, 108, 361)
5, (258, 353, 249, 256, 78, 59, 110, 342)
5, (221, 331, 247, 238, 75, 60, 113, 297)
5, (164, 306, 225, 226, 80, 59, 97, 302)
5, (176, 352, 190, 236, 76, 63, 118, 294)
5, (172, 317, 178, 194, 78, 61, 116, 282)
5, (164, 312, 173, 196, 82, 71, 138, 289)
5, (156, 300, 182, 180, 79, 69, 136, 333)
5, (186, 338, 205, 176, 86, 65, 137, 337)
5, (174, 329, 207, 159, 94, 79, 147, 350)
5, (177, 323, 209, 187, 90, 78, 154, 374)
5, (192, 306, 202, 200, 96, 72, 133, 392)
5, (187, 331, 188, 195, 98, 75, 136, 332)
5, (157, 370, 176, 182, 100, 95, 165, 325)
5, (153, 354, 179, 193, 100, 85, 148, 319)
5, (174, 358, 224, 217, 105, 87, 145, 340)
5, (176, 360, 230, 206, 101, 88, 158, 341)
5, (194, 350, 222, 220, 96, 90, 158, 302)
5, (198, 342, 210, 223, 87, 78, 160, 308)
5, (226, 329, 207, 223, 85, 73, 157, 350)
5, (210, 335, 174, 174, 83, 70, 152, 298)
5, (214, 391, 160, 161, 79, 69, 138, 256)
5, (230, 420, 180, 148, 95, 88, 169, 279)
5, (237, 377, 202, 209, 109, 85, 146, 327)
5, (216, 390, 191, 211, 111, 86, 143, 285)
5, (229, 376, 198, 220, 108, 87, 155, 291)
5, (252, 330, 211, 229, 106, 92, 184, 303)
5, (252, 297, 215, 235, 96, 84, 190, 403)
5, (257, 272, 214, 185, 79, 83, 189, 360)
5, (263, 325, 211, 173, 73, 91, 203, 351)
5, (272, 376, 198, 182, 74, 92, 203, 349)
5, (244, 376, 213, 199, 84, 87, 187, 383)
5, (260, 371, 197, 202, 86, 74, 156, 255)
5, (245, 384, 181, 208, 98, 66, 146, 252)
5, (239, 340, 186, 207, 104, 61, 136, 257)
5, (234, 328, 184, 187, 108, 83, 139, 263)
5, (239, 341, 178, 174, 108, 87, 134, 302)
5, (196, 356, 199, 173, 106, 83, 121, 334)
5, (199, 336, 197, 162, 94, 83, 131, 340)
5, (214, 327, 216, 162, 89, 81, 124, 358)
5, (217, 290, 218, 161, 84, 59, 110, 386)
5, (207, 286, 232, 172, 84, 48, 91, 315)
5, (212, 398, 239, 170, 84, 61, 107, 280)
5, (233, 398, 238, 174, 89, 67, 112, 307)
5, (231, 405, 223, 182, 91, 74, 136, 323)
5, (277, 447, 209, 191, 96, 81, 170, 324)
5, (272, 454, 199, 180, 97, 84, 170, 322)
5, (272, 340, 170, 220, 101, 77, 163, 376)
5, (269, 346, 184, 235, 111, 75, 157, 350)
5, (289, 394, 200, 242, 112, 80, 150, 343)
5, (241, 376, 205, 254, 108, 73, 119, 315)
5, (245, 343, 202, 245, 108, 77, 130, 412)
5, (256, 353, 213, 203, 104, 78, 127, 355)
5, (247, 349, 218, 184, 91, 79, 138, 378)
5, (204, 334, 219, 181, 100, 64, 152, 398)
5, (193, 300, 238, 180, 96, 62, 148, 440)
5, (212, 333, 218, 187, 91, 57, 147, 347)
5, (206, 386, 213, 205, 96, 55, 145, 369)
5, (217, 408, 217, 225, 103, 61, 156, 408)
5, (242, 387, 195, 209, 85, 84, 163, 383)
5, (236, 391, 173, 192, 90, 87, 160, 329)
5, (234, 359, 178, 214, 116, 93, 162, 351)
5, (262, 291, 184, 194, 109, 99, 174, 368)
5, (265, 268, 175, 181, 100, 103, 172, 305)
5, (290, 259, 210, 242, 109, 89, 140, 288)
5, (292, 253, 223, 242, 107, 87, 139, 324)
5, (296, 288, 238, 222, 81, 87, 137, 388)
5, (271, 311, 235, 232, 83, 83, 134, 354)
5, (290, 323, 242, 226, 90, 76, 118, 355)
5, (240, 302, 209, 165, 89, 81, 125, 348)
5, (243, 352, 208, 188, 89, 83, 128, 336)
5, (257, 341, 187, 203, 93, 76, 133, 305)
