0, (255, 292, 157, 153, 97, 90, 155, 302)
0, (220, 298, 185, 161, 94, 86, 154, 303)
0, (251, 297, 189, 161, 105, 86, 163, 311)
0, (256, 271, 196, 158, 105, 83, 163, 312)
0, (252, 309, 210, 174, 106, 83, 165, 310)
0, (199, 288, 221, 192, 103, 73, 156, 181)
0, (204, 225, 206, 262, 108, 80, 152, 261)
0, (199, 292, 235, 279, 102, 64, 116, 297)
0, (213, 340, 233, 303, 105, 62, 107, 298)
0, (214, 316, 245, 295, 107, 68, 105, 302)
0, (216, 329, 218, 276, 94, 78, 117, 291)
0, (205, 335, 218, 245, 100, 69, 114, 218)
0, (173, 291, 196, 237, 99, 69, 107, 215)
0, (239, 269, 191, 203, 94, 68, 107, 314)
0, (311, 294, 177, 215, 87, 63, 109, 324)
0, (322, 291, 187, 212, 86, 52, 103, 343)
0, (343, 313, 186, 175, 74, 62, 118, 348)
0, (349, 289, 201, 161, 72, 61, 124, 307)
0, (295, 264, 203, 190, 77, 59, 124, 195)
0, (225, 244, 197, 186, 94, 61, 124, 167)
0, (201, 231, 182, 184, 101, 60, 117, 115)
0, (158, 239, 166, 170, 100, 49, 87, 78)
0, (150, 236, 131, 163, 99, 46, 69, 62)
0, (145, 243, 115, 129, 98, 50, 68, 45)
0, (119, 217, 105, 86, 86, 47, 73, 58)
0, (105, 245, 116, 81, 78, 49, 71, 94)
0, (98, 375, 161, 80, 82, 45, 66, 105)
0, (75, 388, 167, 81, 83, 46, 67, 105)
0, (74, 468, 182, 54, 72, 42, 66, 108)
0, (93, 522, 187, 57, 65, 38, 68, 252)
0, (109, 516, 183, 55, 63, 33, 70, 255)
0, (128, 452, 148, 65, 53, 31, 81, 259)
0, (137, 482, 151, 69, 54, 38, 84, 265)
0, (156, 406, 151, 76, 53, 42, 90, 268)
0, (150, 353, 143, 75, 55, 45, 84, 180)
0, (168, 420, 145, 77, 59, 45, 82, 215)
0, (164, 401, 159, 66, 72, 53, 78, 214)
0, (197, 359, 157, 61, 81, 54, 84, 215)
0, (189, 385, 143, 55, 88, 55, 96, 298)
0, (217, 407, 145, 61, 87, 55, 94, 281)
0, (202, 347, 137, 58, 85, 62, 99, 255)
0, (218, 383, 124, 55, 91, 60, 104, 273)
0, (236, 402, 152, 51, 91, 54, 112, 275)
0, (241, 377, 170, 50, 84, 53, 104, 199)
1, (242, 386, 204, 55, 85, 57, 104, 192)
1, (312, 397, 207, 60, 91, 61, 110, 183)
1, (319, 376, 210, 63, 79, 60, 131, 161)
1, (283, 385, 189, 70, 68, 62, 124, 157)
1, (293, 408, 192, 74, 76, 64, 136, 131)
1, (292, 395, 175, 67, 80, 71, 143, 238)
1, (230, 407, 180, 71, 75, 67, 139, 333)
1, (212, 412, 178, 75, 79, 70, 120, 336)
1, (239, 409, 208, 72, 85, 69, 114, 339)
1, (251, 423, 197, 66, 78, 71, 106, 339)
1, (250, 409, 185, 69, 76, 65, 118, 278)
1, (242, 382, 185, 60, 76, 62, 122, 192)
1, (247, 357, 203, 62, 78, 63, 116, 174)
1, (228, 401, 187, 67, 68, 62, 129, 174)
1, (208, 368, 203, 75, 72, 61, 123, 182)
1, (209, 392, 197, 82, 74, 55, 100, 177)
1, (200, 389, 192, 81, 74, 59, 97, 125)
1, (207, 393, 179, 74, 68, 53, 102, 124)
2, (285, 323, 160, 77, 74, 63, 105, 126)
2, (283, 363, 131, 71, 78, 65, 131, 114)
2, (273, 389, 150, 69, 80, 65, 131, 110)
2, (277, 390, 158, 82, 86, 69, 143, 112)
2, (285, 417, 183, 89, 85, 73, 144, 108)
2, (216, 463, 189, 87, 91, 66, 138, 105)
2, (223, 420, 189, 88, 88, 59, 117, 105)
2, (240, 409, 181, 92, 83, 62, 126, 102)
2, (244, 472, 188, 87, 73, 51, 114, 116)
2, (250, 483, 152, 81, 73, 50, 122, 190)
2, (240, 480, 145, 78, 65, 57, 133, 181)
2, (219, 525, 143, 96, 70, 63, 131, 182)
2, (199, 521, 137, 162, 70, 63, 161, 188)
2, (208, 489, 128, 176, 80, 69, 176, 222)
2, (172, 452, 131, 176, 79, 72, 174, 167)
2, (174, 427, 146, 180, 95, 79, 194, 172)
2, (197, 426, 152, 183, 103, 80, 189, 185)
2, (196, 437, 161, 149, 114, 78, 160, 186)
2, (196, 425, 154, 148, 110, 71, 144, 294)
2, (219, 480, 184, 184, 118, 69, 143, 300)
2, (244, 501, 188, 191, 106, 58, 120, 321)
2, (229, 451, 204, 190, 102, 52, 133, 316)
2, (259, 437, 204, 181, 91, 53, 132, 351)
2, (261, 443, 210, 180, 98, 62, 126, 323)
2, (261, 364, 178, 181, 99, 59, 120, 347)
2, (278, 386, 174, 180, 105, 65, 114, 341)
2, (278, 432, 160, 169, 101, 67, 126, 351)
2, (279, 468, 161, 159, 101, 68, 138, 317)
2, (282, 456, 156, 156, 89, 66, 153, 246)
2, (268, 472, 177, 124, 80, 75, 168, 361)
2, (258, 450, 173, 115, 97, 83, 186, 362)
2, (265, 427, 167, 114, 93, 82, 172, 372)
2, (259, 352, 168, 119, 96, 86, 164, 371)
2, (306, 377, 166, 112, 106, 86, 155, 380)
2, (309, 364, 145, 95, 108, 80, 139, 240)
2, (282, 317, 132, 90, 84, 61, 109, 213)
2, (321, 324, 129, 117, 85, 64, 119, 300)
2, (356, 355, 112, 122, 78, 56, 133, 355)
2, (319, 327, 114, 112, 73, 53, 127, 344)
2, (337, 345, 157, 125, 73, 56, 145, 351)
2, (340, 362, 177, 144, 76, 56, 135, 355)
2, (309, 359, 186, 127, 79, 53, 132, 257)
2, (286, 349, 202, 116, 80, 54, 133, 304)
2, (279, 365, 194, 135, 89, 52, 132, 305)
2, (274, 365, 165, 140, 90, 45, 115, 299)
2, (269, 369, 164, 132, 96, 60, 133, 304)
2, (286, 416, 153, 162, 95, 67, 134, 323)
2, (260, 419, 136, 168, 104, 73, 134, 330)
2, (266, 411, 164, 175, 98, 76, 135, 323)
2, (267, 446, 167, 174, 101, 84, 146, 337)
2, (292, 461, 170, 168, 91, 77, 132, 337)
2, (278, 396, 176, 141, 94, 73, 135, 321)
2, (234, 496, 181, 214, 93, 65, 103, 394)
2, (298, 399, 211, 145, 90, 78, 139, 339)
2, (280, 455, 198, 225, 92, 62, 104, 375)
2, (307, 429, 221, 151, 87, 75, 137, 341)
2, (297, 448, 207, 229, 99, 59, 93, 373)
2, (311, 362, 220, 180, 78, 67, 116, 334)
2, (296, 446, 208, 222, 99, 60, 102, 360)
2, (316, 357, 232, 190, 86, 66, 129, 340)
2, (317, 409, 243, 194, 95, 66, 115, 289)
2, (307, 374, 242, 187, 90, 74, 143, 339)
2, (329, 385, 252, 192, 92, 65, 113, 321)
2, (280, 383, 211, 191, 86, 63, 126, 195)
2, (292, 383, 233, 189, 99, 67, 100, 325)
2, (280, 343, 205, 177, 81, 65, 138, 319)
2, (279, 328, 211, 180, 98, 72, 113, 329)
2, (249, 368, 206, 183, 90, 65, 137, 326)
2, (286, 343, 218, 170, 100, 110, 194, 340)
2, (227, 384, 189, 184, 87, 70, 125, 320)
2, (277, 337, 208, 143, 98, 106, 189, 465)
2, (220, 371, 173, 206, 84, 65, 102, 329)
2, (262, 407, 196, 174, 102, 107, 189, 373)
2, (278, 429, 189, 205, 82, 63, 116, 331)
2, (270, 433, 209, 196, 100, 105, 189, 388)
2, (259, 534, 212, 212, 99, 60, 106, 384)
2, (316, 462, 215, 197, 101, 110, 197, 392)
2, (265, 569, 232, 206, 96, 59, 109, 383)
2, (307, 436, 207, 205, 103, 81, 126, 400)
2, (306, 553, 240, 206, 99, 57, 113, 387)
2, (300, 445, 177, 210, 106, 86, 130, 298)
2, (324, 556, 260, 203, 98, 51, 106, 409)
2, (289, 407, 192, 187, 101, 86, 133, 293)
2, (268, 531, 252, 224, 115, 57, 87, 413)
2, (316, 375, 172, 166, 99, 82, 129, 295)
2, (308, 466, 223, 235, 122, 60, 77, 256)
2, (282, 378, 185, 194, 106, 70, 119, 316)
2, (344, 446, 223, 216, 123, 63, 79, 355)
2, (273, 365, 176, 194, 96, 60, 104, 328)
2, (302, 444, 204, 236, 125, 63, 96, 359)
2, (292, 359, 177, 200, 102, 56, 102, 363)
2, (292, 440, 177, 227, 131, 69, 93, 347)
2, (330, 346, 164, 220, 107, 50, 98, 368)
2, (329, 411, 178, 225, 123, 61, 95, 343)
2, (288, 343, 171, 215, 112, 61, 100, 369)
2, (309, 368, 177, 218, 115, 64, 106, 420)
2, (271, 321, 150, 218, 107, 65, 105, 356)
3, (289, 499, 193, 179, 84, 54, 102, 350)
3, (279, 431, 194, 191, 77, 60, 106, 350)
3, (243, 399, 184, 181, 76, 59, 97, 362)
3, (233, 392, 200, 163, 69, 60, 101, 354)
3, (217, 369, 230, 168, 73, 58, 113, 333)
3, (225, 335, 260, 158, 84, 71, 132, 301)
3, (233, 324, 268, 150, 84, 67, 129, 298)
3, (236, 289, 274, 190, 88, 70, 129, 346)
3, (224, 341, 261, 189, 94, 77, 136, 330)
3, (230, 369, 235, 183, 95, 79, 129, 325)
3, (233, 392, 180, 202, 87, 68, 120, 342)
3, (230, 390, 183, 214, 94, 68, 131, 366)
3, (214, 423, 188, 182, 90, 62, 128, 329)
3, (221, 401, 196, 241, 106, 70, 154, 325)
3, (227, 388, 228, 266, 108, 68, 154, 333)
3, (241, 452, 224, 253, 109, 69, 146, 344)
3, (318, 516, 268, 244, 111, 72, 164, 394)
3, (322, 485, 294, 268, 114, 71, 166, 369)
3, (306, 473, 301, 245, 105, 54, 127, 333)
3, (301, 491, 294, 225, 104, 52, 122, 333)
3, (318, 434, 308, 225, 101, 55, 134, 372)
3, (257, 377, 271, 240, 104, 53, 101, 284)
3, (256, 375, 238, 212, 96, 56, 100, 283)
3, (264, 359, 238, 184, 83, 55, 97, 285)
3, (303, 336, 236, 191, 91, 54, 108, 415)
3, (290, 366, 218, 203, 113, 49, 87, 357)
3, (300, 359, 215, 197, 109, 48, 92, 357)
3, (293, 385, 228, 207, 134, 47, 95, 363)
3, (306, 432, 225, 203, 140, 49, 93, 364)
3, (295, 427, 217, 190, 131, 49, 90, 335)
3, (282, 419, 228, 173, 112, 49, 94, 331)
3, (302, 432, 269, 177, 113, 46, 96, 327)
3, (314, 397, 265, 157, 86, 51, 104, 332)
3, (320, 365, 250, 145, 73, 51, 107, 386)
3, (294, 382, 233, 148, 68, 55, 111, 366)
3, (280, 340, 231, 141, 90, 72, 120, 363)
3, (230, 413, 195, 104, 118, 78, 114, 365)
3, (230, 488, 181, 117, 114, 77, 105, 368)
3, (285, 476, 190, 128, 123, 82, 102, 310)
3, (276, 486, 219, 147, 138, 86, 93, 358)
3, (311, 496, 208, 189, 133, 78, 92, 377)
3, (316, 417, 188, 191, 104, 78, 96, 378)
3, (316, 381, 199, 187, 110, 86, 108, 370)
3, (243, 437, 221, 180, 114, 82, 111, 368)
3, (257, 394, 212, 176, 98, 74, 109, 377)
3, (291, 430, 209, 145, 92, 74, 111, 359)
3, (284, 419, 234, 189, 100, 71, 105, 355)
3, (314, 396, 230, 205, 96, 59, 95, 352)
3, (329, 342, 201, 219, 85, 57, 104, 358)
3, (330, 367, 187, 213, 92, 60, 120, 178)
3, (290, 321, 190, 211, 101, 57, 123, 384)
3, (301, 393, 169, 173, 98, 61, 135, 403)
3, (260, 431, 177, 158, 98, 66, 139, 402)
3, (260, 451, 185, 164, 100, 67, 128, 401)
3, (250, 482, 187, 213, 103, 68, 115, 457)
4, (208, 406, 211, 153, 103, 56, 111, 428)
4, (245, 334, 219, 155, 94, 59, 115, 342)
4, (228, 338, 206, 157, 97, 59, 109, 356)
4, (212, 379, 203, 174, 104, 55, 94, 364)
4, (201, 411, 201, 178, 97, 53, 102, 427)
4, (194, 432, 194, 166, 81, 50, 105, 339)
4, (195, 426, 196, 178, 97, 49, 111, 334)
4, (218, 526, 204, 177, 105, 67, 146, 326)
4, (235, 497, 203, 152, 106, 79, 152, 401)
4, (238, 460, 213, 160, 110, 80, 151, 332)
4, (281, 444, 232, 157, 122, 81, 150, 336)
4, (268, 460, 235, 147, 113, 85, 162, 340)
4, (268, 355, 214, 149, 110, 82, 151, 424)
4, (261, 371, 211, 141, 108, 73, 138, 374)
4, (304, 418, 210, 140, 106, 74, 134, 361)
4, (283, 409, 199, 178, 106, 92, 160, 360)
4, (285, 420, 178, 209, 119, 90, 135, 364)
4, (273, 401, 196, 213, 119, 78, 112, 346)
4, (261, 436, 207, 217, 111, 75, 117, 311)
4, (213, 441, 215, 214, 107, 76, 119, 314)
4, (262, 433, 214, 195, 93, 54, 94, 365)
4, (256, 410, 224, 154, 71, 49, 118, 407)
4, (248, 426, 244, 149, 66, 56, 122, 358)
4, (301, 351, 249, 167, 74, 58, 123, 363)
4, (341, 303, 247, 176, 72, 68, 140, 366)
4, (314, 364, 241, 171, 73, 71, 139, 355)
4, (307, 360, 225, 177, 83, 78, 127, 382)
4, (313, 387, 232, 172, 81, 79, 142, 356)
4, (271, 398, 210, 154, 73, 85, 146, 354)
4, (226, 463, 200, 144, 80, 84, 126, 363)
4, (218, 415, 240, 144, 109, 85, 127, 367)
4, (233, 425, 254, 138, 106, 84, 156, 280)
4, (241, 471, 210, 137, 108, 77, 140, 289)
4, (285, 527, 217, 151, 112, 72, 142, 288)
4, (307, 476, 217, 172, 114, 65, 148, 353)
4, (308, 487, 174, 169, 88, 62, 143, 330)
5, (219, 312, 233, 213, 117, 74, 141, 372)
5, (230, 338, 240, 225, 115, 77, 143, 464)
5, (246, 358, 236, 199, 106, 62, 116, 378)
5, (229, 373, 243, 201, 111, 55, 98, 388)
5, (224, 377, 227, 209, 102, 57, 97, 363)
5, (236, 479, 268, 201, 83, 55, 100, 452)
5, (249, 461, 253, 179, 82, 56, 124, 355)
5, (248, 451, 251, 180, 93, 66, 125, 363)
5, (275, 455, 254, 172, 88, 64, 125, 365)
5, (267, 436, 249, 146, 87, 63, 142, 409)
5, (293, 393, 181, 161, 92, 71, 157, 354)
5, (295, 385, 186, 170, 103, 77, 149, 347)
5, (284, 447, 213, 175, 95, 68, 144, 336)
5, (260, 466, 254, 193, 97, 68, 151, 349)
5, (252, 451, 263, 184, 118, 76, 142, 356)
5, (238, 429, 273, 200, 129, 76, 135, 300)
5, (224, 449, 268, 206, 126, 65, 114, 301)
5, (247, 388, 252, 192, 127, 65, 115, 318)
5, (233, 425, 211, 180, 128, 66, 110, 395)
5, (249, 425, 223, 176, 106, 60, 110, 343)
5, (236, 411, 211, 155, 92, 55, 112, 345)
5, (232, 382, 207, 138, 90, 54, 110, 354)
