0, (251, 287, 162, 139, 108, 63, 123, 313)
0, (259, 258, 159, 142, 112, 65, 120, 382)
0, (275, 216, 158, 152, 90, 70, 128, 393)
0, (251, 215, 167, 129, 81, 68, 133, 303)
0, (206, 182, 154, 116, 78, 66, 123, 288)
0, (234, 174, 119, 134, 106, 71, 125, 360)
0, (226, 142, 121, 136, 106, 70, 125, 304)
0, (195, 220, 125, 127, 99, 57, 110, 290)
0, (229, 229, 106, 152, 107, 68, 113, 289)
0, (229, 233, 109, 149, 111, 77, 133, 383)
0, (191, 239, 121, 132, 88, 75, 147, 328)
0, (206, 242, 127, 134, 94, 77, 152, 323)
0, (200, 216, 120, 130, 94, 78, 157, 389)
0, (197, 229, 123, 95, 84, 69, 153, 397)
0, (211, 224, 117, 112, 73, 62, 142, 304)
0, (221, 213, 97, 131, 73, 60, 131, 293)
0, (245, 213, 86, 136, 65, 55, 122, 286)
0, (282, 246, 111, 136, 60, 53, 111, 265)
0, (266, 231, 111, 139, 68, 55, 116, 260)
0, (279, 247, 108, 148, 80, 56, 110, 253)
0, (273, 247, 121, 127, 80, 54, 101, 252)
0, (245, 236, 120, 118, 80, 53, 97, 240)
0, (200, 152, 96, 118, 85, 55, 92, 138)
0, (183, 141, 91, 114, 82, 46, 61, 107)
0, (144, 108, 92, 84, 73, 48, 82, 126)
0, (128, 86, 85, 86, 71, 51, 88, 116)
0, (118, 160, 85, 87, 69, 51, 90, 108)
0, (136, 181, 88, 83, 66, 49, 92, 102)
0, (136, 192, 90, 82, 67, 53, 91, 102)
0, (128, 195, 89, 84, 75, 48, 68, 52)
0, (158, 207, 79, 81, 68, 40, 54, 47)
0, (163, 161, 91, 66, 67, 44, 54, 53)
0, (139, 158, 84, 62, 76, 44, 60, 81)
0, (149, 174, 83, 59, 79, 40, 62, 86)
0, (143, 170, 79, 50, 69, 37, 57, 87)
0, (133, 186, 86, 47, 73, 39, 57, 88)
0, (127, 248, 78, 48, 81, 37, 54, 86)
0, (157, 257, 80, 47, 74, 38, 49, 58)
0, (159, 237, 78, 49, 64, 36, 48, 51)
0, (161, 247, 78, 53, 66, 37, 45, 47)
0, (151, 227, 70, 53, 65, 38, 47, 46)
0, (162, 192, 71, 52, 50, 38, 45, 40)
0, (135, 198, 67, 51, 55, 39, 46, 39)
0, (123, 212, 73, 52, 63, 46, 57, 39)
0, (185, 201, 78, 58, 61, 47, 62, 39)
0, (179, 201, 82, 58, 61, 43, 63, 40)
0, (168, 165, 88, 58, 79, 44, 68, 42)
0, (172, 163, 90, 59, 75, 43, 68, 47)
0, (185, 147, 85, 61, 75, 40, 58, 44)
0, (136, 162, 82, 55, 77, 41, 55, 42)
0, (138, 162, 83, 62, 75, 44, 57, 39)
0, (151, 172, 70, 69, 70, 41, 54, 46)
0, (138, 200, 65, 72, 70, 38, 54, 40)
0, (120, 207, 63, 67, 65, 35, 57, 40)
0, (165, 205, 67, 66, 69, 36, 62, 42)
0, (165, 205, 62, 57, 74, 38, 58, 45)
0, (165, 203, 62, 49, 66, 42, 58, 38)
0, (170, 183, 64, 49, 69, 49, 61, 39)
1, (176, 182, 77, 49, 73, 49, 58, 39)
1, (130, 172, 74, 50, 71, 52, 60, 41)
1, (137, 180, 73, 57, 81, 58, 60, 40)
1, (123, 186, 72, 57, 84, 58, 59, 39)
1, (149, 195, 73, 50, 79, 55, 65, 40)
1, (172, 211, 73, 51, 78, 56, 65, 45)
1, (197, 216, 73, 53, 83, 53, 59, 41)
1, (202, 212, 72, 54, 74, 43, 57, 40)
1, (215, 204, 71, 49, 77, 40, 63, 40)
1, (206, 213, 79, 50, 78, 42, 51, 40)
1, (199, 202, 75, 54, 73, 40, 57, 37)
1, (191, 200, 87, 56, 71, 41, 56, 36)
1, (180, 212, 89, 49, 67, 42, 59, 37)
1, (173, 256, 96, 49, 64, 40, 55, 37)
1, (183, 228, 98, 51, 85, 37, 62, 35)
1, (163, 218, 91, 57, 91, 36, 57, 34)
1, (136, 219, 85, 58, 88, 42, 76, 35)
1, (144, 218, 84, 58, 86, 40, 79, 34)
2, (151, 214, 85, 58, 93, 43, 78, 34)
2, (155, 201, 87, 57, 77, 44, 76, 34)
2, (178, 200, 87, 52, 77, 46, 81, 39)
2, (206, 203, 82, 46, 87, 43, 66, 39)
2, (234, 227, 88, 50, 98, 44, 60, 43)
2, (228, 199, 80, 54, 89, 41, 64, 45)
2, (222, 200, 75, 54, 85, 40, 60, 48)
2, (208, 206, 71, 54, 84, 44, 55, 46)
2, (189, 200, 75, 52, 73, 41, 57, 45)
2, (187, 237, 76, 54, 61, 42, 57, 43)
2, (195, 241, 83, 57, 68, 44, 51, 40)
2, (182, 245, 101, 59, 71, 48, 60, 38)
2, (190, 246, 100, 65, 69, 43, 65, 41)
2, (192, 249, 103, 73, 94, 43, 60, 41)
2, (156, 231, 112, 71, 98, 40, 60, 44)
2, (178, 216, 110, 65, 93, 44, 68, 45)
2, (171, 212, 90, 61, 92, 47, 65, 45)
2, (177, 209, 94, 55, 91, 47, 63, 42)
2, (188, 242, 88, 54, 67, 47, 68, 46)
2, (192, 186, 70, 62, 66, 54, 80, 42)
2, (187, 193, 80, 63, 71, 50, 74, 42)
2, (198, 190, 79, 68, 67, 45, 88, 43)
2, (189, 184, 77, 68, 79, 44, 87, 43)
2, (168, 177, 81, 67, 87, 49, 88, 40)
2, (186, 187, 82, 57, 83, 49, 95, 43)
2, (174, 179, 74, 78, 83, 49, 101, 84)
2, (164, 181, 75, 89, 87, 50, 94, 94)
2, (164, 183, 77, 87, 79, 52, 93, 98)
2, (161, 160, 73, 84, 72, 47, 93, 98)
2, (146, 191, 70, 90, 68, 42, 74, 99)
2, (155, 202, 75, 78, 75, 48, 75, 68)
2, (173, 195, 72, 79, 74, 47, 73, 55)
2, (175, 194, 71, 80, 69, 46, 90, 88)
2, (181, 198, 75, 80, 68, 47, 94, 97)
2, (171, 227, 82, 88, 70, 46, 94, 98)
2, (194, 222, 78, 89, 56, 40, 90, 139)
2, (192, 225, 87, 86, 52, 37, 82, 229)
2, (190, 225, 84, 99, 60, 39, 75, 233)
2, (193, 213, 87, 98, 59, 37, 79, 239)
2, (197, 211, 86, 93, 58, 39, 80, 242)
2, (171, 222, 89, 98, 72, 41, 79, 221)
2, (151, 219, 83, 99, 78, 40, 80, 129)
2, (164, 224, 91, 89, 72, 36, 68, 231)
2, (170, 226, 90, 104, 74, 46, 59, 249)
2, (171, 190, 87, 105, 77, 48, 65, 251)
2, (175, 178, 84, 100, 66, 47, 68, 256)
2, (219, 190, 91, 94, 60, 48, 66, 259)
2, (204, 192, 83, 95, 61, 49, 69, 160)
2, (205, 189, 84, 105, 59, 38, 64, 232)
2, (216, 225, 81, 106, 60, 33, 57, 239)
2, (209, 219, 81, 105, 68, 38, 59, 242)
2, (179, 218, 75, 103, 64, 37, 68, 243)
2, (182, 211, 79, 116, 68, 43, 68, 242)
2, (181, 209, 79, 107, 73, 49, 78, 270)
2, (160, 209, 87, 109, 78, 56, 99, 267)
2, (151, 215, 97, 132, 79, 60, 104, 261)
2, (159, 207, 97, 143, 81, 59, 103, 266)
2, (165, 208, 101, 153, 82, 59, 105, 269)
2, (179, 211, 99, 156, 87, 61, 102, 211)
2, (199, 150, 101, 166, 81, 62, 109, 253)
2, (190, 188, 91, 153, 73, 55, 98, 261)
2, (206, 184, 103, 150, 78, 57, 102, 260)
2, (200, 183, 112, 143, 86, 53, 99, 260)
2, (180, 182, 115, 153, 77, 50, 104, 263)
2, (174, 180, 111, 139, 80, 40, 77, 279)
2, (180, 180, 109, 141, 82, 42, 80, 278)
2, (213, 177, 102, 169, 84, 40, 77, 278)
2, (217, 179, 89, 175, 79, 46, 81, 276)
2, (225, 175, 97, 168, 77, 44, 76, 255)
2, (228, 166, 113, 183, 76, 50, 82, 236)
3, (269, 205, 123, 95, 73, 58, 109, 278)
3, (268, 232, 122, 89, 83, 65, 85, 273)
3, (282, 249, 133, 92, 87, 64, 81, 275)
3, (296, 251, 130, 105, 86, 64, 84, 276)
3, (248, 250, 120, 112, 91, 67, 74, 275)
3, (231, 246, 115, 116, 92, 68, 76, 272)
3, (271, 239, 121, 125, 79, 57, 87, 280)
3, (252, 175, 101, 127, 72, 54, 89, 289)
3, (208, 185, 119, 112, 73, 54, 87, 289)
3, (304, 209, 159, 120, 70, 46, 89, 294)
3, (316, 205, 183, 118, 74, 49, 91, 302)
3, (309, 233, 194, 117, 82, 62, 107, 295)
3, (315, 236, 196, 140, 84, 62, 118, 253)
3, (332, 222, 186, 152, 82, 63, 118, 248)
3, (247, 195, 161, 154, 85, 66, 119, 242)
3, (262, 215, 131, 158, 87, 71, 119, 253)
3, (237, 204, 109, 163, 86, 62, 90, 243)
3, (231, 201, 126, 139, 84, 70, 99, 175)
3, (212, 206, 129, 134, 82, 69, 112, 276)
3, (208, 210, 120, 119, 75, 70, 115, 281)
3, (204, 231, 123, 126, 62, 63, 130, 260)
3, (191, 189, 123, 148, 59, 68, 153, 256)
3, (206, 189, 108, 168, 58, 53, 143, 246)
3, (242, 206, 124, 173, 68, 53, 134, 149)
3, (264, 241, 129, 185, 79, 49, 135, 289)
3, (252, 245, 131, 183, 84, 63, 137, 291)
3, (273, 249, 136, 164, 81, 57, 112, 293)
3, (281, 256, 165, 170, 87, 58, 104, 298)
3, (276, 253, 153, 169, 83, 59, 102, 295)
3, (317, 226, 164, 164, 74, 62, 101, 257)
3, (340, 259, 168, 164, 71, 44, 70, 260)
3, (326, 253, 160, 176, 85, 46, 81, 259)
3, (331, 247, 131, 175, 85, 52, 80, 251)
3, (338, 238, 137, 175, 82, 51, 80, 241)
3, (297, 235, 122, 164, 84, 51, 82, 114)
3, (301, 200, 114, 171, 86, 57, 88, 131)
3, (298, 194, 120, 156, 72, 68, 97, 165)
3, (278, 200, 121, 136, 63, 65, 95, 250)
3, (254, 211, 119, 127, 73, 63, 94, 266)
3, (257, 210, 120, 134, 73, 66, 97, 270)
3, (202, 186, 119, 124, 70, 65, 98, 257)
3, (197, 205, 113, 139, 68, 57, 102, 245)
3, (192, 198, 112, 142, 70, 60, 113, 168)
3, (207, 200, 121, 154, 60, 63, 113, 262)
3, (184, 190, 126, 152, 58, 60, 105, 267)
3, (192, 181, 127, 150, 55, 59, 105, 273)
3, (184, 220, 129, 181, 64, 55, 86, 283)
3, (226, 226, 135, 172, 71, 51, 76, 297)
3, (214, 210, 131, 173, 75, 54, 81, 247)
3, (218, 213, 130, 181, 74, 53, 85, 270)
3, (269, 115, 128, 178, 83, 51, 84, 254)
3, (214, 191, 128, 194, 81, 55, 83, 265)
4, (256, 267, 89, 113, 80, 57, 103, 338)
4, (248, 214, 95, 106, 76, 59, 101, 277)
4, (223, 220, 95, 73, 71, 59, 102, 277)
4, (229, 214, 90, 79, 53, 60, 100, 269)
4, (245, 257, 93, 84, 51, 46, 84, 266)
4, (216, 233, 104, 95, 42, 44, 87, 266)
4, (233, 234, 105, 102, 61, 48, 84, 268)
4, (226, 229, 107, 109, 64, 46, 79, 266)
4, (283, 266, 109, 109, 77, 49, 88, 271)
4, (274, 227, 107, 107, 82, 54, 103, 288)
4, (317, 218, 107, 103, 83, 56, 101, 250)
4, (298, 235, 106, 93, 72, 51, 99, 263)
4, (320, 254, 115, 105, 75, 51, 102, 268)
4, (280, 226, 126, 106, 67, 51, 102, 270)
4, (264, 251, 137, 118, 66, 47, 95, 283)
4, (204, 254, 130, 113, 78, 49, 94, 269)
4, (216, 265, 132, 114, 78, 47, 99, 280)
4, (203, 239, 139, 105, 76, 46, 99, 274)
4, (222, 238, 143, 97, 72, 48, 94, 274)
4, (234, 219, 139, 85, 73, 53, 109, 257)
4, (237, 248, 144, 92, 67, 57, 110, 303)
4, (244, 207, 142, 96, 69, 59, 108, 274)
4, (282, 213, 131, 94, 67, 63, 113, 277)
5, (224, 224, 109, 106, 73, 45, 94, 233)
5, (191, 213, 124, 142, 78, 47, 95, 216)
5, (168, 221, 129, 126, 72, 53, 94, 132)
5, (174, 210, 126, 134, 67, 53, 108, 225)
5, (177, 218, 120, 132, 68, 55, 114, 223)
5, (187, 216, 110, 133, 73, 61, 115, 224)
5, (191, 225, 103, 97, 79, 67, 119, 230)
5, (188, 209, 97, 131, 78, 64, 107, 233)
5, (237, 209, 88, 120, 72, 64, 112, 239)
5, (279, 207, 92, 122, 73, 73, 131, 246)
5, (274, 203, 120, 133, 74, 70, 133, 242)
5, (267, 187, 128, 147, 65, 62, 125, 232)
5, (263, 133, 132, 123, 65, 64, 136, 235)
5, (229, 131, 138, 126, 66, 60, 118, 181)
5, (190, 121, 135, 135, 80, 71, 141, 245)
5, (183, 125, 110, 124, 84, 77, 144, 279)
5, (199, 168, 96, 109, 91, 79, 146, 283)
5, (223, 178, 87, 123, 95, 77, 141, 275)
5, (218, 180, 86, 142, 102, 83, 146, 260)
5, (203, 180, 93, 154, 97, 80, 138, 201)
5, (221, 176, 105, 145, 87, 73, 132, 268)
5, (239, 192, 110, 142, 76, 68, 129, 268)
5, (210, 191, 108, 132, 75, 68, 125, 271)
5, (229, 194, 114, 107, 66, 66, 130, 268)
5, (229, 210, 125, 86, 57, 48, 101, 296)
5, (263, 207, 113, 88, 59, 49, 109, 274)
5, (238, 194, 111, 89, 61, 51, 109, 277)
5, (247, 186, 111, 98, 57, 48, 115, 274)
5, (213, 183, 102, 99, 58, 41, 103, 268)
5, (213, 180, 85, 104, 60, 42, 90, 344)
5, (157, 200, 101, 109, 62, 45, 93, 288)
5, (149, 233, 94, 114, 64, 45, 95, 287)
5, (159, 243, 101, 119, 68, 45, 87, 292)
5, (213, 251, 107, 127, 75, 46, 98, 327)
5, (262, 255, 112, 123, 73, 54, 133, 254)
5, (259, 247, 100, 133, 75, 53, 122, 265)
5, (265, 250, 100, 131, 74, 51, 126, 269)
5, (270, 241, 91, 135, 76, 54, 134, 277)
5, (254, 250, 97, 131, 80, 67, 140, 364)
5, (221, 255, 104, 129, 87, 62, 116, 331)
5, (233, 260, 130, 157, 105, 66, 136, 327)
5, (239, 247, 140, 156, 110, 72, 137, 326)
5, (229, 251, 148, 138, 106, 71, 130, 375)
5, (235, 261, 160, 140, 97, 63, 123, 244)
5, (239, 244, 152, 149, 94, 61, 118, 254)
5, (222, 262, 132, 102, 75, 64, 103, 257)
5, (276, 305, 122, 106, 74, 76, 125, 276)
5, (271, 303, 113, 113, 80, 81, 147, 274)
5, (279, 289, 80, 133, 83, 78, 141, 279)
5, (264, 292, 85, 125, 80, 78, 137, 281)
5, (290, 323, 91, 129, 81, 73, 133, 313)
5, (242, 245, 106, 128, 76, 60, 111, 338)
5, (260, 252, 135, 134, 73, 50, 77, 275)
5, (277, 242, 135, 113, 95, 49, 84, 278)
5, (289, 261, 130, 102, 94, 48, 92, 272)
5, (266, 204, 131, 108, 95, 48, 104, 297)
5, (273, 199, 126, 111, 94, 42, 98, 267)
5, (277, 189, 95, 98, 97, 51, 118, 269)
5, (249, 189, 111, 98, 80, 60, 131, 268)
5, (259, 207, 140, 107, 82, 60, 133, 337)
5, (267, 202, 132, 99, 82, 58, 121, 300)
5, (266, 209, 128, 88, 79, 57, 139, 283)
5, (260, 208, 142, 114, 75, 56, 136, 275)
5, (253, 208, 130, 108, 70, 55, 125, 276)
5, (244, 195, 111, 106, 69, 58, 133, 266)
5, (274, 185, 127, 120, 65, 61, 149, 262)
5, (269, 179, 133, 125, 71, 63, 131, 256)
5, (248, 186, 125, 117, 71, 63, 129, 261)
5, (248, 198, 130, 118, 69, 61, 130, 299)
5, (248, 232, 124, 124, 72, 57, 121, 305)
5, (227, 236, 111, 133, 74, 54, 102, 285)
5, (218, 245, 103, 130, 81, 51, 105, 292)
5, (231, 237, 91, 116, 77, 59, 109, 292)
