0, (192, 423, 158, 125, 89, 57, 108, 106)
0, (197, 393, 153, 130, 73, 49, 108, 122)
0, (176, 397, 154, 132, 66, 46, 103, 100)
0, (174, 425, 150, 157, 73, 45, 92, 98)
0, (208, 466, 160, 153, 81, 37, 82, 99)
0, (229, 364, 173, 152, 77, 36, 79, 120)
0, (225, 347, 190, 186, 74, 37, 88, 109)
0, (250, 429, 187, 178, 74, 40, 91, 116)
0, (237, 410, 194, 154, 71, 37, 84, 119)
0, (257, 378, 184, 154, 65, 46, 87, 134)
0, (241, 390, 172, 154, 66, 49, 95, 120)
0, (236, 390, 151, 112, 68, 49, 90, 120)
0, (239, 408, 154, 116, 76, 57, 104, 111)
0, (299, 403, 139, 125, 78, 59, 110, 128)
0, (265, 404, 143, 151, 75, 55, 109, 108)
0, (273, 405, 185, 166, 85, 56, 110, 103)
0, (299, 420, 201, 166, 87, 65, 121, 106)
0, (308, 326, 191, 172, 79, 56, 109, 105)
0, (239, 333, 212, 196, 87, 54, 104, 104)
0, (243, 420, 230, 183, 89, 58, 109, 107)
0, (236, 403, 203, 179, 91, 66, 117, 114)
0, (234, 385, 185, 186, 96, 57, 104, 102)
0, (213, 384, 215, 250, 105, 63, 105, 110)
0, (218, 385, 204, 239, 97, 67, 104, 110)
0, (203, 393, 190, 241, 103, 64, 91, 108)
0, (190, 420, 236, 242, 93, 53, 70, 100)
0, (218, 424, 241, 248, 87, 54, 74, 98)
0, (215, 432, 237, 220, 94, 55, 66, 112)
0, (213, 466, 271, 260, 109, 70, 124, 97)
0, (221, 387, 281, 258, 106, 86, 139, 97)
0, (224, 362, 245, 266, 113, 87, 140, 97)
0, (157, 366, 239, 261, 114, 87, 137, 98)
0, (154, 357, 252, 259, 101, 83, 139, 88)
0, (163, 309, 218, 208, 85, 78, 120, 84)
0, (154, 292, 214, 207, 78, 60, 102, 86)
0, (149, 280, 219, 191, 72, 58, 100, 83)
0, (165, 370, 215, 176, 79, 57, 99, 84)
0, (142, 389, 180, 151, 80, 57, 94, 62)
0, (187, 388, 170, 148, 76, 43, 58, 93)
0, (210, 379, 145, 138, 83, 41, 52, 100)
0, (213, 497, 123, 129, 83, 44, 65, 100)
0, (205, 434, 128, 120, 82, 52, 112, 99)
1, (202, 412, 127, 80, 83, 51, 115, 102)
1, (159, 399, 121, 77, 89, 53, 116, 72)
1, (133, 442, 123, 80, 85, 51, 116, 55)
1, (134, 418, 120, 77, 85, 60, 119, 64)
1, (138, 426, 114, 82, 76, 53, 80, 61)
1, (141, 435, 103, 79, 73, 54, 76, 57)
1, (128, 447, 101, 72, 72, 52, 72, 51)
1, (156, 427, 119, 75, 70, 55, 74, 58)
1, (194, 328, 122, 67, 63, 44, 57, 47)
1, (203, 323, 122, 67, 69, 46, 55, 49)
1, (215, 305, 123, 65, 65, 51, 59, 51)
1, (220, 342, 125, 69, 63, 56, 64, 53)
1, (209, 356, 113, 85, 72, 53, 63, 47)
1, (192, 368, 107, 97, 86, 53, 66, 49)
1, (200, 351, 119, 96, 85, 51, 66, 53)
1, (192, 393, 120, 98, 90, 49, 71, 58)
1, (188, 342, 121, 102, 89, 45, 73, 56)
1, (197, 355, 129, 89, 84, 44, 72, 60)
1, (208, 353, 130, 80, 73, 45, 76, 66)
1, (216, 366, 117, 109, 89, 52, 91, 68)
1, (215, 362, 120, 111, 87, 54, 90, 65)
1, (222, 427, 115, 109, 98, 54, 88, 69)
1, (230, 394, 99, 103, 102, 61, 97, 74)
1, (219, 409, 94, 108, 102, 62, 117, 70)
1, (199, 405, 99, 92, 87, 56, 107, 66)
1, (201, 441, 84, 88, 85, 52, 103, 65)
1, (209, 394, 98, 88, 76, 54, 106, 62)
1, (183, 390, 98, 90, 77, 49, 114, 50)
1, (168, 369, 101, 86, 84, 53, 97, 55)
1, (181, 389, 95, 66, 80, 54, 96, 52)
1, (195, 332, 107, 73, 78, 58, 111, 53)
1, (207, 312, 91, 80, 72, 55, 108, 52)
1, (204, 323, 92, 74, 71, 59, 104, 53)
1, (206, 329, 96, 70, 68, 58, 102, 44)
1, (222, 314, 105, 81, 78, 58, 105, 45)
1, (221, 382, 98, 78, 86, 59, 96, 46)
1, (197, 434, 99, 71, 91, 57, 94, 45)
1, (214, 418, 100, 73, 87, 50, 81, 47)
1, (213, 409, 99, 75, 79, 49, 86, 48)
1, (192, 396, 84, 65, 78, 50, 81, 47)
1, (179, 348, 87, 61, 76, 47, 82, 51)
1, (196, 303, 94, 75, 74, 53, 111, 53)
1, (208, 314, 104, 82, 74, 54, 109, 61)
1, (262, 372, 112, 107, 81, 65, 134, 66)
1, (248, 402, 116, 108, 76, 66, 143, 72)
1, (254, 369, 125, 135, 77, 66, 178, 81)
1, (254, 377, 125, 168, 82, 78, 245, 97)
1, (291, 428, 119, 177, 83, 80, 252, 93)
1, (238, 423, 121, 207, 82, 68, 251, 88)
1, (237, 401, 120, 211, 97, 65, 248, 95)
1, (242, 426, 113, 196, 95, 62, 227, 106)
1, (269, 453, 122, 167, 97, 44, 133, 103)
1, (200, 424, 134, 155, 102, 40, 120, 105)
2, (228, 379, 146, 178, 113, 43, 87, 108)
2, (271, 437, 150, 177, 99, 51, 98, 104)
2, (282, 441, 148, 189, 102, 54, 115, 110)
2, (261, 406, 147, 191, 94, 52, 115, 104)
2, (273, 380, 136, 205, 88, 52, 115, 102)
2, (261, 375, 145, 154, 70, 54, 116, 101)
2, (242, 303, 153, 154, 78, 49, 104, 100)
2, (219, 265, 150, 141, 77, 57, 85, 102)
2, (199, 257, 147, 168, 80, 59, 93, 109)
2, (210, 267, 160, 166, 82, 65, 100, 109)
2, (228, 348, 129, 150, 79, 62, 100, 107)
2, (220, 368, 115, 147, 84, 64, 101, 106)
2, (229, 389, 121, 155, 79, 53, 107, 86)
2, (288, 448, 122, 116, 76, 56, 115, 80)
2, (301, 440, 103, 101, 74, 49, 103, 83)
2, (309, 392, 147, 98, 77, 50, 104, 85)
2, (305, 426, 154, 121, 102, 59, 116, 87)
2, (330, 418, 160, 111, 110, 68, 113, 97)
2, (278, 390, 157, 114, 111, 64, 102, 93)
2, (245, 450, 166, 112, 114, 68, 114, 91)
2, (290, 540, 153, 110, 111, 69, 114, 95)
2, (295, 513, 150, 81, 77, 59, 100, 99)
2, (256, 547, 142, 76, 61, 48, 94, 103)
2, (266, 601, 137, 76, 61, 48, 93, 105)
2, (341, 570, 144, 130, 50, 52, 99, 107)
2, (313, 497, 129, 149, 54, 53, 107, 105)
2, (340, 508, 140, 153, 70, 54, 109, 127)
2, (345, 480, 143, 152, 89, 55, 99, 111)
2, (363, 375, 156, 156, 101, 58, 95, 111)
2, (278, 483, 232, 192, 116, 61, 79, 116)
2, (316, 358, 143, 121, 106, 55, 90, 117)
2, (239, 399, 226, 213, 118, 71, 109, 105)
2, (304, 344, 144, 136, 107, 53, 77, 136)
2, (226, 394, 168, 218, 113, 73, 111, 83)
2, (268, 372, 128, 136, 96, 51, 79, 121)
2, (222, 353, 137, 213, 90, 68, 110, 80)
2, (273, 349, 140, 150, 82, 54, 79, 120)
2, (222, 315, 139, 209, 86, 66, 111, 84)
2, (266, 355, 131, 153, 74, 52, 78, 119)
2, (204, 286, 116, 184, 85, 66, 114, 84)
2, (287, 392, 124, 148, 69, 45, 57, 111)
2, (214, 321, 121, 165, 79, 55, 83, 105)
2, (273, 390, 123, 133, 68, 56, 93, 110)
2, (216, 356, 132, 158, 91, 55, 83, 94)
2, (309, 331, 146, 138, 72, 67, 107, 139)
2, (220, 326, 132, 143, 95, 55, 85, 98)
2, (310, 331, 141, 123, 72, 69, 109, 138)
2, (254, 360, 139, 163, 108, 60, 82, 104)
2, (293, 339, 141, 140, 75, 72, 110, 139)
2, (258, 390, 143, 175, 111, 59, 80, 128)
2, (254, 370, 156, 149, 74, 72, 111, 147)
2, (230, 424, 138, 170, 115, 62, 80, 108)
2, (270, 383, 148, 134, 77, 67, 88, 159)
2, (272, 410, 150, 248, 111, 58, 68, 111)
2, (236, 429, 131, 124, 79, 63, 95, 133)
2, (280, 443, 153, 251, 99, 59, 70, 114)
2, (240, 455, 129, 146, 78, 62, 96, 137)
2, (258, 455, 140, 232, 87, 59, 98, 117)
2, (284, 450, 144, 226, 84, 56, 96, 136)
2, (275, 442, 134, 223, 89, 63, 101, 127)
3, (182, 324, 167, 147, 86, 48, 77, 116)
3, (207, 341, 158, 170, 85, 50, 74, 129)
3, (229, 294, 150, 164, 79, 46, 90, 147)
3, (243, 289, 140, 187, 90, 46, 81, 146)
3, (249, 295, 168, 220, 100, 46, 81, 134)
3, (270, 270, 164, 220, 96, 55, 98, 142)
3, (253, 264, 158, 221, 95, 52, 97, 147)
3, (257, 249, 160, 233, 95, 56, 87, 114)
3, (243, 284, 176, 232, 94, 55, 87, 114)
3, (297, 288, 139, 214, 90, 58, 90, 127)
3, (294, 360, 144, 209, 101, 58, 72, 130)
3, (297, 374, 157, 215, 100, 60, 72, 103)
3, (316, 363, 154, 214, 102, 57, 67, 103)
3, (315, 363, 139, 196, 96, 57, 69, 110)
3, (245, 387, 133, 177, 87, 52, 69, 116)
3, (225, 371, 153, 173, 82, 48, 73, 103)
3, (245, 347, 152, 152, 77, 55, 76, 102)
3, (193, 378, 149, 139, 76, 55, 85, 125)
3, (239, 404, 206, 188, 82, 62, 101, 119)
3, (262, 396, 221, 181, 78, 65, 116, 95)
3, (303, 367, 213, 204, 78, 65, 112, 105)
3, (307, 380, 209, 224, 92, 62, 116, 117)
3, (312, 375, 218, 224, 89, 59, 113, 93)
3, (296, 447, 164, 193, 114, 69, 113, 96)
3, (303, 459, 145, 195, 112, 86, 161, 112)
3, (306, 481, 138, 166, 106, 83, 158, 107)
3, (300, 495, 147, 184, 102, 82, 153, 104)
3, (308, 507, 153, 188, 119, 88, 150, 102)
3, (285, 477, 163, 199, 89, 77, 143, 106)
3, (302, 486, 162, 192, 90, 55, 59, 102)
3, (267, 458, 169, 206, 97, 55, 57, 108)
3, (262, 459, 167, 164, 93, 53, 57, 101)
3, (251, 514, 166, 188, 83, 44, 55, 104)
3, (281, 472, 158, 170, 91, 45, 55, 106)
3, (234, 436, 166, 165, 90, 44, 58, 96)
3, (262, 446, 181, 191, 85, 40, 64, 93)
3, (321, 490, 176, 213, 86, 42, 61, 98)
3, (313, 396, 169, 188, 72, 41, 65, 97)
3, (294, 359, 173, 188, 59, 39, 66, 93)
3, (338, 442, 175, 193, 65, 46, 77, 107)
3, (326, 437, 207, 163, 79, 48, 82, 127)
3, (266, 421, 225, 162, 110, 55, 83, 118)
3, (272, 457, 223, 173, 116, 61, 84, 116)
4, (275, 463, 167, 121, 89, 47, 59, 117)
4, (269, 369, 165, 119, 81, 44, 63, 120)
4, (298, 406, 177, 123, 108, 47, 66, 129)
4, (273, 405, 169, 123, 123, 60, 76, 126)
4, (261, 446, 180, 143, 115, 60, 76, 108)
4, (253, 393, 190, 132, 115, 59, 70, 105)
4, (290, 361, 192, 124, 121, 60, 66, 107)
4, (249, 340, 187, 114, 102, 56, 79, 106)
4, (265, 357, 195, 121, 80, 47, 83, 93)
4, (260, 315, 186, 111, 84, 54, 82, 95)
4, (308, 307, 172, 124, 103, 51, 82, 102)
4, (286, 358, 170, 132, 98, 49, 90, 124)
4, (292, 336, 151, 137, 99, 51, 77, 109)
4, (308, 365, 174, 149, 104, 47, 59, 115)
4, (352, 399, 190, 149, 113, 62, 92, 123)
4, (303, 432, 183, 142, 89, 63, 102, 128)
4, (296, 392, 185, 142, 91, 64, 94, 109)
4, (288, 386, 204, 170, 90, 62, 94, 107)
4, (268, 378, 174, 159, 92, 62, 98, 102)
4, (208, 364, 160, 157, 80, 42, 69, 130)
4, (233, 334, 175, 156, 87, 41, 55, 123)
4, (256, 310, 166, 159, 84, 49, 69, 117)
4, (246, 312, 162, 119, 87, 49, 77, 125)
4, (240, 337, 167, 123, 89, 53, 73, 136)
4, (254, 314, 167, 117, 84, 53, 79, 103)
4, (225, 307, 170, 139, 85, 54, 80, 116)
5, (217, 352, 190, 141, 110, 72, 114, 79)
5, (229, 343, 202, 145, 88, 65, 112, 85)
5, (215, 370, 185, 120, 66, 41, 68, 82)
5, (223, 392, 192, 120, 72, 44, 82, 91)
5, (236, 392, 196, 143, 74, 46, 89, 95)
5, (247, 377, 197, 156, 76, 45, 93, 97)
5, (236, 393, 211, 174, 100, 46, 92, 106)
5, (249, 370, 196, 174, 126, 57, 90, 100)
5, (328, 410, 183, 174, 121, 58, 84, 99)
5, (318, 387, 188, 159, 119, 60, 87, 97)
5, (306, 450, 205, 172, 118, 61, 90, 102)
5, (300, 432, 181, 160, 122, 66, 93, 135)
5, (288, 458, 210, 184, 99, 62, 92, 134)
5, (191, 376, 202, 181, 98, 58, 95, 133)
5, (195, 352, 216, 191, 105, 56, 92, 130)
5, (179, 280, 198, 165, 125, 56, 104, 127)
5, (194, 313, 201, 162, 107, 51, 97, 101)
5, (197, 287, 177, 141, 102, 41, 95, 101)
5, (227, 313, 180, 135, 112, 45, 99, 99)
5, (260, 329, 151, 147, 113, 48, 108, 112)
5, (262, 351, 198, 155, 90, 51, 97, 132)
5, (256, 350, 206, 158, 93, 54, 95, 109)
5, (249, 341, 217, 157, 92, 58, 99, 110)
5, (212, 321, 239, 158, 82, 56, 92, 120)
5, (213, 297, 256, 145, 69, 52, 70, 141)
5, (224, 290, 236, 142, 75, 53, 87, 118)
5, (223, 307, 223, 129, 80, 48, 89, 120)
5, (235, 304, 237, 126, 79, 56, 95, 133)
5, (242, 339, 213, 129, 78, 55, 92, 123)
5, (198, 384, 193, 125, 88, 55, 103, 86)
5, (251, 399, 177, 117, 85, 53, 81, 103)
5, (245, 368, 185, 124, 83, 53, 80, 105)
5, (228, 406, 179, 157, 95, 57, 83, 117)
5, (232, 397, 201, 165, 99, 59, 100, 122)
5, (229, 398, 205, 189, 98, 59, 97, 128)
5, (186, 356, 202, 193, 95, 61, 98, 123)
5, (202, 361, 203, 195, 94, 60, 99, 126)
5, (204, 317, 186, 184, 91, 50, 96, 104)
5, (203, 349, 156, 170, 90, 55, 101, 119)
5, (216, 309, 147, 137, 84, 53, 101, 132)
5, (183, 314, 153, 132, 84, 52, 100, 126)
5, (164, 333, 156, 131, 87, 55, 99, 119)
5, (175, 426, 197, 125, 78, 49, 95, 115)
5, (200, 416, 204, 144, 73, 43, 84, 115)
5, (252, 421, 225, 154, 68, 42, 77, 97)
5, (260, 446, 279, 196, 69, 38, 76, 94)
5, (285, 487, 271, 192, 59, 34, 78, 97)
5, (278, 401, 237, 186, 60, 37, 80, 102)
5, (299, 365, 236, 184, 64, 43, 69, 87)
5, (249, 354, 217, 183, 77, 49, 68, 83)
5, (259, 467, 152, 142, 83, 55, 71, 85)
5, (251, 410, 158, 144, 82, 58, 66, 95)
5, (276, 415, 173, 135, 83, 57, 61, 109)
5, (245, 410, 165, 119, 92, 50, 56, 117)
