0, (170, 110, 152, 104, 114, 87, 155, 107)
0, (158, 101, 145, 107, 117, 88, 162, 117)
0, (161, 103, 135, 112, 119, 90, 159, 108)
0, (149, 91, 120, 105, 130, 68, 102, 89)
0, (163, 91, 134, 106, 118, 70, 104, 89)
0, (169, 114, 141, 111, 117, 61, 93, 83)
0, (185, 124, 142, 110, 121, 58, 87, 91)
0, (189, 118, 153, 132, 146, 59, 100, 94)
0, (189, 118, 158, 136, 132, 79, 121, 93)
0, (224, 127, 140, 138, 133, 75, 112, 96)
0, (224, 110, 136, 148, 128, 77, 113, 94)
0, (212, 100, 143, 148, 127, 80, 122, 95)
0, (198, 104, 134, 142, 102, 79, 117, 97)
0, (192, 103, 128, 131, 108, 61, 98, 100)
0, (136, 104, 123, 136, 137, 58, 99, 101)
0, (149, 103, 130, 120, 141, 55, 111, 132)
0, (138, 105, 135, 126, 140, 65, 112, 118)
0, (164, 104, 152, 125, 165, 92, 116, 113)
0, (183, 124, 156, 154, 168, 94, 118, 113)
0, (177, 113, 160, 160, 150, 98, 127, 108)
0, (159, 107, 165, 169, 156, 96, 115, 80)
0, (165, 110, 167, 188, 172, 91, 110, 83)
0, (223, 136, 149, 181, 147, 70, 121, 90)
0, (210, 116, 149, 161, 137, 64, 118, 84)
0, (215, 124, 145, 148, 129, 56, 111, 107)
0, (229, 123, 147, 141, 134, 62, 117, 100)
0, (229, 118, 152, 119, 105, 58, 107, 96)
0, (169, 92, 150, 116, 100, 56, 102, 89)
0, (203, 93, 144, 114, 109, 59, 108, 92)
0, (202, 82, 141, 116, 113, 58, 108, 83)
0, (190, 74, 143, 141, 103, 59, 101, 82)
0, (183, 93, 130, 132, 105, 57, 98, 77)
0, (156, 84, 129, 130, 124, 52, 75, 75)
0, (115, 83, 128, 137, 121, 49, 60, 72)
0, (96, 96, 127, 137, 121, 47, 62, 48)
0, (89, 122, 100, 104, 114, 40, 54, 42)
0, (93, 115, 84, 102, 122, 49, 54, 42)
0, (103, 128, 91, 101, 112, 44, 49, 40)
0, (100, 134, 90, 96, 106, 46, 51, 42)
0, (97, 127, 78, 89, 97, 47, 37, 41)
0, (109, 115, 71, 82, 123, 45, 41, 46)
0, (114, 114, 67, 81, 115, 34, 44, 49)
0, (137, 119, 61, 86, 111, 48, 59, 51)
0, (159, 122, 51, 79, 114, 50, 62, 51)
0, (204, 119, 49, 93, 136, 53, 64, 58)
0, (206, 131, 57, 100, 130, 66, 76, 63)
0, (228, 140, 55, 97, 130, 75, 88, 62)
0, (224, 131, 52, 95, 126, 66, 78, 59)
0, (217, 137, 56, 96, 127, 63, 76, 60)
0, (217, 155, 57, 90, 114, 62, 75, 59)
0, (270, 142, 47, 88, 99, 51, 64, 57)
0, (290, 135, 50, 101, 106, 47, 51, 60)
0, (290, 134, 52, 108, 115, 50, 50, 63)
0, (296, 128, 48, 109, 113, 54, 51, 64)
0, (281, 114, 53, 102, 114, 62, 55, 61)
0, (241, 117, 57, 108, 122, 65, 56, 60)
0, (201, 113, 55, 108, 113, 62, 54, 57)
0, (218, 114, 57, 104, 105, 61, 60, 54)
0, (218, 119, 55, 105, 103, 57, 62, 53)
0, (223, 119, 52, 105, 115, 47, 62, 51)
0, (230, 112, 51, 96, 108, 50, 74, 48)
0, (294, 132, 51, 84, 117, 50, 80, 52)
0, (293, 132, 52, 74, 115, 52, 82, 52)
0, (292, 141, 53, 71, 114, 53, 79, 47)
0, (288, 140, 51, 62, 103, 58, 77, 45)
0, (290, 136, 49, 61, 99, 58, 81, 43)
0, (238, 124, 50, 74, 102, 67, 79, 35)
0, (236, 123, 46, 95, 108, 65, 73, 36)
0, (219, 98, 46, 93, 114, 65, 76, 36)
0, (233, 100, 47, 96, 122, 68, 85, 38)
1, (246, 104, 53, 104, 124, 65, 74, 38)
1, (251, 107, 50, 95, 115, 55, 70, 41)
1, (247, 114, 52, 76, 111, 59, 78, 42)
1, (256, 122, 66, 76, 132, 60, 76, 44)
1, (244, 118, 65, 81, 122, 58, 66, 46)
1, (218, 120, 62, 75, 113, 56, 72, 49)
1, (198, 111, 64, 75, 116, 65, 102, 48)
1, (195, 109, 63, 73, 131, 69, 102, 50)
1, (216, 112, 46, 70, 121, 76, 112, 73)
1, (240, 115, 61, 99, 113, 75, 115, 76)
1, (229, 118, 69, 99, 112, 74, 117, 74)
1, (232, 122, 77, 103, 117, 73, 111, 78)
1, (232, 126, 84, 118, 127, 78, 118, 83)
1, (254, 113, 94, 132, 123, 72, 111, 71)
1, (244, 108, 91, 115, 123, 70, 107, 73)
1, (255, 100, 89, 119, 125, 68, 99, 74)
1, (266, 101, 98, 130, 139, 76, 89, 92)
1, (301, 103, 106, 160, 135, 77, 83, 94)
1, (268, 108, 101, 169, 135, 81, 83, 95)
1, (256, 117, 97, 178, 133, 83, 97, 92)
1, (260, 135, 100, 178, 138, 86, 103, 103)
1, (292, 130, 90, 185, 142, 77, 97, 94)
1, (279, 125, 83, 178, 141, 64, 104, 90)
1, (288, 149, 93, 175, 137, 63, 108, 92)
2, (290, 140, 95, 161, 137, 60, 106, 93)
2, (297, 124, 97, 171, 142, 65, 110, 101)
2, (275, 160, 112, 173, 141, 68, 118, 94)
2, (245, 165, 116, 162, 123, 71, 107, 93)
2, (247, 156, 110, 154, 117, 69, 102, 86)
2, (250, 167, 112, 155, 121, 77, 133, 83)
2, (239, 174, 106, 146, 115, 79, 134, 68)
2, (218, 140, 93, 129, 98, 82, 137, 71)
2, (240, 143, 82, 111, 110, 78, 136, 72)
2, (222, 133, 81, 114, 113, 79, 144, 74)
2, (236, 128, 78, 113, 120, 78, 109, 84)
2, (254, 126, 84, 115, 132, 71, 100, 76)
2, (258, 128, 77, 116, 126, 64, 87, 73)
2, (254, 107, 76, 120, 116, 66, 92, 74)
2, (291, 123, 76, 120, 110, 64, 81, 89)
2, (272, 120, 86, 125, 108, 58, 77, 78)
2, (269, 119, 78, 133, 91, 56, 75, 79)
2, (284, 126, 85, 134, 82, 55, 79, 76)
2, (297, 152, 94, 138, 93, 65, 80, 89)
2, (258, 135, 106, 129, 103, 62, 77, 80)
2, (270, 151, 103, 144, 95, 62, 76, 78)
2, (320, 174, 109, 139, 88, 60, 79, 82)
2, (310, 175, 113, 150, 95, 60, 94, 96)
2, (291, 170, 111, 155, 129, 59, 106, 82)
2, (320, 201, 103, 161, 139, 65, 116, 77)
2, (317, 191, 98, 156, 147, 68, 116, 79)
2, (313, 141, 162, 154, 122, 68, 108, 101)
2, (243, 168, 95, 154, 149, 77, 136, 86)
2, (328, 138, 131, 142, 130, 71, 101, 87)
2, (237, 166, 93, 135, 149, 76, 124, 88)
2, (333, 139, 123, 105, 125, 69, 106, 89)
2, (243, 160, 86, 120, 119, 68, 113, 87)
2, (309, 121, 95, 92, 117, 65, 106, 97)
2, (227, 120, 86, 121, 113, 66, 105, 87)
2, (324, 124, 88, 91, 110, 56, 90, 105)
2, (221, 128, 116, 137, 113, 71, 117, 98)
2, (313, 150, 95, 109, 114, 59, 85, 84)
2, (249, 156, 121, 130, 113, 60, 99, 96)
2, (314, 146, 102, 133, 101, 62, 107, 83)
2, (270, 154, 117, 129, 118, 61, 101, 88)
2, (368, 145, 108, 135, 103, 60, 100, 83)
2, (268, 157, 127, 152, 127, 69, 99, 94)
2, (350, 146, 115, 151, 104, 67, 100, 78)
2, (261, 161, 125, 149, 114, 67, 101, 117)
2, (314, 149, 114, 155, 107, 72, 104, 68)
2, (258, 165, 97, 120, 108, 61, 95, 108)
2, (333, 124, 126, 145, 101, 80, 127, 73)
2, (238, 141, 96, 131, 110, 62, 90, 99)
2, (320, 129, 118, 125, 105, 76, 115, 73)
2, (249, 142, 117, 137, 106, 73, 114, 96)
2, (243, 138, 107, 112, 91, 75, 122, 99)
2, (247, 141, 113, 121, 97, 79, 120, 71)
3, (218, 131, 195, 120, 96, 49, 102, 90)
3, (228, 134, 205, 129, 93, 60, 115, 108)
3, (233, 150, 206, 122, 84, 64, 114, 100)
3, (245, 148, 185, 131, 116, 69, 103, 86)
3, (255, 117, 172, 123, 121, 71, 104, 93)
3, (244, 126, 144, 128, 127, 75, 109, 123)
3, (233, 129, 164, 148, 140, 76, 105, 106)
3, (274, 147, 175, 157, 142, 80, 109, 106)
3, (278, 163, 177, 146, 107, 78, 117, 107)
3, (254, 161, 159, 145, 107, 74, 116, 107)
3, (238, 151, 160, 154, 138, 69, 108, 97)
3, (260, 155, 126, 132, 135, 53, 97, 101)
3, (214, 134, 105, 123, 131, 47, 107, 101)
3, (196, 112, 107, 131, 141, 55, 105, 118)
3, (269, 172, 118, 142, 170, 87, 116, 119)
3, (308, 200, 110, 115, 141, 93, 123, 104)
3, (326, 196, 113, 113, 137, 94, 120, 112)
3, (328, 192, 113, 126, 143, 98, 104, 114)
3, (363, 203, 108, 118, 161, 97, 119, 100)
3, (324, 165, 109, 125, 126, 74, 109, 96)
3, (306, 137, 123, 130, 128, 75, 116, 92)
3, (281, 134, 142, 137, 137, 88, 132, 85)
3, (301, 150, 155, 139, 149, 88, 134, 88)
3, (261, 138, 173, 147, 124, 87, 113, 81)
3, (268, 144, 167, 139, 135, 82, 108, 79)
3, (264, 147, 166, 143, 131, 77, 98, 96)
3, (263, 160, 196, 156, 121, 64, 83, 115)
3, (236, 152, 203, 146, 99, 55, 73, 110)
3, (241, 153, 216, 156, 102, 53, 75, 110)
3, (259, 154, 213, 151, 110, 58, 110, 131)
3, (249, 151, 212, 146, 122, 59, 110, 117)
3, (236, 147, 174, 123, 116, 60, 107, 89)
3, (254, 146, 154, 136, 118, 62, 114, 90)
3, (270, 144, 139, 123, 119, 64, 129, 98)
3, (243, 139, 149, 129, 130, 63, 110, 69)
3, (270, 143, 160, 135, 129, 60, 109, 76)
3, (276, 142, 180, 157, 136, 65, 107, 86)
3, (269, 145, 185, 162, 143, 63, 105, 108)
3, (254, 151, 164, 191, 154, 57, 85, 102)
3, (273, 150, 155, 187, 133, 56, 83, 100)
3, (258, 144, 141, 185, 124, 72, 103, 104)
3, (290, 155, 140, 191, 125, 73, 117, 97)
3, (302, 139, 150, 180, 122, 73, 116, 69)
3, (302, 128, 173, 163, 123, 76, 114, 65)
3, (272, 123, 170, 160, 120, 77, 116, 66)
3, (261, 120, 166, 153, 125, 76, 126, 55)
3, (256, 111, 184, 152, 129, 69, 117, 79)
3, (228, 123, 199, 160, 126, 69, 119, 92)
3, (231, 127, 185, 169, 117, 69, 122, 94)
3, (300, 148, 199, 176, 126, 70, 115, 93)
3, (323, 150, 201, 176, 129, 65, 102, 98)
4, (232, 131, 121, 92, 105, 77, 149, 84)
4, (226, 125, 131, 91, 124, 66, 130, 81)
4, (264, 129, 125, 106, 182, 71, 158, 95)
4, (273, 147, 156, 133, 196, 66, 148, 97)
4, (282, 146, 169, 127, 186, 62, 130, 79)
4, (249, 143, 180, 128, 194, 75, 137, 81)
4, (247, 144, 177, 131, 195, 75, 134, 84)
4, (207, 145, 184, 133, 147, 68, 105, 91)
4, (160, 120, 191, 111, 120, 64, 103, 89)
4, (143, 116, 165, 112, 121, 65, 111, 95)
4, (168, 120, 152, 120, 114, 51, 129, 126)
4, (215, 119, 163, 118, 127, 50, 130, 125)
4, (233, 112, 157, 97, 121, 56, 133, 109)
4, (243, 124, 163, 92, 129, 60, 129, 114)
4, (260, 142, 182, 98, 154, 62, 134, 122)
4, (261, 170, 178, 89, 156, 68, 118, 99)
4, (252, 162, 170, 102, 146, 68, 115, 97)
4, (241, 159, 169, 116, 147, 65, 106, 99)
4, (236, 148, 145, 113, 144, 60, 113, 107)
4, (236, 139, 121, 131, 141, 67, 108, 98)
4, (229, 91, 120, 127, 132, 59, 96, 88)
4, (203, 93, 116, 126, 123, 57, 99, 102)
4, (191, 101, 148, 118, 126, 53, 112, 112)
4, (207, 139, 169, 127, 120, 55, 106, 94)
5, (189, 146, 196, 131, 114, 94, 132, 80)
5, (211, 154, 179, 144, 113, 94, 130, 58)
5, (212, 152, 185, 140, 129, 100, 154, 81)
5, (184, 141, 130, 152, 128, 67, 120, 79)
5, (174, 128, 146, 169, 131, 67, 119, 79)
5, (168, 134, 144, 175, 124, 70, 112, 82)
5, (148, 134, 143, 158, 122, 72, 109, 82)
5, (157, 130, 140, 152, 128, 59, 67, 76)
5, (146, 127, 130, 126, 129, 60, 64, 81)
5, (167, 137, 112, 116, 122, 66, 72, 83)
5, (181, 142, 117, 95, 117, 63, 81, 85)
5, (166, 139, 123, 93, 111, 63, 91, 90)
5, (163, 141, 104, 89, 84, 65, 95, 99)
5, (184, 157, 137, 103, 81, 63, 94, 94)
5, (181, 166, 145, 91, 93, 56, 93, 94)
5, (187, 163, 167, 94, 96, 68, 130, 101)
5, (182, 152, 165, 102, 99, 63, 122, 91)
5, (169, 153, 180, 108, 106, 62, 124, 67)
5, (161, 139, 164, 98, 128, 61, 122, 85)
5, (183, 110, 167, 107, 120, 68, 129, 93)
5, (164, 98, 147, 112, 120, 52, 91, 88)
5, (168, 99, 160, 134, 131, 59, 121, 93)
5, (179, 107, 147, 173, 155, 60, 118, 100)
5, (175, 97, 142, 167, 144, 66, 125, 91)
5, (143, 126, 130, 175, 141, 71, 129, 86)
5, (147, 136, 132, 174, 144, 73, 137, 86)
5, (163, 139, 161, 167, 142, 68, 116, 105)
5, (168, 134, 179, 144, 114, 67, 118, 106)
5, (171, 137, 184, 145, 95, 62, 117, 108)
5, (174, 123, 211, 126, 110, 57, 117, 129)
5, (195, 121, 219, 133, 129, 69, 111, 124)
5, (226, 120, 209, 136, 142, 79, 122, 107)
5, (211, 110, 195, 123, 140, 81, 124, 118)
5, (236, 110, 203, 121, 142, 81, 130, 112)
5, (227, 112, 193, 129, 141, 77, 133, 90)
5, (229, 105, 185, 126, 144, 70, 127, 96)
5, (204, 120, 159, 107, 121, 68, 131, 100)
5, (208, 128, 166, 99, 116, 66, 129, 79)
5, (179, 123, 144, 113, 129, 70, 122, 81)
5, (218, 126, 129, 117, 121, 68, 113, 96)
5, (208, 139, 123, 113, 91, 76, 140, 91)
5, (195, 130, 124, 112, 94, 71, 126, 85)
5, (226, 132, 108, 114, 104, 78, 139, 86)
5, (228, 136, 128, 103, 107, 75, 153, 102)
