0, (190, 386, 302, 207, 75, 137, 174, 157)
0, (190, 400, 301, 189, 85, 141, 176, 141)
0, (188, 349, 299, 176, 96, 144, 173, 137)
0, (242, 332, 277, 185, 83, 144, 174, 150)
0, (230, 326, 249, 170, 84, 120, 132, 108)
0, (220, 279, 166, 167, 85, 141, 133, 96)
0, (236, 238, 189, 222, 84, 137, 128, 107)
0, (241, 233, 190, 232, 79, 137, 136, 170)
0, (233, 281, 236, 209, 83, 134, 126, 229)
0, (215, 318, 251, 236, 88, 122, 100, 240)
0, (221, 359, 259, 255, 84, 111, 101, 247)
0, (206, 376, 249, 226, 82, 112, 106, 254)
0, (198, 401, 245, 214, 79, 109, 97, 221)
0, (145, 376, 233, 216, 72, 111, 89, 148)
0, (215, 383, 228, 181, 67, 104, 92, 131)
0, (211, 365, 218, 163, 73, 93, 96, 141)
0, (212, 407, 231, 155, 75, 97, 100, 129)
0, (216, 413, 259, 159, 71, 97, 105, 120)
0, (218, 441, 245, 173, 75, 108, 118, 124)
0, (162, 434, 236, 174, 79, 113, 121, 131)
0, (180, 413, 242, 190, 104, 93, 121, 112)
0, (177, 372, 217, 205, 104, 82, 113, 102)
0, (169, 379, 191, 223, 108, 80, 117, 98)
0, (181, 354, 179, 208, 110, 97, 113, 106)
0, (165, 338, 180, 210, 106, 90, 104, 109)
0, (159, 335, 169, 202, 82, 89, 89, 108)
0, (168, 330, 165, 202, 84, 94, 104, 107)
0, (176, 287, 169, 190, 97, 95, 108, 109)
0, (156, 264, 163, 189, 100, 74, 119, 99)
0, (152, 227, 166, 187, 100, 76, 119, 115)
0, (138, 296, 173, 174, 98, 77, 125, 109)
0, (130, 286, 175, 134, 88, 72, 127, 112)
0, (127, 280, 165, 119, 75, 72, 113, 112)
0, (119, 291, 172, 114, 69, 52, 96, 106)
0, (119, 305, 175, 106, 65, 47, 106, 58)
0, (115, 257, 159, 96, 72, 79, 115, 64)
0, (123, 308, 147, 118, 76, 107, 110, 83)
0, (123, 329, 152, 124, 68, 109, 117, 90)
0, (127, 365, 177, 123, 66, 109, 126, 94)
0, (130, 398, 177, 123, 69, 110, 124, 98)
0, (131, 364, 174, 124, 68, 107, 113, 94)
0, (123, 324, 170, 93, 66, 84, 101, 72)
0, (135, 304, 156, 81, 69, 79, 94, 61)
0, (138, 309, 124, 75, 70, 81, 81, 53)
0, (132, 283, 110, 71, 68, 81, 68, 46)
0, (129, 295, 114, 73, 65, 54, 65, 42)
0, (120, 313, 129, 67, 67, 48, 79, 42)
0, (109, 328, 133, 68, 74, 54, 81, 44)
0, (92, 328, 147, 72, 75, 50, 88, 43)
0, (106, 323, 160, 78, 74, 47, 89, 46)
0, (109, 340, 173, 70, 75, 49, 112, 46)
0, (123, 316, 173, 68, 77, 46, 101, 48)
0, (130, 326, 176, 61, 72, 41, 101, 56)
0, (131, 305, 160, 57, 73, 42, 88, 78)
0, (134, 279, 150, 70, 75, 45, 95, 82)
0, (150, 282, 135, 70, 70, 42, 78, 84)
0, (144, 284, 134, 72, 62, 43, 86, 83)
0, (132, 254, 134, 77, 64, 68, 88, 80)
0, (153, 228, 128, 83, 55, 69, 111, 58)
0, (143, 293, 151, 69, 57, 70, 107, 52)
0, (119, 300, 154, 71, 62, 70, 105, 49)
0, (146, 301, 141, 73, 65, 70, 101, 49)
0, (147, 353, 136, 75, 60, 47, 119, 42)
0, (131, 354, 151, 74, 76, 49, 111, 49)
0, (149, 384, 123, 72, 73, 45, 108, 49)
0, (152, 360, 114, 67, 71, 46, 108, 49)
1, (140, 376, 119, 69, 74, 46, 117, 49)
1, (140, 370, 129, 67, 73, 49, 104, 51)
1, (154, 380, 121, 65, 59, 46, 107, 49)
1, (140, 318, 132, 65, 63, 48, 110, 45)
1, (149, 318, 130, 71, 62, 45, 110, 45)
1, (138, 317, 139, 68, 57, 50, 106, 46)
1, (158, 274, 145, 62, 62, 49, 102, 45)
1, (150, 282, 151, 65, 74, 68, 108, 44)
1, (162, 289, 140, 67, 72, 71, 114, 60)
1, (154, 295, 139, 65, 78, 79, 112, 85)
1, (150, 320, 175, 70, 86, 103, 106, 90)
1, (121, 331, 179, 94, 88, 147, 138, 92)
1, (121, 370, 194, 121, 81, 142, 135, 92)
1, (100, 366, 197, 126, 88, 145, 135, 100)
1, (101, 358, 203, 131, 89, 161, 138, 108)
1, (125, 331, 165, 137, 88, 152, 148, 115)
2, (146, 381, 165, 147, 89, 127, 117, 118)
2, (152, 320, 152, 122, 85, 127, 104, 117)
2, (162, 301, 156, 129, 87, 122, 130, 124)
2, (169, 331, 166, 124, 83, 97, 136, 106)
2, (190, 343, 172, 125, 87, 85, 128, 102)
2, (188, 364, 160, 101, 91, 64, 129, 100)
2, (200, 390, 146, 102, 96, 92, 127, 102)
2, (198, 403, 145, 113, 94, 122, 104, 97)
2, (190, 410, 162, 124, 91, 125, 106, 100)
2, (161, 425, 169, 128, 88, 134, 106, 95)
2, (151, 392, 180, 128, 83, 138, 113, 138)
2, (228, 332, 235, 208, 97, 66, 68, 157)
2, (134, 367, 186, 155, 83, 151, 213, 145)
2, (241, 371, 255, 180, 93, 70, 70, 182)
2, (132, 357, 191, 179, 83, 140, 229, 145)
2, (244, 377, 253, 192, 91, 75, 71, 173)
2, (143, 367, 183, 183, 88, 141, 227, 144)
2, (211, 336, 187, 188, 84, 89, 65, 127)
2, (131, 364, 193, 199, 79, 137, 228, 145)
2, (221, 363, 216, 244, 97, 87, 77, 136)
2, (151, 356, 196, 272, 82, 146, 237, 128)
2, (216, 382, 195, 240, 95, 91, 88, 155)
2, (156, 388, 221, 275, 82, 115, 167, 128)
2, (198, 323, 167, 251, 96, 88, 112, 121)
2, (156, 435, 216, 250, 83, 105, 146, 119)
2, (182, 357, 187, 242, 92, 97, 112, 119)
2, (152, 413, 215, 255, 79, 111, 141, 128)
2, (194, 403, 226, 264, 102, 86, 123, 118)
2, (167, 433, 200, 243, 85, 109, 154, 137)
2, (187, 383, 248, 232, 89, 84, 124, 154)
2, (170, 460, 213, 156, 87, 89, 131, 122)
2, (187, 359, 253, 224, 81, 83, 120, 136)
2, (153, 438, 187, 148, 82, 108, 126, 115)
2, (173, 388, 281, 223, 94, 85, 98, 137)
2, (167, 393, 199, 186, 87, 105, 120, 126)
2, (215, 378, 301, 231, 113, 68, 100, 145)
2, (183, 393, 206, 173, 88, 94, 122, 122)
2, (235, 343, 282, 224, 108, 67, 93, 165)
2, (183, 422, 214, 182, 84, 90, 105, 115)
2, (220, 350, 239, 242, 124, 72, 88, 115)
2, (189, 383, 200, 204, 83, 122, 124, 112)
2, (216, 376, 251, 257, 132, 79, 90, 118)
2, (215, 371, 218, 230, 93, 105, 122, 160)
2, (220, 354, 223, 273, 124, 80, 108, 127)
2, (249, 439, 225, 209, 89, 104, 125, 154)
2, (196, 362, 183, 293, 107, 90, 129, 142)
2, (241, 435, 215, 227, 94, 104, 121, 147)
2, (154, 374, 201, 290, 108, 87, 125, 119)
2, (256, 367, 210, 225, 101, 122, 128, 141)
2, (153, 360, 246, 265, 89, 80, 123, 126)
2, (237, 357, 236, 219, 96, 89, 112, 144)
2, (147, 360, 261, 278, 87, 91, 127, 120)
2, (221, 378, 222, 235, 101, 84, 112, 107)
2, (154, 355, 254, 254, 86, 94, 139, 114)
2, (171, 333, 215, 232, 97, 85, 107, 103)
2, (158, 325, 252, 219, 88, 84, 126, 87)
2, (184, 353, 228, 222, 94, 88, 128, 102)
2, (164, 289, 241, 196, 81, 83, 126, 97)
2, (174, 387, 241, 242, 98, 63, 122, 120)
2, (173, 342, 209, 203, 89, 86, 129, 107)
2, (173, 386, 213, 234, 101, 71, 137, 115)
2, (180, 316, 177, 176, 89, 77, 128, 107)
2, (164, 367, 215, 235, 96, 82, 134, 104)
2, (197, 305, 186, 169, 85, 89, 101, 99)
2, (178, 347, 206, 241, 94, 82, 143, 100)
2, (214, 301, 208, 189, 84, 89, 90, 117)
2, (166, 349, 206, 248, 105, 80, 127, 135)
2, (210, 308, 193, 207, 85, 87, 91, 131)
2, (155, 326, 208, 238, 107, 83, 120, 121)
2, (214, 290, 188, 197, 70, 85, 88, 116)
2, (163, 347, 216, 242, 114, 92, 99, 123)
2, (224, 286, 187, 180, 60, 78, 91, 123)
2, (176, 359, 210, 189, 108, 119, 109, 114)
2, (236, 346, 194, 197, 64, 65, 86, 131)
2, (222, 371, 226, 192, 107, 123, 128, 137)
2, (208, 349, 166, 191, 64, 73, 89, 129)
2, (222, 349, 205, 191, 94, 119, 128, 101)
2, (215, 335, 175, 194, 63, 90, 86, 105)
2, (220, 327, 216, 180, 87, 120, 129, 106)
2, (214, 320, 177, 216, 73, 93, 117, 107)
2, (223, 337, 257, 193, 77, 110, 131, 100)
2, (203, 372, 166, 209, 75, 87, 117, 104)
2, (220, 343, 257, 193, 77, 72, 115, 102)
2, (208, 327, 169, 197, 77, 81, 120, 114)
2, (205, 333, 255, 201, 93, 90, 98, 115)
2, (203, 315, 171, 209, 85, 77, 120, 97)
2, (210, 344, 259, 245, 107, 100, 92, 121)
2, (186, 342, 181, 184, 86, 58, 123, 96)
2, (203, 355, 243, 238, 101, 97, 96, 116)
2, (191, 334, 173, 226, 96, 69, 94, 101)
2, (195, 308, 181, 241, 106, 95, 95, 117)
2, (228, 295, 195, 245, 105, 94, 103, 133)
3, (214, 393, 180, 223, 99, 89, 123, 166)
3, (197, 397, 170, 187, 107, 92, 113, 149)
3, (217, 368, 207, 229, 117, 97, 118, 150)
3, (193, 347, 215, 237, 109, 88, 111, 151)
3, (197, 419, 230, 229, 98, 84, 107, 172)
3, (207, 404, 239, 265, 110, 90, 116, 126)
3, (203, 394, 248, 274, 108, 92, 120, 134)
3, (192, 405, 248, 259, 98, 87, 121, 138)
3, (197, 452, 250, 261, 108, 91, 115, 152)
3, (211, 404, 241, 261, 125, 89, 123, 124)
3, (210, 389, 244, 230, 114, 71, 103, 126)
3, (205, 362, 235, 219, 109, 82, 94, 135)
3, (191, 368, 218, 212, 117, 83, 96, 136)
3, (199, 307, 199, 188, 110, 79, 90, 117)
3, (184, 268, 189, 201, 92, 75, 88, 135)
3, (171, 319, 184, 174, 91, 76, 102, 169)
3, (180, 337, 203, 185, 87, 55, 101, 163)
3, (185, 286, 190, 177, 71, 54, 93, 155)
3, (186, 290, 184, 184, 84, 57, 95, 159)
3, (184, 358, 214, 202, 91, 66, 111, 174)
3, (192, 370, 218, 198, 88, 70, 108, 139)
3, (190, 356, 204, 188, 88, 74, 109, 131)
3, (184, 384, 226, 232, 96, 73, 111, 134)
3, (197, 397, 240, 244, 84, 71, 110, 151)
3, (193, 351, 225, 223, 77, 68, 87, 116)
3, (197, 332, 220, 241, 78, 97, 106, 121)
3, (195, 358, 243, 254, 95, 95, 111, 131)
3, (215, 330, 234, 268, 107, 97, 106, 185)
3, (200, 324, 208, 270, 112, 105, 113, 167)
3, (200, 319, 192, 274, 123, 109, 117, 165)
3, (209, 381, 192, 281, 122, 87, 99, 166)
3, (224, 372, 176, 269, 116, 99, 97, 190)
3, (202, 424, 186, 230, 106, 95, 99, 134)
3, (199, 519, 199, 226, 99, 85, 104, 134)
3, (211, 531, 213, 224, 105, 85, 101, 144)
3, (190, 479, 204, 214, 106, 81, 94, 154)
3, (201, 507, 211, 221, 110, 90, 91, 136)
3, (207, 524, 197, 210, 105, 92, 96, 134)
3, (204, 434, 190, 224, 107, 92, 84, 137)
3, (203, 418, 174, 213, 94, 86, 75, 137)
3, (245, 442, 240, 208, 98, 88, 79, 168)
3, (224, 405, 226, 193, 89, 65, 75, 155)
4, (213, 303, 203, 211, 91, 81, 124, 118)
4, (204, 314, 222, 201, 103, 109, 125, 126)
4, (192, 295, 243, 216, 95, 102, 129, 153)
4, (205, 305, 263, 200, 87, 107, 151, 148)
4, (217, 292, 273, 207, 92, 107, 151, 144)
4, (223, 332, 279, 207, 100, 105, 135, 141)
4, (224, 318, 255, 204, 87, 101, 157, 161)
4, (241, 335, 249, 194, 85, 97, 147, 135)
4, (227, 343, 241, 193, 82, 93, 118, 132)
4, (234, 350, 226, 157, 68, 94, 122, 149)
4, (223, 332, 220, 154, 71, 94, 135, 159)
4, (237, 336, 212, 140, 70, 75, 106, 130)
4, (208, 327, 189, 141, 75, 99, 121, 126)
4, (223, 373, 171, 139, 101, 108, 121, 133)
4, (219, 340, 173, 136, 107, 111, 130, 142)
4, (208, 312, 164, 148, 108, 111, 114, 135)
4, (200, 312, 195, 154, 114, 127, 124, 140)
4, (214, 296, 235, 171, 119, 107, 109, 139)
4, (209, 215, 227, 173, 103, 98, 114, 142)
4, (211, 208, 223, 186, 102, 93, 98, 118)
4, (219, 250, 235, 180, 94, 95, 106, 112)
4, (209, 292, 222, 193, 92, 77, 90, 109)
4, (188, 333, 197, 181, 81, 93, 86, 132)
4, (200, 375, 212, 182, 77, 97, 84, 124)
4, (195, 394, 225, 171, 74, 103, 115, 123)
4, (186, 393, 229, 199, 88, 97, 109, 119)
4, (162, 441, 247, 206, 88, 106, 114, 145)
4, (175, 440, 251, 195, 88, 92, 120, 128)
4, (162, 407, 242, 196, 91, 89, 117, 127)
4, (187, 395, 227, 193, 87, 85, 97, 127)
4, (184, 372, 232, 164, 79, 94, 115, 146)
4, (200, 356, 206, 145, 77, 85, 114, 117)
4, (208, 338, 232, 163, 80, 89, 109, 112)
4, (208, 344, 242, 158, 80, 88, 114, 118)
4, (205, 365, 247, 203, 85, 89, 123, 134)
4, (215, 418, 224, 196, 80, 79, 99, 116)
4, (226, 382, 240, 201, 88, 74, 116, 121)
4, (218, 371, 201, 203, 96, 78, 122, 125)
5, (200, 322, 154, 114, 64, 69, 122, 191)
5, (188, 332, 164, 125, 72, 97, 124, 256)
5, (166, 366, 163, 155, 80, 104, 130, 261)
5, (165, 348, 152, 164, 74, 102, 127, 266)
5, (216, 320, 148, 159, 72, 99, 114, 263)
5, (227, 329, 155, 176, 85, 98, 120, 271)
5, (205, 322, 141, 192, 100, 84, 111, 284)
5, (210, 324, 133, 196, 107, 73, 98, 276)
5, (231, 290, 160, 213, 106, 78, 95, 261)
5, (212, 291, 169, 216, 116, 90, 97, 261)
5, (195, 286, 181, 224, 115, 87, 98, 251)
5, (197, 333, 195, 226, 106, 73, 94, 106)
