0, (307, 316, 189, 198, 102, 68, 112, 267)
0, (287, 301, 186, 201, 104, 63, 103, 266)
0, (278, 308, 210, 198, 95, 59, 112, 270)
0, (293, 291, 186, 192, 95, 57, 103, 208)
0, (270, 263, 197, 164, 94, 56, 102, 129)
0, (259, 284, 193, 143, 75, 46, 94, 131)
0, (256, 324, 199, 133, 67, 50, 97, 125)
0, (275, 361, 173, 139, 69, 50, 85, 188)
0, (267, 337, 196, 171, 70, 58, 98, 267)
0, (228, 354, 200, 182, 82, 61, 109, 278)
0, (225, 405, 209, 179, 83, 60, 110, 287)
0, (236, 380, 204, 191, 86, 58, 106, 284)
0, (204, 347, 197, 192, 80, 52, 105, 242)
0, (180, 355, 177, 182, 84, 50, 107, 153)
0, (172, 322, 165, 173, 73, 47, 98, 144)
0, (149, 225, 148, 173, 80, 47, 95, 123)
0, (123, 239, 182, 154, 76, 47, 93, 119)
0, (110, 277, 178, 138, 83, 46, 73, 111)
0, (107, 283, 182, 83, 79, 43, 51, 103)
0, (83, 299, 186, 70, 78, 40, 48, 96)
0, (69, 328, 173, 60, 73, 42, 44, 95)
0, (79, 409, 156, 62, 73, 41, 44, 94)
0, (100, 405, 162, 61, 71, 44, 46, 95)
0, (114, 441, 156, 59, 72, 41, 49, 110)
0, (125, 441, 143, 58, 73, 43, 46, 88)
0, (140, 421, 147, 58, 72, 39, 45, 83)
0, (177, 371, 134, 60, 72, 39, 44, 93)
0, (183, 344, 135, 59, 70, 38, 46, 92)
0, (204, 296, 144, 54, 69, 37, 51, 90)
0, (240, 340, 165, 65, 66, 35, 47, 91)
0, (245, 389, 187, 66, 65, 36, 46, 93)
0, (229, 388, 186, 63, 67, 35, 49, 87)
0, (221, 409, 224, 61, 61, 35, 49, 88)
0, (225, 496, 221, 65, 60, 42, 52, 76)
0, (244, 466, 220, 64, 56, 43, 56, 72)
0, (283, 464, 218, 71, 49, 48, 66, 92)
0, (335, 514, 217, 74, 54, 48, 67, 95)
0, (351, 502, 190, 87, 85, 53, 71, 97)
0, (359, 465, 187, 91, 102, 53, 67, 96)
0, (354, 551, 189, 86, 102, 51, 75, 104)
0, (344, 560, 199, 84, 103, 49, 69, 93)
0, (304, 520, 213, 81, 97, 51, 75, 88)
0, (301, 601, 266, 70, 74, 45, 72, 83)
0, (282, 589, 265, 58, 44, 38, 71, 82)
0, (255, 611, 265, 91, 58, 41, 68, 63)
0, (257, 587, 253, 89, 59, 40, 74, 67)
0, (274, 570, 249, 92, 84, 49, 69, 70)
0, (259, 512, 185, 94, 95, 51, 69, 74)
0, (256, 480, 180, 92, 96, 51, 67, 74)
0, (265, 411, 167, 61, 91, 50, 59, 76)
0, (242, 402, 177, 64, 93, 53, 59, 95)
0, (216, 403, 159, 85, 94, 49, 55, 92)
0, (245, 457, 179, 87, 84, 49, 54, 89)
0, (260, 503, 188, 92, 83, 47, 51, 88)
0, (250, 522, 192, 94, 80, 45, 53, 87)
0, (245, 579, 192, 92, 76, 45, 61, 55)
0, (247, 582, 209, 66, 49, 40, 65, 69)
0, (248, 522, 187, 64, 48, 35, 63, 79)
0, (279, 480, 185, 66, 67, 43, 69, 83)
0, (318, 478, 178, 71, 78, 45, 71, 87)
0, (338, 437, 160, 70, 82, 44, 57, 98)
0, (367, 441, 135, 74, 83, 56, 94, 91)
0, (352, 486, 138, 72, 84, 60, 98, 88)
0, (328, 479, 128, 77, 69, 56, 97, 87)
0, (285, 478, 136, 76, 54, 54, 96, 82)
0, (279, 511, 155, 73, 45, 54, 103, 68)
0, (223, 496, 155, 72, 44, 48, 93, 90)
0, (241, 460, 151, 74, 40, 49, 96, 95)
0, (244, 497, 159, 70, 42, 60, 107, 96)
0, (255, 431, 149, 65, 59, 63, 113, 96)
0, (244, 354, 147, 83, 73, 64, 107, 113)
0, (290, 375, 165, 131, 88, 65, 99, 102)
1, (275, 356, 181, 152, 93, 81, 156, 96)
1, (272, 345, 187, 156, 92, 82, 171, 94)
1, (264, 455, 217, 179, 90, 81, 173, 115)
1, (254, 468, 202, 179, 89, 88, 194, 102)
1, (211, 464, 190, 161, 91, 86, 191, 95)
1, (252, 550, 193, 168, 92, 78, 169, 104)
1, (242, 526, 184, 170, 92, 84, 179, 115)
1, (234, 436, 159, 147, 91, 86, 177, 117)
1, (265, 431, 164, 140, 86, 87, 160, 116)
1, (281, 463, 171, 126, 67, 85, 159, 113)
1, (233, 401, 160, 100, 62, 75, 135, 105)
1, (226, 459, 168, 82, 64, 64, 108, 96)
1, (238, 476, 168, 82, 68, 62, 107, 90)
1, (223, 464, 162, 84, 71, 53, 116, 99)
1, (201, 460, 166, 99, 72, 55, 116, 101)
1, (225, 451, 168, 92, 68, 56, 120, 101)
1, (246, 398, 176, 95, 70, 54, 106, 101)
1, (307, 402, 167, 103, 64, 60, 120, 105)
1, (305, 437, 169, 112, 69, 68, 110, 96)
1, (301, 401, 160, 125, 85, 73, 109, 94)
1, (306, 408, 143, 122, 90, 73, 104, 93)
1, (315, 456, 114, 134, 87, 68, 104, 105)
1, (244, 436, 134, 153, 84, 61, 89, 87)
1, (244, 409, 145, 148, 73, 49, 84, 86)
1, (244, 493, 138, 137, 57, 41, 82, 85)
1, (236, 457, 138, 140, 58, 41, 77, 87)
1, (203, 393, 152, 168, 61, 43, 88, 74)
1, (265, 436, 157, 172, 61, 45, 90, 75)
1, (285, 485, 140, 180, 69, 55, 111, 75)
1, (292, 404, 147, 170, 76, 56, 112, 74)
1, (292, 456, 191, 171, 77, 64, 127, 96)
1, (306, 478, 213, 149, 77, 68, 121, 91)
1, (272, 428, 205, 123, 76, 74, 127, 90)
1, (249, 437, 206, 114, 78, 65, 109, 93)
1, (258, 458, 206, 121, 94, 75, 124, 98)
1, (246, 438, 181, 123, 90, 69, 114, 95)
1, (245, 448, 141, 108, 86, 64, 109, 92)
1, (240, 456, 143, 102, 86, 58, 99, 92)
1, (249, 428, 157, 102, 80, 58, 98, 90)
1, (355, 479, 165, 95, 54, 54, 104, 103)
1, (351, 453, 153, 85, 62, 54, 98, 107)
1, (340, 445, 164, 77, 82, 55, 95, 110)
1, (333, 489, 153, 78, 84, 56, 92, 106)
1, (336, 458, 141, 65, 88, 58, 94, 103)
1, (203, 434, 125, 63, 91, 47, 66, 85)
1, (213, 448, 130, 71, 87, 50, 83, 57)
1, (203, 420, 141, 73, 74, 49, 82, 51)
1, (198, 366, 140, 81, 76, 46, 84, 72)
1, (190, 395, 162, 95, 73, 47, 81, 77)
1, (182, 329, 172, 101, 72, 50, 82, 83)
1, (175, 340, 166, 97, 74, 47, 72, 86)
1, (188, 399, 149, 95, 78, 51, 73, 91)
1, (197, 384, 154, 83, 77, 52, 74, 77)
2, (192, 388, 146, 69, 77, 50, 70, 90)
2, (192, 436, 137, 61, 72, 50, 73, 87)
2, (194, 483, 142, 58, 72, 52, 75, 88)
2, (200, 443, 136, 56, 63, 49, 73, 87)
2, (217, 480, 137, 69, 59, 54, 73, 83)
2, (220, 466, 119, 71, 61, 55, 74, 69)
2, (223, 470, 128, 70, 75, 54, 68, 69)
2, (218, 405, 128, 79, 78, 52, 60, 62)
2, (206, 427, 135, 81, 84, 53, 61, 58)
2, (173, 407, 121, 70, 83, 50, 65, 62)
2, (157, 415, 118, 65, 79, 47, 65, 75)
2, (171, 392, 105, 73, 63, 57, 87, 79)
2, (174, 391, 106, 64, 51, 58, 91, 82)
2, (188, 387, 111, 61, 53, 57, 96, 82)
2, (267, 365, 122, 79, 58, 56, 98, 80)
2, (269, 375, 132, 92, 60, 56, 97, 64)
2, (281, 403, 131, 86, 58, 42, 75, 59)
2, (296, 412, 129, 90, 73, 47, 78, 58)
2, (318, 466, 125, 94, 73, 48, 75, 58)
2, (295, 483, 126, 88, 85, 50, 67, 63)
2, (286, 538, 140, 79, 88, 52, 69, 70)
2, (309, 523, 136, 82, 95, 55, 70, 74)
2, (311, 552, 132, 76, 86, 51, 59, 73)
2, (293, 500, 132, 70, 83, 54, 68, 76)
2, (260, 529, 122, 65, 72, 57, 76, 70)
2, (268, 446, 95, 69, 73, 59, 78, 60)
2, (241, 484, 101, 69, 73, 57, 82, 71)
2, (265, 477, 108, 68, 80, 61, 103, 77)
2, (270, 471, 139, 104, 84, 84, 144, 84)
2, (278, 418, 155, 118, 96, 87, 157, 112)
2, (274, 496, 167, 126, 94, 88, 172, 120)
2, (266, 433, 167, 127, 90, 89, 179, 115)
2, (282, 387, 163, 133, 88, 86, 170, 113)
2, (285, 392, 136, 120, 85, 60, 133, 121)
2, (282, 473, 127, 138, 77, 61, 147, 101)
2, (276, 397, 125, 144, 79, 56, 128, 100)
2, (270, 385, 124, 144, 75, 57, 123, 98)
2, (218, 463, 144, 150, 88, 62, 128, 112)
2, (261, 435, 139, 109, 69, 50, 68, 89)
2, (186, 519, 146, 148, 92, 64, 131, 99)
2, (247, 393, 140, 97, 70, 52, 76, 88)
2, (174, 455, 160, 145, 89, 55, 91, 94)
2, (280, 388, 148, 85, 70, 55, 83, 89)
2, (209, 437, 149, 149, 85, 63, 134, 99)
2, (275, 372, 167, 100, 73, 54, 78, 90)
2, (204, 487, 149, 147, 89, 60, 134, 105)
2, (283, 412, 181, 109, 71, 54, 79, 84)
2, (230, 446, 153, 140, 72, 58, 135, 99)
2, (265, 322, 199, 117, 65, 55, 86, 104)
2, (227, 385, 149, 141, 69, 60, 135, 99)
2, (321, 348, 202, 111, 61, 56, 95, 106)
2, (248, 434, 159, 129, 65, 64, 139, 104)
2, (323, 429, 202, 112, 68, 47, 94, 109)
2, (255, 433, 158, 136, 77, 68, 117, 100)
2, (300, 420, 207, 132, 68, 44, 99, 113)
2, (267, 447, 159, 147, 81, 71, 116, 100)
2, (308, 461, 192, 136, 76, 48, 103, 117)
2, (233, 416, 168, 167, 83, 67, 112, 98)
2, (283, 470, 178, 163, 85, 61, 111, 100)
2, (322, 448, 161, 152, 87, 59, 116, 98)
3, (252, 475, 193, 154, 75, 62, 109, 110)
3, (254, 474, 205, 164, 81, 59, 109, 114)
3, (261, 415, 205, 164, 91, 63, 91, 101)
3, (272, 443, 221, 173, 93, 62, 89, 108)
3, (279, 512, 212, 159, 87, 56, 83, 110)
3, (237, 498, 190, 184, 92, 56, 79, 100)
3, (227, 490, 190, 174, 87, 57, 79, 91)
3, (242, 504, 184, 172, 79, 49, 80, 90)
3, (242, 573, 158, 165, 81, 48, 81, 86)
3, (232, 550, 153, 166, 77, 48, 82, 105)
3, (265, 537, 154, 146, 82, 51, 82, 96)
3, (276, 550, 143, 152, 94, 70, 90, 95)
3, (250, 574, 142, 159, 89, 66, 87, 102)
3, (264, 499, 133, 161, 88, 66, 90, 105)
3, (297, 459, 176, 161, 90, 72, 110, 105)
3, (265, 440, 171, 188, 85, 68, 106, 110)
3, (263, 421, 190, 189, 76, 59, 100, 116)
3, (287, 347, 202, 184, 88, 65, 99, 112)
3, (276, 305, 210, 186, 83, 69, 122, 115)
3, (237, 299, 178, 195, 76, 64, 110, 94)
3, (250, 312, 173, 160, 72, 63, 104, 98)
3, (274, 319, 143, 142, 67, 55, 101, 102)
3, (296, 340, 120, 135, 50, 51, 112, 117)
3, (297, 384, 129, 126, 53, 46, 89, 109)
3, (319, 392, 121, 118, 50, 45, 95, 112)
3, (312, 353, 136, 132, 57, 48, 97, 109)
3, (278, 379, 165, 134, 63, 52, 103, 105)
3, (220, 392, 170, 128, 63, 51, 98, 106)
3, (241, 356, 179, 149, 69, 54, 96, 107)
3, (210, 351, 185, 150, 72, 55, 90, 102)
3, (218, 371, 176, 135, 67, 55, 99, 102)
3, (228, 353, 159, 137, 61, 48, 88, 104)
3, (247, 341, 162, 136, 66, 52, 84, 91)
3, (231, 389, 141, 120, 67, 51, 80, 92)
3, (243, 370, 138, 111, 67, 52, 72, 92)
3, (270, 381, 144, 107, 63, 52, 65, 90)
3, (248, 351, 138, 104, 65, 52, 66, 90)
4, (226, 391, 166, 157, 100, 57, 82, 112)
4, (227, 365, 161, 136, 86, 57, 96, 111)
4, (271, 408, 140, 128, 87, 56, 95, 140)
4, (293, 350, 159, 125, 84, 52, 98, 111)
4, (271, 364, 138, 134, 83, 51, 96, 107)
4, (275, 386, 137, 170, 77, 51, 100, 106)
4, (305, 417, 149, 189, 75, 50, 92, 109)
4, (276, 383, 155, 208, 94, 74, 122, 85)
4, (239, 390, 148, 214, 94, 74, 111, 82)
4, (251, 425, 154, 204, 91, 78, 112, 81)
4, (306, 403, 154, 190, 87, 76, 106, 84)
4, (292, 381, 167, 168, 87, 76, 104, 90)
4, (298, 416, 162, 178, 93, 60, 68, 73)
4, (315, 406, 158, 173, 95, 62, 65, 89)
4, (337, 330, 156, 184, 100, 63, 69, 93)
4, (303, 341, 169, 169, 101, 67, 74, 107)
4, (283, 376, 145, 195, 108, 67, 76, 108)
4, (289, 397, 139, 170, 91, 62, 71, 107)
4, (291, 403, 134, 170, 86, 51, 67, 102)
4, (273, 420, 135, 167, 82, 49, 74, 107)
4, (257, 478, 135, 173, 78, 52, 95, 105)
4, (253, 453, 146, 144, 64, 54, 93, 96)
4, (238, 419, 163, 155, 76, 58, 95, 99)
5, (241, 196, 147, 123, 60, 51, 75, 105)
5, (255, 172, 148, 129, 65, 45, 64, 120)
5, (250, 211, 134, 136, 66, 44, 61, 107)
5, (250, 215, 133, 149, 71, 46, 58, 100)
5, (247, 223, 155, 151, 73, 46, 70, 100)
5, (175, 229, 156, 166, 74, 47, 74, 96)
5, (181, 258, 158, 161, 74, 50, 78, 72)
5, (189, 297, 196, 173, 81, 50, 81, 96)
5, (208, 313, 196, 159, 78, 46, 73, 93)
5, (209, 318, 194, 174, 79, 45, 58, 92)
5, (214, 335, 219, 167, 77, 48, 57, 91)
5, (241, 364, 219, 162, 76, 50, 58, 89)
5, (244, 304, 194, 152, 80, 53, 68, 84)
5, (225, 314, 191, 179, 80, 51, 69, 88)
5, (241, 339, 181, 167, 78, 50, 76, 98)
5, (233, 371, 148, 163, 83, 54, 81, 97)
5, (301, 332, 145, 167, 83, 66, 114, 105)
5, (296, 345, 204, 186, 75, 66, 111, 108)
5, (295, 342, 206, 163, 76, 67, 111, 104)
5, (285, 351, 207, 162, 79, 66, 108, 99)
5, (287, 410, 226, 174, 72, 66, 129, 95)
5, (180, 406, 234, 186, 67, 49, 102, 87)
5, (202, 417, 211, 183, 74, 47, 100, 102)
5, (200, 441, 202, 175, 84, 52, 104, 101)
5, (208, 423, 206, 173, 88, 52, 104, 101)
5, (197, 332, 193, 159, 91, 43, 72, 101)
5, (198, 359, 191, 148, 97, 61, 97, 110)
5, (190, 387, 174, 157, 100, 64, 94, 80)
5, (202, 369, 189, 163, 93, 59, 98, 89)
5, (221, 372, 191, 162, 93, 63, 102, 96)
5, (242, 412, 188, 181, 90, 65, 104, 110)
5, (226, 434, 191, 190, 88, 53, 92, 111)
5, (214, 400, 186, 182, 76, 47, 93, 109)
5, (202, 406, 174, 191, 90, 54, 93, 105)
5, (167, 381, 164, 196, 82, 50, 90, 99)
5, (167, 377, 160, 177, 91, 53, 87, 114)
5, (181, 317, 165, 174, 99, 63, 97, 105)
5, (190, 330, 178, 173, 104, 67, 104, 111)
5, (202, 318, 195, 152, 86, 61, 97, 107)
5, (202, 347, 210, 149, 92, 63, 97, 124)
5, (228, 305, 240, 184, 88, 58, 93, 101)
5, (230, 368, 242, 173, 83, 53, 78, 103)
5, (220, 372, 245, 230, 90, 52, 69, 99)
5, (216, 392, 259, 231, 88, 54, 79, 114)
5, (223, 382, 255, 230, 84, 51, 77, 94)
5, (215, 374, 250, 235, 79, 57, 83, 103)
5, (217, 333, 235, 234, 72, 51, 76, 102)
5, (240, 381, 219, 164, 56, 46, 76, 136)
5, (255, 358, 196, 161, 57, 44, 65, 129)
5, (247, 394, 183, 169, 61, 45, 65, 130)
5, (227, 401, 156, 132, 78, 39, 70, 130)
5, (213, 415, 168, 143, 86, 38, 82, 142)
5, (189, 397, 163, 129, 90, 44, 79, 108)
5, (163, 404, 168, 133, 93, 43, 79, 111)
5, (164, 380, 176, 127, 93, 43, 88, 125)
5, (133, 413, 167, 140, 108, 44, 79, 115)
5, (161, 392, 177, 132, 108, 52, 64, 95)
5, (161, 346, 195, 135, 103, 47, 64, 97)
5, (163, 327, 186, 127, 102, 47, 65, 105)
5, (172, 334, 183, 124, 103, 51, 55, 96)
5, (169, 296, 196, 96, 67, 61, 74, 96)
5, (171, 341, 183, 97, 61, 53, 76, 105)
5, (170, 372, 154, 145, 70, 58, 83, 115)
5, (180, 377, 144, 155, 82, 61, 82, 99)
5, (235, 361, 144, 151, 77, 59, 85, 86)
5, (247, 370, 144, 169, 80, 50, 67, 88)
5, (245, 326, 159, 178, 79, 53, 64, 87)
5, (276, 342, 164, 149, 80, 47, 57, 101)
5, (269, 375, 169, 156, 74, 42, 59, 97)
5, (257, 390, 173, 154, 75, 44, 62, 104)
5, (276, 404, 163, 141, 82, 53, 74, 106)
5, (271, 417, 143, 130, 105, 60, 82, 106)
5, (265, 397, 149, 129, 102, 60, 85, 83)
5, (279, 353, 152, 121, 97, 64, 93, 91)
5, (252, 389, 157, 129, 100, 64, 97, 96)
5, (219, 364, 166, 138, 101, 55, 94, 110)
5, (218, 388, 173, 141, 76, 44, 87, 106)
5, (221, 413, 167, 139, 80, 47, 94, 101)
5, (226, 463, 163, 146, 87, 42, 86, 99)
5, (222, 430, 172, 157, 84, 39, 76, 107)
5, (231, 426, 162, 146, 77, 39, 70, 91)
5, (223, 412, 167, 134, 78, 41, 70, 98)
5, (221, 356, 176, 135, 69, 53, 72, 99)
5, (230, 310, 183, 118, 61, 57, 87, 117)
5, (227, 309, 169, 124, 70, 56, 85, 106)
5, (215, 304, 171, 141, 73, 61, 89, 102)
5, (218, 362, 165, 141, 74, 60, 92, 95)
5, (208, 459, 181, 141, 76, 47, 97, 112)
5, (178, 461, 204, 143, 78, 48, 84, 95)
5, (196, 477, 205, 143, 88, 50, 85, 92)
5, (205, 498, 212, 124, 84, 43, 79, 92)
5, (207, 470, 215, 131, 85, 53, 98, 107)
5, (225, 418, 236, 166, 84, 58, 100, 97)
5, (242, 427, 233, 176, 89, 53, 101, 95)
5, (246, 406, 237, 152, 74, 56, 105, 99)
5, (259, 411, 233, 161, 84, 62, 120, 107)
5, (264, 427, 238, 160, 84, 58, 116, 112)
5, (278, 395, 205, 123, 91, 53, 102, 110)
5, (268, 397, 180, 141, 101, 56, 99, 105)
5, (244, 377, 189, 159, 97, 54, 100, 103)
5, (247, 421, 178, 156, 95, 60, 98, 128)
5, (263, 392, 177, 158, 97, 55, 82, 114)
