0, (36, 68, 165, 79, 75, 31, 37, 32)
0, (43, 78, 200, 84, 60, 40, 53, 46)
0, (43, 83, 240, 79, 57, 47, 63, 55)
0, (44, 87, 245, 73, 59, 47, 64, 56)
0, (44, 84, 246, 80, 57, 49, 65, 55)
0, (42, 98, 239, 74, 54, 46, 62, 53)
0, (42, 99, 232, 71, 55, 40, 53, 50)
0, (40, 94, 223, 72, 48, 37, 48, 48)
0, (40, 95, 217, 70, 59, 40, 53, 54)
0, (39, 97, 220, 76, 93, 41, 58, 57)
0, (39, 72, 184, 75, 95, 40, 61, 59)
0, (30, 88, 159, 100, 110, 40, 58, 53)
0, (32, 92, 137, 110, 122, 40, 57, 52)
0, (32, 87, 139, 118, 126, 36, 51, 45)
0, (31, 88, 120, 113, 105, 36, 51, 46)
0, (30, 91, 117, 123, 122, 41, 51, 47)
0, (34, 96, 117, 106, 113, 41, 51, 48)
0, (39, 101, 77, 90, 103, 42, 53, 47)
0, (42, 110, 80, 126, 127, 47, 56, 50)
0, (42, 125, 121, 127, 129, 47, 61, 51)
0, (45, 127, 139, 126, 117, 43, 64, 53)
0, (42, 112, 145, 127, 119, 43, 63, 51)
0, (43, 135, 160, 130, 122, 45, 73, 57)
0, (42, 148, 175, 127, 96, 44, 79, 59)
0, (45, 144, 190, 131, 94, 44, 76, 57)
0, (41, 165, 206, 134, 96, 47, 79, 57)
0, (43, 185, 208, 128, 89, 49, 82, 60)
0, (42, 176, 205, 129, 85, 45, 72, 53)
0, (39, 164, 201, 96, 82, 43, 65, 49)
0, (42, 166, 211, 88, 80, 46, 71, 58)
0, (42, 147, 192, 73, 68, 44, 64, 54)
0, (42, 140, 197, 72, 64, 41, 64, 55)
0, (46, 149, 194, 73, 60, 40, 71, 61)
0, (51, 151, 181, 67, 67, 40, 69, 60)
0, (46, 144, 159, 67, 71, 32, 60, 50)
0, (46, 198, 150, 71, 73, 31, 59, 52)
0, (46, 191, 139, 71, 74, 32, 60, 52)
0, (45, 177, 168, 60, 73, 34, 48, 40)
0, (56, 179, 167, 54, 56, 32, 49, 42)
0, (82, 201, 131, 65, 52, 36, 54, 50)
0, (95, 169, 135, 64, 53, 40, 57, 56)
0, (145, 191, 166, 82, 58, 53, 97, 81)
0, (216, 221, 158, 110, 64, 63, 125, 134)
0, (239, 237, 171, 123, 66, 67, 137, 152)
0, (339, 229, 175, 159, 75, 72, 148, 162)
0, (382, 248, 176, 190, 76, 87, 253, 173)
0, (393, 237, 159, 213, 77, 85, 268, 175)
0, (401, 235, 136, 219, 83, 82, 286, 153)
0, (413, 216, 117, 239, 90, 184, 524, 229)
0, (354, 256, 132, 240, 99, 202, 580, 241)
0, (340, 245, 132, 235, 113, 213, 558, 241)
0, (369, 289, 114, 214, 123, 229, 606, 241)
0, (340, 311, 124, 201, 119, 237, 647, 262)
0, (317, 320, 132, 190, 115, 180, 526, 217)
0, (378, 361, 118, 158, 114, 170, 563, 229)
0, (409, 383, 128, 132, 102, 163, 603, 249)
0, (402, 424, 137, 125, 88, 158, 597, 257)
0, (437, 421, 152, 129, 93, 149, 554, 236)
0, (476, 444, 161, 129, 101, 150, 533, 239)
0, (416, 431, 165, 128, 95, 144, 428, 212)
0, (388, 413, 163, 133, 100, 131, 357, 178)
0, (355, 349, 158, 140, 99, 110, 275, 172)
0, (360, 363, 149, 146, 100, 114, 307, 164)
0, (343, 349, 144, 132, 101, 103, 318, 126)
0, (357, 425, 139, 133, 100, 95, 331, 128)
0, (387, 494, 156, 148, 98, 98, 397, 170)
0, (379, 498, 159, 155, 102, 98, 396, 163)
0, (359, 483, 167, 156, 112, 84, 354, 160)
0, (324, 485, 171, 147, 117, 82, 331, 170)
0, (306, 386, 168, 146, 116, 85, 339, 165)
0, (355, 292, 146, 138, 112, 85, 304, 139)
0, (383, 320, 148, 130, 113, 88, 304, 132)
1, (451, 465, 138, 112, 98, 95, 314, 144)
1, (469, 451, 120, 110, 83, 90, 306, 128)
1, (508, 472, 116, 104, 77, 87, 315, 121)
1, (442, 575, 122, 95, 78, 85, 314, 128)
1, (461, 549, 112, 106, 92, 76, 315, 131)
1, (439, 446, 88, 114, 94, 73, 313, 119)
1, (434, 467, 89, 113, 92, 79, 311, 123)
1, (410, 442, 95, 119, 108, 75, 281, 129)
1, (420, 348, 81, 111, 106, 70, 271, 115)
1, (398, 355, 90, 88, 86, 83, 313, 110)
1, (335, 353, 104, 77, 75, 93, 373, 126)
1, (313, 323, 105, 78, 74, 86, 360, 119)
1, (285, 310, 101, 63, 45, 90, 389, 120)
1, (264, 352, 109, 100, 79, 94, 391, 140)
1, (239, 376, 104, 111, 93, 91, 408, 201)
1, (211, 353, 92, 121, 101, 80, 348, 194)
1, (209, 358, 94, 136, 115, 84, 353, 195)
1, (204, 377, 101, 145, 128, 82, 340, 194)
1, (186, 269, 106, 125, 113, 77, 308, 174)
1, (239, 245, 140, 131, 114, 65, 232, 96)
1, (255, 258, 199, 126, 112, 64, 226, 100)
1, (298, 265, 230, 115, 97, 56, 206, 98)
1, (367, 245, 232, 120, 84, 57, 213, 112)
1, (380, 255, 228, 131, 92, 55, 197, 113)
1, (347, 237, 234, 129, 79, 58, 184, 108)
1, (341, 229, 195, 125, 74, 52, 190, 104)
1, (310, 257, 157, 118, 76, 55, 200, 100)
1, (220, 245, 157, 105, 72, 44, 146, 75)
1, (247, 239, 157, 95, 63, 44, 146, 66)
1, (234, 235, 113, 84, 64, 45, 173, 75)
1, (233, 238, 98, 102, 72, 50, 182, 85)
1, (240, 188, 98, 110, 73, 50, 175, 93)
1, (251, 194, 93, 112, 75, 51, 177, 95)
1, (198, 186, 96, 140, 78, 53, 177, 95)
1, (211, 227, 118, 148, 76, 58, 162, 94)
1, (219, 196, 122, 137, 73, 66, 142, 78)
1, (204, 197, 125, 138, 72, 67, 142, 68)
1, (211, 192, 126, 163, 84, 73, 158, 67)
1, (232, 227, 145, 145, 85, 74, 159, 73)
1, (231, 197, 139, 149, 90, 72, 181, 67)
1, (210, 200, 135, 165, 93, 62, 187, 67)
1, (252, 192, 134, 177, 95, 62, 180, 69)
1, (240, 209, 154, 167, 88, 56, 162, 72)
1, (224, 181, 165, 171, 90, 52, 161, 66)
1, (205, 171, 193, 160, 94, 67, 143, 68)
2, (204, 172, 215, 147, 117, 70, 125, 71)
2, (167, 178, 221, 126, 120, 72, 129, 69)
2, (178, 173, 212, 120, 121, 84, 166, 70)
2, (190, 194, 197, 114, 126, 87, 171, 68)
2, (197, 189, 184, 124, 127, 80, 164, 65)
2, (201, 181, 175, 142, 105, 77, 166, 60)
2, (190, 189, 175, 156, 99, 77, 169, 69)
2, (179, 184, 171, 146, 99, 67, 149, 73)
2, (162, 202, 167, 142, 92, 63, 135, 83)
2, (175, 235, 144, 133, 84, 55, 139, 95)
2, (178, 286, 148, 107, 79, 63, 177, 102)
2, (176, 290, 148, 91, 80, 159, 205, 101)
2, (182, 308, 149, 96, 81, 166, 219, 94)
2, (187, 282, 155, 92, 70, 168, 227, 88)
2, (185, 262, 153, 90, 64, 168, 224, 75)
2, (202, 217, 141, 106, 84, 167, 201, 75)
2, (181, 336, 290, 155, 72, 315, 228, 122)
2, (204, 199, 139, 102, 84, 91, 180, 71)
2, (164, 267, 284, 151, 71, 303, 231, 121)
2, (236, 187, 134, 115, 81, 80, 150, 73)
2, (164, 283, 230, 133, 79, 295, 245, 122)
2, (233, 248, 124, 112, 80, 80, 209, 70)
2, (167, 302, 210, 135, 81, 274, 246, 114)
2, (221, 252, 124, 115, 85, 77, 200, 70)
2, (159, 270, 218, 138, 79, 207, 229, 117)
2, (194, 261, 107, 101, 65, 72, 197, 64)
2, (152, 268, 194, 127, 71, 178, 336, 125)
2, (191, 272, 90, 109, 63, 57, 215, 69)
2, (137, 271, 185, 138, 76, 237, 366, 125)
2, (143, 298, 101, 87, 64, 56, 232, 70)
2, (137, 251, 183, 143, 66, 208, 356, 123)
2, (166, 285, 97, 83, 64, 75, 192, 77)
2, (139, 219, 185, 143, 66, 239, 380, 103)
2, (170, 309, 95, 76, 58, 80, 207, 82)
2, (147, 240, 168, 147, 65, 248, 385, 118)
2, (173, 298, 99, 74, 63, 82, 213, 86)
2, (149, 257, 164, 145, 61, 279, 322, 115)
2, (184, 309, 107, 84, 84, 103, 239, 83)
2, (151, 248, 172, 155, 56, 245, 311, 118)
2, (198, 290, 104, 108, 106, 200, 341, 99)
2, (143, 301, 168, 157, 59, 244, 315, 118)
2, (174, 245, 99, 123, 111, 285, 349, 98)
2, (160, 320, 153, 186, 77, 235, 275, 109)
2, (165, 229, 103, 132, 114, 306, 363, 96)
2, (169, 305, 152, 181, 77, 282, 326, 94)
2, (168, 329, 118, 152, 119, 313, 376, 99)
2, (153, 285, 154, 170, 77, 260, 370, 97)
2, (169, 351, 126, 145, 118, 311, 351, 101)
2, (163, 350, 159, 150, 78, 247, 350, 108)
2, (147, 342, 129, 137, 98, 269, 268, 87)
2, (170, 370, 173, 137, 78, 244, 349, 107)
2, (159, 349, 135, 129, 94, 173, 244, 91)
2, (162, 382, 166, 104, 66, 224, 365, 114)
2, (165, 333, 138, 134, 96, 132, 215, 88)
2, (137, 382, 166, 113, 71, 242, 334, 104)
2, (169, 280, 130, 115, 98, 116, 189, 78)
2, (181, 400, 167, 116, 74, 230, 259, 95)
2, (213, 249, 128, 119, 88, 103, 190, 71)
2, (184, 396, 180, 124, 72, 228, 261, 82)
2, (220, 258, 129, 112, 86, 92, 163, 64)
2, (178, 371, 187, 122, 71, 229, 297, 88)
2, (205, 310, 121, 133, 91, 84, 165, 59)
2, (173, 361, 195, 126, 65, 235, 288, 80)
2, (212, 326, 128, 154, 92, 86, 191, 58)
2, (210, 351, 192, 118, 64, 199, 271, 88)
2, (226, 284, 123, 152, 88, 133, 188, 57)
2, (186, 332, 189, 123, 70, 195, 280, 88)
2, (161, 273, 122, 151, 92, 217, 280, 64)
2, (179, 297, 165, 118, 72, 207, 278, 90)
2, (166, 297, 119, 158, 99, 222, 296, 73)
2, (188, 267, 146, 130, 76, 207, 233, 81)
2, (174, 266, 118, 148, 97, 220, 300, 76)
2, (208, 243, 160, 117, 79, 196, 252, 84)
2, (161, 284, 114, 122, 93, 223, 286, 83)
2, (181, 270, 179, 117, 78, 194, 266, 82)
2, (133, 293, 117, 116, 84, 206, 323, 93)
2, (172, 278, 180, 114, 81, 196, 255, 85)
2, (145, 304, 108, 110, 76, 147, 249, 91)
2, (191, 275, 190, 115, 85, 206, 282, 107)
2, (137, 274, 112, 119, 75, 192, 235, 86)
2, (187, 269, 212, 112, 90, 206, 308, 109)
2, (174, 255, 112, 118, 69, 198, 242, 89)
2, (162, 276, 190, 153, 122, 198, 293, 120)
2, (174, 233, 109, 123, 75, 213, 247, 81)
2, (152, 275, 180, 176, 130, 175, 313, 133)
2, (179, 238, 104, 126, 81, 229, 197, 68)
2, (156, 286, 190, 176, 128, 244, 366, 139)
2, (183, 215, 104, 130, 80, 210, 187, 67)
2, (122, 306, 190, 175, 126, 230, 378, 123)
2, (183, 212, 93, 109, 73, 160, 204, 76)
2, (149, 407, 161, 188, 122, 232, 390, 123)
2, (152, 225, 95, 99, 85, 238, 270, 65)
2, (170, 427, 177, 203, 94, 275, 400, 120)
2, (148, 230, 88, 91, 93, 228, 266, 67)
2, (186, 423, 190, 237, 94, 300, 410, 137)
2, (151, 244, 100, 91, 93, 213, 278, 68)
2, (182, 410, 183, 232, 89, 265, 400, 140)
2, (159, 314, 102, 102, 97, 218, 276, 76)
2, (190, 399, 183, 241, 83, 262, 374, 139)
2, (167, 313, 104, 112, 111, 257, 297, 64)
2, (175, 295, 192, 232, 83, 301, 345, 145)
2, (198, 331, 124, 106, 102, 243, 251, 76)
2, (149, 276, 186, 197, 74, 293, 339, 137)
2, (206, 333, 125, 97, 91, 246, 276, 73)
2, (135, 260, 171, 126, 66, 293, 313, 128)
2, (201, 310, 124, 101, 89, 242, 261, 73)
2, (134, 268, 167, 139, 75, 307, 310, 115)
2, (185, 247, 124, 83, 85, 248, 266, 65)
2, (145, 244, 172, 133, 80, 341, 373, 115)
2, (200, 346, 115, 67, 69, 210, 289, 77)
2, (135, 251, 164, 129, 86, 343, 395, 111)
2, (171, 325, 91, 77, 72, 152, 268, 67)
2, (149, 248, 176, 119, 92, 320, 385, 113)
2, (186, 316, 92, 77, 71, 188, 263, 71)
2, (141, 265, 172, 122, 89, 280, 352, 79)
2, (125, 241, 107, 84, 73, 234, 284, 61)
2, (150, 247, 165, 104, 82, 253, 321, 80)
2, (133, 262, 133, 85, 80, 236, 285, 64)
2, (133, 244, 146, 82, 83, 268, 310, 71)
3, (166, 341, 180, 126, 60, 237, 356, 108)
3, (156, 276, 173, 144, 67, 294, 389, 119)
3, (187, 298, 157, 225, 65, 252, 367, 121)
3, (201, 308, 166, 223, 61, 255, 363, 116)
3, (206, 304, 186, 222, 66, 263, 351, 113)
3, (190, 296, 189, 227, 70, 262, 328, 124)
3, (197, 316, 210, 225, 71, 258, 335, 123)
3, (185, 291, 221, 155, 66, 262, 324, 112)
3, (176, 294, 210, 155, 69, 263, 333, 114)
3, (170, 327, 193, 163, 71, 283, 348, 130)
3, (170, 324, 194, 165, 73, 275, 347, 117)
3, (172, 336, 164, 156, 66, 226, 264, 114)
3, (161, 341, 168, 146, 67, 238, 275, 132)
3, (155, 342, 170, 148, 76, 266, 254, 132)
3, (156, 313, 164, 134, 68, 295, 273, 118)
3, (139, 296, 194, 170, 62, 269, 273, 119)
3, (139, 294, 200, 199, 64, 286, 305, 132)
3, (139, 278, 226, 231, 67, 289, 330, 119)
3, (177, 253, 223, 231, 52, 256, 332, 121)
3, (174, 292, 255, 228, 56, 261, 313, 143)
3, (175, 300, 236, 205, 61, 318, 368, 150)
3, (171, 265, 261, 184, 58, 298, 363, 136)
3, (173, 296, 240, 160, 56, 303, 332, 136)
3, (144, 298, 240, 184, 61, 307, 332, 157)
3, (142, 286, 240, 232, 71, 263, 325, 140)
3, (150, 313, 230, 235, 69, 208, 308, 139)
3, (151, 316, 194, 239, 83, 245, 285, 134)
3, (149, 293, 214, 223, 82, 260, 288, 146)
3, (158, 342, 251, 210, 76, 300, 325, 119)
3, (189, 377, 235, 156, 69, 295, 307, 111)
3, (183, 341, 290, 159, 68, 317, 252, 100)
3, (178, 350, 316, 142, 52, 316, 261, 138)
3, (181, 371, 301, 142, 58, 333, 286, 124)
4, (182, 388, 283, 199, 58, 174, 237, 124)
4, (198, 389, 287, 182, 56, 173, 204, 113)
4, (194, 347, 278, 166, 55, 191, 211, 114)
4, (174, 296, 212, 158, 55, 180, 223, 128)
4, (179, 279, 189, 146, 56, 203, 214, 130)
4, (184, 330, 183, 107, 55, 201, 252, 115)
4, (158, 332, 175, 106, 59, 248, 303, 121)
4, (151, 328, 187, 111, 63, 227, 320, 126)
4, (154, 324, 185, 129, 61, 211, 331, 106)
5, (135, 341, 186, 140, 62, 171, 236, 176)
5, (140, 276, 201, 159, 65, 214, 245, 94)
5, (141, 283, 239, 186, 67, 224, 301, 110)
5, (131, 301, 238, 220, 66, 202, 324, 140)
5, (127, 267, 224, 225, 67, 202, 325, 155)
5, (123, 312, 220, 199, 66, 197, 330, 154)
5, (139, 377, 222, 195, 62, 156, 331, 160)
5, (147, 383, 190, 180, 61, 205, 341, 154)
5, (144, 363, 184, 144, 77, 201, 305, 127)
5, (146, 414, 168, 138, 72, 208, 320, 218)
5, (155, 390, 184, 144, 70, 215, 309, 224)
5, (150, 326, 176, 140, 71, 232, 290, 221)
5, (154, 315, 180, 129, 74, 187, 232, 223)
5, (162, 412, 204, 153, 62, 188, 238, 221)
5, (184, 354, 222, 156, 61, 187, 235, 122)
5, (181, 341, 206, 151, 57, 181, 240, 126)
5, (184, 352, 212, 153, 59, 150, 267, 148)
5, (214, 355, 216, 170, 58, 217, 392, 188)
5, (214, 231, 196, 173, 56, 223, 394, 198)
5, (196, 251, 190, 193, 56, 246, 395, 304)
5, (235, 273, 200, 192, 62, 252, 400, 338)
5, (228, 257, 194, 231, 67, 258, 443, 353)
5, (193, 259, 187, 232, 67, 186, 331, 334)
5, (214, 253, 192, 219, 69, 218, 349, 340)
5, (231, 245, 179, 220, 72, 202, 350, 255)
5, (232, 302, 167, 231, 71, 217, 428, 227)
5, (228, 300, 173, 188, 65, 205, 370, 196)
5, (230, 307, 172, 181, 68, 210, 368, 230)
5, (219, 314, 182, 173, 68, 211, 352, 319)
5, (200, 334, 197, 147, 72, 273, 369, 365)
5, (141, 277, 220, 132, 66, 252, 270, 349)
5, (175, 302, 239, 148, 65, 256, 295, 349)
5, (178, 281, 236, 136, 64, 251, 289, 334)
5, (180, 316, 227, 148, 60, 263, 281, 234)
5, (178, 301, 212, 156, 53, 201, 291, 180)
5, (196, 298, 204, 154, 56, 202, 287, 187)
5, (204, 268, 172, 166, 59, 216, 288, 210)
5, (196, 337, 180, 166, 62, 258, 364, 219)
5, (174, 348, 182, 157, 66, 247, 359, 232)
5, (191, 346, 181, 160, 65, 241, 342, 274)
5, (208, 362, 190, 170, 75, 270, 367, 304)
5, (203, 427, 204, 158, 88, 375, 382, 287)
5, (209, 379, 188, 168, 87, 350, 348, 276)
5, (212, 369, 213, 199, 86, 333, 354, 272)
5, (198, 399, 227, 193, 89, 347, 375, 208)
5, (167, 384, 207, 207, 90, 386, 358, 149)
5, (130, 356, 201, 202, 83, 276, 336, 152)
5, (137, 394, 208, 201, 84, 273, 330, 148)
5, (147, 381, 192, 207, 87, 285, 350, 136)
5, (144, 359, 234, 208, 86, 289, 360, 131)
5, (161, 365, 232, 194, 80, 230, 404, 158)
5, (185, 337, 236, 185, 74, 225, 384, 143)
5, (176, 306, 235, 174, 69, 224, 397, 145)
5, (168, 383, 235, 144, 66, 265, 378, 140)
5, (181, 409, 181, 163, 64, 235, 335, 145)
5, (179, 401, 188, 177, 67, 229, 275, 132)
5, (160, 399, 183, 188, 67, 229, 285, 136)
5, (166, 407, 183, 199, 69, 246, 257, 126)
5, (171, 319, 172, 211, 65, 203, 321, 158)
5, (165, 284, 168, 193, 62, 208, 336, 151)
5, (189, 265, 152, 167, 65, 218, 342, 141)
5, (197, 249, 150, 160, 63, 220, 362, 148)
5, (203, 244, 149, 196, 65, 248, 356, 169)
5, (199, 253, 154, 187, 71, 228, 302, 141)
5, (205, 239, 160, 217, 74, 221, 297, 139)
5, (175, 249, 167, 230, 67, 216, 305, 142)
5, (179, 263, 182, 236, 76, 296, 343, 149)
5, (179, 247, 208, 216, 76, 259, 362, 122)
5, (184, 270, 217, 206, 74, 257, 360, 121)
5, (176, 266, 217, 175, 72, 257, 345, 119)
5, (177, 278, 219, 168, 72, 247, 348, 122)
5, (192, 296, 213, 164, 73, 229, 358, 121)
5, (189, 319, 178, 163, 69, 230, 340, 120)
5, (191, 298, 176, 159, 67, 226, 335, 116)
5, (197, 315, 187, 157, 69, 233, 349, 124)
5, (213, 301, 209, 155, 66, 245, 431, 133)
5, (183, 289, 202, 152, 58, 180, 384, 123)
5, (189, 304, 224, 123, 59, 187, 397, 125)
5, (189, 325, 212, 122, 57, 193, 397, 134)
5, (183, 345, 207, 124, 54, 217, 392, 125)
5, (157, 408, 174, 136, 56, 193, 306, 110)
5, (172, 416, 169, 129, 53, 193, 303, 110)
5, (155, 382, 187, 134, 56, 231, 283, 110)
5, (148, 376, 199, 144, 55, 258, 322, 113)
5, (152, 337, 187, 154, 57, 248, 366, 116)
5, (188, 264, 191, 142, 55, 244, 352, 136)
5, (180, 254, 203, 168, 59, 238, 356, 141)
5, (191, 323, 175, 181, 56, 205, 343, 139)
5, (206, 362, 243, 175, 58, 196, 307, 139)
5, (211, 385, 275, 178, 56, 176, 252, 135)
