0, (205, 376, 207, 140, 112, 73, 116, 80)
0, (191, 336, 209, 154, 116, 75, 117, 83)
0, (189, 338, 198, 152, 126, 74, 118, 90)
0, (201, 338, 165, 132, 120, 60, 93, 89)
0, (231, 327, 188, 134, 105, 58, 101, 92)
0, (223, 290, 207, 127, 102, 58, 102, 93)
0, (224, 264, 207, 116, 97, 60, 102, 88)
0, (233, 233, 215, 113, 88, 60, 104, 82)
0, (226, 275, 228, 148, 94, 64, 96, 67)
0, (180, 293, 247, 192, 90, 58, 83, 89)
0, (190, 371, 229, 215, 86, 58, 98, 93)
0, (205, 382, 220, 219, 86, 56, 97, 94)
0, (224, 385, 312, 234, 83, 56, 95, 93)
0, (192, 350, 312, 211, 68, 44, 84, 92)
0, (199, 334, 281, 167, 67, 41, 79, 59)
0, (191, 227, 269, 133, 69, 41, 56, 44)
0, (170, 263, 273, 122, 86, 38, 50, 38)
0, (121, 299, 141, 78, 86, 39, 50, 34)
0, (109, 342, 128, 86, 80, 36, 48, 34)
0, (156, 357, 122, 77, 80, 37, 46, 39)
0, (158, 424, 118, 75, 89, 38, 48, 37)
0, (156, 411, 106, 79, 73, 46, 49, 41)
0, (159, 367, 111, 74, 69, 44, 48, 43)
0, (169, 356, 100, 63, 70, 49, 59, 42)
0, (117, 342, 98, 79, 76, 49, 60, 38)
0, (155, 375, 100, 85, 85, 48, 63, 48)
0, (156, 381, 104, 81, 79, 43, 65, 47)
0, (167, 390, 97, 83, 81, 44, 66, 47)
0, (158, 384, 93, 78, 81, 37, 60, 48)
0, (161, 393, 102, 65, 77, 38, 63, 49)
0, (132, 293, 101, 61, 58, 40, 58, 45)
0, (149, 343, 102, 59, 66, 39, 57, 48)
0, (145, 355, 99, 59, 77, 42, 64, 46)
0, (152, 353, 106, 66, 81, 42, 68, 46)
0, (185, 343, 106, 73, 82, 49, 63, 48)
0, (227, 362, 106, 76, 81, 50, 67, 48)
0, (227, 333, 97, 72, 81, 54, 70, 44)
0, (221, 365, 111, 69, 79, 50, 67, 48)
0, (244, 368, 111, 69, 74, 52, 68, 54)
0, (253, 369, 99, 63, 69, 47, 73, 52)
0, (219, 349, 95, 56, 67, 45, 72, 51)
0, (225, 373, 102, 64, 71, 51, 75, 53)
0, (245, 352, 93, 78, 89, 55, 72, 49)
0, (247, 344, 87, 74, 92, 57, 74, 41)
0, (249, 358, 88, 70, 94, 53, 68, 38)
0, (240, 379, 100, 77, 95, 59, 72, 39)
0, (238, 330, 103, 74, 84, 50, 68, 44)
0, (289, 292, 94, 60, 64, 54, 72, 48)
0, (273, 342, 93, 57, 70, 56, 77, 51)
0, (284, 350, 91, 63, 69, 61, 88, 56)
0, (290, 324, 79, 60, 69, 57, 86, 57)
0, (284, 338, 75, 57, 72, 58, 97, 54)
0, (246, 401, 81, 62, 68, 50, 92, 53)
0, (286, 374, 95, 75, 60, 49, 87, 57)
0, (258, 382, 110, 72, 66, 46, 77, 54)
0, (250, 377, 114, 68, 66, 50, 82, 54)
0, (254, 406, 125, 73, 76, 51, 69, 53)
0, (241, 389, 127, 77, 73, 53, 76, 51)
0, (223, 375, 118, 68, 69, 53, 105, 69)
0, (230, 344, 106, 66, 68, 57, 134, 78)
0, (258, 382, 116, 71, 71, 53, 139, 80)
0, (251, 336, 102, 82, 60, 52, 138, 84)
0, (272, 288, 122, 97, 72, 48, 89, 73)
0, (248, 304, 127, 113, 71, 43, 74, 79)
0, (227, 307, 131, 142, 73, 47, 79, 112)
0, (228, 390, 127, 158, 89, 49, 80, 110)
0, (207, 392, 131, 186, 96, 47, 81, 111)
0, (234, 397, 156, 186, 98, 47, 86, 106)
1, (278, 296, 112, 91, 60, 55, 149, 84)
1, (277, 270, 111, 97, 73, 52, 128, 74)
1, (272, 288, 125, 100, 75, 47, 99, 70)
1, (269, 285, 127, 105, 73, 48, 90, 66)
1, (218, 386, 158, 172, 96, 50, 81, 134)
1, (224, 472, 162, 146, 92, 50, 96, 108)
1, (235, 398, 160, 140, 85, 47, 99, 107)
1, (262, 385, 152, 102, 85, 47, 91, 108)
1, (281, 389, 163, 100, 81, 53, 102, 108)
1, (292, 410, 153, 108, 81, 51, 107, 84)
1, (294, 327, 153, 140, 78, 47, 94, 96)
1, (342, 338, 159, 149, 64, 49, 101, 97)
1, (324, 317, 157, 181, 61, 48, 105, 101)
1, (289, 341, 122, 193, 69, 37, 90, 100)
1, (280, 342, 117, 186, 71, 44, 83, 93)
1, (286, 348, 120, 177, 88, 57, 90, 91)
1, (220, 414, 118, 172, 98, 57, 74, 92)
1, (233, 413, 131, 139, 93, 63, 74, 95)
1, (237, 397, 134, 139, 91, 63, 85, 92)
1, (295, 398, 137, 150, 93, 64, 97, 110)
2, (285, 419, 135, 135, 107, 62, 97, 102)
2, (298, 370, 128, 119, 105, 64, 105, 118)
2, (294, 519, 123, 115, 105, 59, 101, 114)
2, (302, 524, 125, 104, 103, 69, 109, 121)
2, (244, 522, 118, 90, 102, 63, 97, 112)
2, (253, 512, 115, 109, 86, 56, 89, 114)
2, (224, 509, 112, 109, 81, 56, 95, 108)
2, (270, 396, 104, 130, 83, 55, 100, 110)
2, (264, 393, 107, 121, 86, 43, 81, 103)
2, (281, 370, 119, 121, 92, 45, 98, 111)
2, (292, 358, 113, 118, 76, 45, 101, 118)
2, (317, 362, 119, 133, 80, 44, 97, 109)
2, (270, 359, 124, 116, 80, 46, 97, 102)
2, (299, 344, 133, 125, 84, 53, 105, 108)
2, (312, 415, 129, 127, 79, 61, 93, 94)
2, (238, 379, 179, 146, 74, 44, 84, 107)
2, (303, 427, 140, 123, 79, 64, 100, 88)
2, (250, 352, 170, 128, 78, 47, 80, 104)
2, (276, 463, 137, 113, 78, 63, 96, 86)
2, (248, 325, 184, 136, 83, 50, 79, 89)
2, (275, 437, 135, 116, 76, 62, 94, 88)
2, (275, 297, 148, 138, 78, 51, 77, 95)
2, (260, 447, 147, 130, 73, 58, 93, 86)
2, (315, 305, 141, 140, 81, 51, 82, 114)
2, (236, 408, 154, 130, 67, 52, 107, 77)
2, (301, 387, 148, 161, 83, 51, 87, 117)
2, (221, 442, 151, 138, 68, 56, 110, 65)
2, (261, 389, 181, 182, 82, 51, 107, 118)
2, (214, 430, 153, 146, 60, 54, 106, 62)
2, (268, 406, 167, 163, 80, 50, 121, 128)
2, (251, 443, 170, 145, 64, 58, 118, 62)
2, (285, 425, 190, 157, 87, 52, 118, 137)
2, (267, 425, 160, 132, 75, 57, 115, 96)
2, (258, 477, 186, 176, 86, 52, 115, 110)
2, (267, 413, 150, 132, 79, 58, 100, 100)
2, (282, 413, 196, 159, 90, 50, 112, 105)
2, (290, 387, 149, 124, 79, 49, 90, 106)
2, (293, 420, 178, 133, 89, 51, 97, 108)
2, (298, 347, 156, 117, 80, 52, 102, 114)
2, (318, 385, 173, 126, 94, 45, 70, 104)
2, (283, 328, 152, 115, 79, 52, 88, 120)
2, (294, 383, 195, 130, 85, 41, 70, 99)
2, (245, 368, 191, 119, 71, 53, 91, 100)
2, (285, 296, 206, 121, 84, 48, 78, 98)
2, (240, 366, 208, 148, 74, 50, 90, 94)
2, (265, 317, 195, 120, 81, 47, 77, 97)
2, (231, 351, 208, 145, 74, 54, 102, 101)
2, (298, 301, 186, 119, 76, 44, 78, 98)
2, (230, 339, 208, 160, 87, 62, 93, 94)
2, (259, 317, 208, 133, 68, 47, 87, 91)
2, (204, 373, 209, 166, 92, 60, 95, 131)
2, (236, 296, 183, 150, 79, 54, 102, 83)
2, (249, 338, 174, 169, 97, 60, 89, 129)
2, (242, 326, 190, 150, 76, 61, 119, 91)
2, (277, 372, 168, 165, 94, 62, 101, 132)
2, (233, 336, 191, 147, 77, 65, 121, 95)
2, (264, 414, 164, 177, 97, 64, 89, 128)
2, (243, 326, 197, 149, 78, 64, 120, 93)
2, (279, 438, 158, 167, 87, 60, 92, 132)
2, (238, 319, 171, 143, 90, 65, 124, 96)
2, (285, 404, 142, 169, 92, 63, 102, 95)
2, (258, 343, 152, 133, 83, 67, 119, 92)
2, (294, 416, 137, 156, 84, 60, 103, 94)
2, (262, 395, 128, 136, 87, 61, 94, 93)
3, (247, 389, 212, 164, 86, 54, 84, 76)
3, (254, 425, 182, 158, 86, 57, 76, 84)
3, (258, 446, 182, 161, 83, 60, 89, 91)
3, (243, 455, 204, 143, 92, 61, 90, 88)
3, (228, 412, 194, 154, 91, 55, 89, 94)
3, (249, 413, 191, 162, 91, 54, 95, 114)
3, (309, 487, 191, 157, 91, 58, 100, 111)
3, (308, 445, 193, 169, 92, 54, 92, 99)
3, (312, 420, 178, 190, 83, 62, 99, 103)
3, (315, 430, 189, 194, 79, 62, 104, 126)
3, (306, 493, 190, 184, 85, 60, 98, 123)
3, (269, 428, 192, 213, 95, 55, 103, 119)
3, (252, 430, 194, 207, 100, 64, 113, 121)
3, (280, 474, 202, 195, 103, 58, 106, 117)
3, (268, 504, 231, 187, 103, 62, 103, 107)
3, (302, 486, 227, 180, 94, 60, 104, 93)
3, (264, 458, 214, 147, 82, 59, 101, 99)
3, (287, 463, 223, 150, 75, 54, 90, 115)
3, (306, 454, 226, 144, 73, 63, 135, 119)
3, (356, 408, 247, 146, 78, 64, 133, 99)
3, (324, 353, 240, 143, 83, 65, 136, 98)
3, (329, 401, 243, 137, 91, 65, 131, 104)
3, (325, 415, 230, 141, 92, 62, 128, 89)
3, (290, 414, 217, 162, 91, 50, 80, 100)
3, (218, 435, 174, 152, 90, 43, 81, 104)
3, (211, 431, 184, 155, 85, 42, 83, 118)
4, (286, 509, 229, 227, 89, 55, 103, 143)
4, (268, 424, 229, 202, 96, 55, 97, 143)
4, (255, 394, 244, 180, 94, 58, 109, 140)
4, (211, 391, 241, 197, 96, 59, 117, 83)
4, (232, 441, 249, 200, 115, 70, 122, 92)
4, (247, 408, 247, 146, 105, 67, 110, 90)
4, (244, 422, 225, 200, 105, 67, 114, 103)
4, (246, 428, 220, 223, 110, 69, 114, 105)
4, (226, 464, 195, 209, 113, 71, 114, 106)
4, (191, 351, 200, 216, 98, 66, 135, 103)
4, (164, 374, 230, 226, 101, 65, 165, 121)
4, (158, 415, 221, 191, 86, 63, 163, 116)
4, (158, 395, 245, 187, 85, 57, 160, 108)
4, (189, 402, 245, 180, 83, 51, 150, 115)
4, (205, 413, 236, 182, 80, 46, 133, 114)
4, (248, 436, 208, 166, 77, 51, 95, 89)
5, (221, 337, 153, 163, 99, 47, 105, 129)
5, (205, 354, 189, 162, 89, 49, 89, 102)
5, (211, 369, 191, 173, 100, 49, 84, 103)
5, (194, 440, 174, 191, 97, 45, 76, 93)
5, (250, 388, 180, 230, 112, 62, 96, 99)
5, (244, 376, 170, 223, 106, 65, 99, 87)
5, (247, 344, 132, 212, 110, 59, 92, 93)
5, (248, 353, 136, 215, 106, 60, 95, 97)
5, (211, 264, 132, 186, 107, 58, 92, 94)
5, (182, 298, 137, 132, 93, 48, 100, 89)
5, (201, 307, 174, 135, 82, 44, 93, 103)
5, (230, 354, 183, 145, 80, 48, 97, 104)
5, (245, 338, 215, 125, 83, 48, 98, 103)
5, (267, 336, 226, 123, 78, 47, 102, 102)
5, (271, 303, 216, 118, 72, 43, 76, 105)
5, (267, 311, 180, 133, 74, 47, 88, 104)
5, (250, 370, 196, 140, 77, 49, 97, 103)
5, (232, 398, 157, 140, 71, 54, 95, 100)
5, (245, 392, 164, 152, 85, 63, 92, 104)
5, (223, 421, 168, 153, 89, 61, 94, 117)
5, (206, 410, 173, 144, 88, 59, 88, 108)
5, (201, 356, 172, 135, 87, 58, 87, 105)
5, (200, 326, 179, 144, 99, 65, 91, 108)
5, (165, 418, 187, 156, 90, 62, 104, 118)
5, (190, 387, 198, 169, 91, 62, 106, 98)
5, (194, 393, 202, 175, 91, 64, 106, 89)
5, (197, 390, 191, 182, 89, 65, 101, 108)
5, (204, 397, 190, 181, 78, 66, 114, 109)
5, (230, 340, 170, 163, 77, 67, 108, 97)
5, (199, 340, 159, 161, 73, 66, 105, 100)
5, (215, 351, 159, 151, 86, 65, 105, 109)
5, (216, 349, 145, 133, 97, 66, 104, 114)
5, (270, 390, 179, 134, 109, 61, 92, 123)
5, (248, 355, 189, 138, 107, 54, 83, 124)
5, (255, 363, 195, 125, 116, 56, 106, 140)
5, (259, 359, 198, 125, 109, 56, 116, 134)
5, (266, 416, 198, 138, 97, 55, 127, 120)
5, (216, 358, 179, 156, 79, 48, 124, 115)
5, (245, 392, 171, 151, 75, 46, 125, 130)
5, (253, 405, 165, 174, 58, 54, 114, 117)
5, (242, 466, 162, 192, 60, 54, 117, 119)
5, (284, 395, 166, 185, 62, 49, 106, 120)
5, (280, 393, 151, 162, 70, 53, 111, 144)
5, (269, 392, 166, 185, 81, 66, 138, 128)
5, (261, 436, 169, 168, 85, 60, 134, 127)
5, (259, 385, 156, 140, 81, 66, 129, 126)
5, (226, 384, 160, 163, 92, 70, 127, 137)
5, (239, 392, 164, 196, 100, 71, 121, 105)
5, (213, 455, 158, 183, 96, 66, 103, 106)
5, (225, 394, 167, 200, 120, 81, 107, 108)
5, (234, 372, 171, 201, 124, 75, 97, 132)
5, (245, 361, 190, 204, 123, 76, 102, 118)
5, (246, 341, 192, 171, 114, 75, 111, 124)
5, (271, 311, 212, 195, 129, 82, 113, 130)
5, (276, 338, 221, 197, 103, 66, 106, 135)
5, (293, 386, 232, 208, 103, 66, 104, 109)
5, (280, 482, 252, 214, 103, 66, 110, 108)
5, (279, 517, 242, 234, 100, 62, 99, 111)
5, (312, 469, 247, 210, 78, 49, 86, 150)
5, (307, 506, 227, 187, 76, 48, 85, 138)
