0, (188, 107, 134, 137, 106, 70, 116, 148)
0, (168, 106, 189, 142, 108, 68, 115, 148)
0, (218, 117, 182, 129, 102, 67, 122, 170)
0, (218, 115, 165, 121, 115, 66, 97, 167)
0, (233, 112, 195, 152, 110, 65, 104, 161)
0, (200, 97, 192, 147, 121, 67, 104, 135)
0, (204, 95, 148, 145, 120, 71, 115, 159)
0, (207, 81, 165, 144, 124, 65, 100, 152)
0, (223, 89, 166, 149, 119, 64, 105, 151)
0, (248, 99, 131, 124, 125, 66, 115, 150)
0, (256, 106, 136, 117, 116, 65, 127, 145)
0, (251, 114, 125, 113, 113, 61, 120, 175)
0, (210, 129, 113, 119, 109, 62, 130, 169)
0, (193, 119, 121, 127, 107, 62, 124, 177)
0, (154, 108, 113, 130, 87, 53, 107, 176)
0, (138, 97, 108, 122, 94, 50, 90, 174)
0, (145, 83, 103, 119, 100, 53, 85, 108)
0, (141, 73, 89, 112, 92, 57, 74, 85)
0, (143, 77, 68, 99, 92, 52, 67, 58)
0, (110, 90, 69, 92, 108, 51, 64, 48)
0, (111, 93, 56, 88, 105, 52, 71, 40)
0, (94, 95, 53, 94, 101, 51, 74, 33)
0, (75, 113, 52, 87, 104, 45, 67, 36)
0, (93, 120, 51, 79, 99, 47, 68, 35)
0, (92, 112, 57, 74, 78, 49, 69, 33)
0, (102, 114, 58, 71, 77, 50, 59, 33)
0, (144, 124, 56, 64, 77, 56, 57, 36)
0, (152, 104, 58, 64, 89, 51, 50, 39)
0, (144, 95, 55, 64, 96, 56, 58, 40)
0, (163, 110, 48, 61, 107, 56, 56, 46)
0, (165, 112, 51, 65, 109, 57, 60, 47)
0, (136, 117, 53, 83, 107, 48, 64, 46)
1, (126, 116, 50, 91, 102, 50, 68, 42)
1, (132, 131, 51, 103, 95, 44, 63, 41)
1, (107, 130, 55, 108, 87, 47, 75, 43)
1, (134, 126, 50, 108, 88, 41, 78, 46)
1, (145, 116, 52, 102, 89, 48, 74, 46)
1, (157, 110, 49, 95, 105, 48, 69, 45)
1, (167, 101, 54, 82, 111, 54, 74, 46)
1, (172, 81, 48, 79, 109, 51, 65, 39)
1, (149, 86, 47, 85, 116, 51, 68, 34)
1, (164, 91, 48, 77, 120, 47, 70, 38)
1, (187, 104, 55, 89, 105, 47, 79, 46)
1, (170, 96, 56, 93, 101, 45, 79, 44)
1, (176, 105, 60, 90, 109, 47, 80, 46)
1, (177, 106, 66, 89, 98, 51, 75, 47)
1, (184, 104, 65, 89, 93, 55, 88, 47)
1, (149, 105, 60, 79, 84, 52, 81, 43)
1, (166, 113, 57, 78, 92, 50, 80, 43)
1, (169, 108, 55, 76, 81, 48, 74, 42)
2, (186, 127, 47, 68, 78, 45, 71, 40)
2, (161, 128, 43, 70, 86, 35, 47, 39)
2, (200, 119, 44, 69, 88, 40, 50, 35)
2, (197, 116, 43, 63, 84, 45, 44, 33)
2, (194, 127, 42, 62, 96, 43, 55, 33)
2, (184, 108, 41, 66, 94, 47, 79, 35)
2, (184, 111, 39, 72, 92, 52, 87, 39)
2, (142, 120, 41, 77, 114, 52, 86, 40)
2, (190, 126, 44, 79, 111, 49, 86, 41)
2, (186, 119, 48, 84, 116, 53, 87, 39)
2, (186, 139, 52, 77, 119, 49, 71, 42)
2, (180, 139, 56, 72, 121, 50, 69, 36)
2, (191, 141, 53, 65, 99, 47, 73, 38)
2, (153, 132, 52, 65, 95, 48, 76, 36)
2, (162, 127, 51, 62, 81, 55, 99, 44)
2, (158, 98, 51, 63, 77, 59, 108, 61)
2, (171, 89, 63, 87, 76, 70, 124, 81)
2, (175, 74, 71, 92, 88, 72, 134, 83)
2, (166, 78, 76, 104, 94, 72, 135, 87)
2, (148, 83, 82, 118, 112, 68, 116, 84)
2, (161, 92, 91, 123, 116, 66, 122, 77)
2, (157, 104, 88, 112, 109, 55, 114, 81)
2, (159, 113, 86, 112, 103, 56, 109, 81)
2, (191, 114, 84, 104, 137, 59, 110, 80)
2, (198, 111, 89, 136, 123, 62, 130, 83)
2, (193, 117, 90, 141, 120, 60, 126, 77)
2, (197, 120, 98, 142, 124, 60, 122, 54)
2, (183, 115, 133, 190, 131, 68, 150, 70)
2, (143, 115, 134, 191, 104, 67, 151, 72)
2, (191, 128, 135, 168, 104, 65, 135, 71)
2, (196, 131, 133, 199, 116, 75, 138, 73)
2, (238, 126, 129, 205, 118, 77, 139, 70)
2, (242, 122, 91, 166, 106, 66, 98, 62)
2, (259, 145, 92, 171, 102, 68, 92, 60)
2, (234, 142, 100, 182, 97, 62, 89, 62)
2, (249, 144, 115, 151, 80, 50, 78, 59)
2, (208, 146, 114, 143, 76, 61, 91, 70)
2, (209, 167, 128, 145, 89, 67, 103, 70)
2, (189, 146, 138, 139, 92, 68, 104, 80)
2, (215, 152, 139, 129, 98, 78, 112, 79)
2, (191, 140, 123, 179, 98, 78, 107, 165)
2, (196, 137, 121, 180, 93, 65, 100, 173)
2, (224, 123, 115, 194, 144, 68, 100, 180)
2, (247, 132, 101, 199, 144, 66, 100, 184)
2, (213, 115, 89, 192, 143, 57, 101, 185)
2, (210, 116, 98, 144, 147, 59, 106, 121)
2, (202, 128, 123, 173, 157, 60, 93, 153)
2, (185, 121, 133, 167, 113, 46, 85, 155)
2, (227, 109, 147, 168, 105, 46, 110, 154)
2, (227, 118, 159, 175, 103, 50, 120, 158)
2, (225, 143, 157, 179, 104, 54, 131, 155)
2, (224, 138, 144, 156, 104, 55, 136, 123)
2, (236, 135, 144, 137, 94, 56, 135, 111)
2, (171, 132, 147, 134, 94, 61, 118, 103)
2, (197, 136, 137, 143, 92, 56, 104, 152)
2, (207, 129, 142, 132, 84, 52, 89, 171)
2, (214, 124, 153, 133, 115, 51, 87, 176)
2, (201, 126, 151, 162, 126, 51, 86, 179)
2, (212, 126, 135, 160, 123, 43, 81, 176)
2, (193, 128, 135, 165, 142, 57, 100, 131)
2, (207, 110, 136, 167, 156, 59, 98, 158)
2, (212, 116, 124, 178, 146, 66, 100, 148)
2, (207, 117, 107, 150, 149, 71, 103, 143)
2, (212, 123, 108, 151, 159, 82, 108, 145)
2, (208, 116, 100, 137, 155, 76, 97, 152)
2, (208, 117, 106, 157, 148, 78, 111, 97)
2, (197, 109, 105, 165, 129, 78, 121, 102)
2, (234, 119, 110, 169, 115, 75, 122, 139)
2, (223, 116, 117, 177, 105, 61, 117, 138)
2, (240, 113, 123, 180, 103, 61, 112, 157)
2, (229, 127, 123, 168, 97, 59, 116, 156)
2, (233, 125, 135, 192, 100, 50, 106, 156)
2, (206, 113, 137, 190, 116, 48, 101, 119)
2, (253, 134, 153, 188, 128, 52, 119, 158)
2, (240, 150, 151, 182, 116, 48, 118, 136)
2, (241, 137, 144, 173, 114, 48, 104, 137)
2, (243, 136, 137, 112, 118, 48, 115, 128)
2, (256, 148, 138, 121, 146, 62, 127, 149)
2, (201, 134, 134, 121, 146, 60, 118, 164)
2, (208, 109, 138, 117, 145, 67, 133, 166)
2, (212, 105, 137, 130, 145, 63, 130, 165)
3, (207, 99, 141, 106, 98, 67, 84, 164)
3, (199, 97, 141, 132, 110, 71, 88, 175)
3, (239, 100, 120, 127, 112, 57, 74, 178)
3, (244, 89, 111, 125, 118, 56, 84, 172)
3, (320, 108, 118, 128, 121, 62, 94, 172)
3, (306, 118, 112, 126, 123, 65, 94, 191)
3, (305, 116, 131, 113, 138, 61, 84, 183)
3, (287, 117, 149, 132, 135, 63, 91, 195)
3, (288, 115, 158, 150, 119, 66, 90, 200)
3, (187, 123, 166, 146, 118, 57, 82, 208)
3, (196, 130, 181, 161, 121, 59, 79, 186)
3, (216, 132, 170, 168, 107, 62, 100, 175)
3, (291, 140, 158, 163, 116, 80, 134, 174)
3, (273, 144, 152, 145, 120, 73, 129, 170)
3, (283, 129, 134, 161, 118, 75, 125, 155)
3, (290, 120, 119, 152, 129, 72, 127, 149)
3, (347, 132, 118, 140, 117, 78, 126, 166)
3, (289, 122, 126, 138, 144, 79, 112, 112)
3, (303, 124, 137, 156, 168, 82, 112, 147)
3, (289, 121, 131, 140, 182, 82, 111, 145)
3, (305, 134, 128, 133, 175, 89, 119, 178)
3, (234, 131, 127, 139, 191, 80, 100, 163)
3, (220, 142, 132, 137, 168, 68, 76, 159)
3, (203, 137, 123, 128, 153, 67, 76, 136)
3, (207, 132, 124, 133, 134, 71, 81, 157)
3, (177, 125, 132, 147, 127, 60, 80, 154)
3, (166, 119, 151, 142, 105, 67, 88, 152)
3, (171, 117, 141, 151, 122, 66, 80, 152)
3, (188, 122, 145, 191, 115, 66, 81, 153)
3, (227, 124, 155, 190, 116, 65, 87, 137)
3, (219, 110, 152, 190, 116, 73, 97, 145)
3, (233, 123, 140, 210, 122, 75, 96, 156)
3, (248, 128, 135, 198, 100, 72, 95, 156)
3, (229, 120, 146, 162, 111, 69, 93, 159)
3, (186, 124, 140, 159, 116, 73, 92, 159)
3, (191, 133, 144, 141, 139, 65, 70, 150)
3, (201, 126, 154, 121, 135, 54, 70, 151)
3, (220, 115, 175, 134, 136, 53, 70, 149)
3, (259, 134, 159, 121, 122, 60, 81, 143)
3, (267, 136, 160, 131, 122, 55, 82, 157)
3, (327, 132, 158, 131, 98, 53, 79, 138)
3, (315, 133, 147, 113, 86, 55, 82, 163)
3, (300, 138, 150, 117, 81, 65, 103, 165)
3, (292, 142, 151, 137, 90, 66, 115, 168)
3, (321, 133, 158, 147, 88, 64, 116, 168)
3, (264, 128, 151, 158, 87, 65, 120, 158)
3, (266, 119, 153, 161, 89, 73, 135, 123)
3, (249, 114, 141, 160, 106, 62, 125, 172)
3, (248, 106, 141, 147, 144, 66, 123, 181)
4, (190, 112, 133, 159, 83, 50, 112, 180)
4, (186, 100, 153, 176, 89, 54, 111, 183)
4, (195, 97, 163, 205, 103, 54, 111, 230)
4, (183, 109, 180, 220, 118, 60, 124, 200)
4, (176, 99, 184, 216, 104, 59, 100, 178)
4, (200, 104, 190, 220, 111, 60, 99, 186)
4, (246, 118, 208, 181, 128, 62, 114, 227)
4, (243, 127, 198, 164, 167, 93, 148, 182)
4, (264, 126, 195, 141, 155, 88, 139, 187)
4, (259, 126, 213, 144, 155, 90, 133, 185)
4, (248, 132, 204, 133, 157, 95, 135, 180)
4, (201, 129, 165, 137, 144, 94, 131, 157)
4, (253, 132, 173, 111, 83, 68, 99, 155)
4, (220, 143, 198, 109, 86, 65, 99, 142)
4, (219, 145, 201, 134, 89, 63, 116, 150)
4, (232, 137, 206, 135, 109, 59, 113, 151)
4, (229, 138, 204, 129, 109, 67, 111, 141)
4, (160, 128, 200, 141, 113, 61, 93, 153)
4, (172, 102, 166, 144, 115, 63, 92, 151)
4, (171, 102, 132, 123, 114, 62, 77, 152)
4, (164, 112, 112, 117, 90, 61, 82, 150)
4, (176, 98, 141, 120, 96, 56, 95, 122)
4, (229, 106, 145, 111, 88, 64, 119, 152)
4, (247, 109, 163, 114, 87, 65, 116, 153)
4, (250, 107, 172, 97, 91, 67, 115, 144)
4, (263, 108, 182, 123, 91, 65, 113, 146)
4, (269, 110, 157, 139, 79, 66, 129, 186)
4, (251, 107, 141, 142, 84, 58, 113, 164)
4, (234, 118, 115, 133, 84, 61, 115, 164)
4, (237, 132, 131, 145, 90, 64, 118, 164)
4, (214, 122, 124, 127, 87, 63, 121, 169)
4, (191, 119, 145, 110, 94, 68, 98, 159)
4, (186, 126, 154, 107, 103, 72, 88, 151)
4, (196, 119, 157, 113, 108, 71, 91, 157)
5, (225, 84, 136, 149, 122, 54, 84, 196)
5, (239, 82, 171, 147, 120, 57, 97, 188)
5, (237, 76, 159, 133, 129, 56, 97, 190)
5, (283, 86, 160, 115, 121, 57, 96, 191)
5, (311, 92, 173, 112, 107, 60, 108, 212)
5, (262, 94, 174, 110, 105, 64, 107, 160)
5, (252, 94, 138, 99, 110, 65, 98, 160)
5, (277, 101, 172, 109, 101, 71, 104, 166)
5, (250, 92, 175, 114, 94, 73, 114, 219)
5, (227, 88, 157, 148, 98, 75, 105, 193)
5, (213, 84, 156, 148, 109, 86, 128, 187)
5, (233, 92, 172, 161, 106, 86, 136, 220)
5, (204, 85, 150, 160, 95, 82, 143, 220)
5, (176, 91, 157, 175, 111, 81, 133, 168)
5, (190, 95, 167, 159, 173, 89, 129, 190)
5, (190, 92, 174, 172, 167, 76, 111, 200)
5, (180, 94, 178, 173, 172, 79, 117, 181)
5, (171, 102, 171, 179, 172, 76, 104, 173)
5, (183, 99, 166, 180, 167, 76, 109, 208)
5, (170, 97, 160, 170, 90, 60, 110, 199)
5, (187, 98, 173, 154, 85, 55, 108, 182)
5, (175, 91, 157, 158, 74, 47, 83, 184)
5, (171, 81, 155, 145, 84, 66, 104, 185)
5, (189, 91, 149, 126, 87, 66, 100, 152)
5, (200, 98, 146, 118, 84, 67, 95, 187)
5, (240, 118, 135, 115, 102, 72, 97, 196)
5, (247, 131, 145, 99, 110, 76, 100, 185)
5, (264, 134, 146, 105, 109, 68, 94, 228)
5, (262, 129, 144, 114, 110, 66, 97, 228)
5, (255, 122, 157, 134, 119, 65, 107, 192)
5, (215, 102, 164, 152, 107, 71, 103, 181)
5, (223, 85, 160, 153, 98, 64, 99, 185)
5, (203, 79, 162, 162, 91, 61, 88, 125)
5, (177, 77, 167, 153, 119, 66, 101, 142)
5, (180, 78, 147, 139, 110, 69, 96, 141)
5, (180, 83, 125, 125, 108, 63, 108, 178)
5, (161, 87, 118, 130, 110, 65, 106, 181)
5, (188, 84, 134, 130, 135, 67, 104, 183)
5, (193, 83, 136, 126, 102, 59, 93, 165)
5, (200, 85, 142, 137, 101, 59, 90, 203)
5, (212, 107, 157, 137, 97, 57, 92, 178)
5, (253, 107, 162, 130, 105, 52, 87, 163)
5, (250, 122, 154, 154, 71, 47, 87, 164)
5, (250, 125, 150, 156, 70, 49, 93, 160)
5, (248, 126, 149, 149, 72, 51, 94, 157)
5, (241, 115, 134, 159, 96, 47, 109, 181)
