0, (195, 237, 91, 130, 94, 57, 85, 347)
0, (227, 247, 82, 128, 95, 61, 79, 321)
0, (201, 247, 86, 123, 98, 64, 83, 310)
0, (202, 143, 87, 120, 99, 66, 90, 310)
0, (180, 150, 82, 103, 98, 58, 82, 285)
0, (213, 163, 86, 104, 74, 58, 102, 277)
0, (188, 156, 88, 99, 66, 56, 101, 275)
0, (189, 187, 85, 105, 63, 67, 128, 272)
0, (183, 193, 84, 108, 70, 66, 128, 284)
0, (204, 194, 80, 111, 66, 73, 145, 248)
0, (199, 185, 85, 118, 71, 80, 161, 255)
0, (202, 176, 75, 132, 69, 82, 167, 256)
0, (219, 179, 76, 136, 81, 73, 151, 253)
0, (223, 175, 79, 147, 87, 76, 149, 315)
0, (197, 168, 87, 144, 88, 72, 139, 258)
0, (192, 192, 83, 147, 82, 56, 102, 251)
0, (190, 196, 87, 137, 84, 52, 100, 251)
0, (173, 204, 102, 125, 82, 62, 109, 257)
0, (175, 225, 132, 132, 69, 58, 111, 245)
0, (212, 233, 131, 133, 70, 56, 108, 277)
0, (188, 216, 135, 119, 73, 58, 107, 276)
0, (177, 219, 155, 133, 79, 62, 110, 276)
0, (174, 222, 158, 146, 72, 53, 99, 284)
0, (193, 191, 136, 121, 74, 50, 94, 210)
0, (279, 183, 134, 145, 76, 52, 92, 296)
0, (294, 180, 146, 149, 79, 60, 105, 297)
0, (301, 184, 129, 150, 76, 64, 123, 301)
0, (316, 193, 116, 132, 72, 64, 128, 297)
0, (308, 199, 118, 136, 71, 64, 128, 292)
0, (209, 196, 120, 121, 66, 62, 126, 143)
0, (201, 222, 104, 128, 68, 57, 127, 194)
0, (202, 245, 124, 109, 62, 47, 102, 265)
0, (175, 201, 128, 110, 60, 44, 87, 274)
0, (167, 191, 124, 110, 59, 45, 91, 279)
0, (212, 195, 131, 111, 61, 60, 99, 281)
0, (231, 168, 124, 98, 54, 56, 103, 246)
0, (234, 232, 105, 92, 74, 58, 110, 156)
0, (239, 230, 119, 101, 82, 59, 123, 267)
0, (243, 234, 129, 125, 82, 59, 120, 277)
0, (210, 227, 126, 128, 81, 45, 118, 280)
0, (237, 233, 132, 129, 79, 42, 109, 277)
0, (233, 230, 138, 129, 76, 45, 108, 280)
0, (240, 234, 133, 124, 78, 49, 104, 151)
0, (234, 246, 132, 133, 88, 51, 102, 112)
0, (228, 252, 147, 143, 90, 55, 102, 105)
0, (169, 263, 169, 153, 93, 57, 106, 117)
0, (182, 204, 157, 163, 85, 53, 103, 105)
0, (175, 198, 146, 164, 84, 52, 103, 97)
0, (173, 182, 140, 141, 70, 51, 138, 98)
0, (165, 180, 129, 131, 68, 49, 131, 78)
0, (152, 163, 136, 137, 69, 47, 127, 54)
0, (121, 166, 143, 124, 65, 48, 122, 45)
0, (168, 232, 147, 120, 54, 50, 132, 79)
0, (190, 230, 145, 112, 52, 43, 99, 82)
0, (188, 232, 136, 94, 71, 44, 96, 86)
0, (202, 230, 96, 63, 69, 49, 90, 89)
0, (238, 258, 95, 67, 79, 49, 91, 90)
0, (199, 215, 95, 65, 80, 47, 60, 62)
0, (195, 219, 94, 64, 96, 50, 50, 55)
0, (205, 211, 89, 65, 84, 51, 61, 50)
0, (200, 206, 91, 61, 82, 43, 58, 47)
0, (167, 178, 96, 52, 71, 43, 58, 48)
0, (182, 173, 93, 61, 88, 50, 63, 49)
0, (167, 182, 100, 65, 82, 51, 60, 47)
0, (155, 188, 112, 70, 92, 51, 52, 50)
0, (150, 216, 109, 74, 94, 55, 59, 49)
0, (186, 236, 96, 80, 104, 58, 57, 49)
0, (195, 234, 91, 75, 97, 49, 51, 44)
0, (201, 232, 84, 83, 92, 46, 55, 47)
1, (203, 229, 70, 79, 81, 44, 55, 43)
1, (212, 241, 72, 71, 77, 40, 49, 44)
1, (182, 195, 73, 79, 80, 37, 54, 40)
1, (176, 194, 79, 77, 72, 38, 58, 45)
1, (180, 183, 77, 65, 73, 39, 56, 48)
1, (179, 188, 80, 62, 73, 40, 73, 50)
1, (173, 177, 88, 67, 76, 39, 73, 47)
1, (188, 162, 92, 47, 65, 43, 75, 52)
1, (183, 159, 91, 44, 69, 43, 74, 48)
1, (186, 173, 99, 54, 66, 39, 78, 43)
1, (189, 170, 100, 56, 68, 41, 80, 41)
1, (194, 169, 89, 54, 73, 41, 81, 46)
1, (192, 173, 82, 56, 77, 36, 77, 44)
1, (178, 180, 79, 62, 75, 39, 74, 43)
1, (193, 177, 74, 58, 73, 41, 78, 42)
1, (196, 181, 65, 58, 81, 42, 67, 43)
1, (191, 182, 64, 64, 75, 44, 68, 43)
1, (254, 208, 67, 65, 67, 45, 76, 46)
1, (266, 199, 71, 61, 67, 45, 88, 50)
1, (242, 235, 65, 58, 69, 45, 84, 51)
1, (241, 229, 63, 65, 70, 46, 95, 50)
1, (237, 200, 71, 58, 71, 46, 103, 48)
1, (180, 172, 68, 59, 72, 47, 109, 51)
1, (176, 190, 62, 59, 73, 45, 110, 51)
1, (238, 171, 66, 69, 75, 46, 116, 61)
2, (235, 183, 70, 61, 67, 42, 106, 64)
2, (245, 188, 70, 65, 67, 46, 114, 64)
2, (229, 197, 71, 62, 64, 40, 106, 57)
2, (234, 266, 74, 64, 61, 41, 100, 54)
2, (225, 250, 79, 54, 66, 43, 98, 47)
2, (233, 246, 79, 57, 63, 44, 93, 41)
2, (226, 257, 78, 57, 61, 45, 76, 40)
2, (231, 275, 88, 69, 58, 49, 71, 42)
2, (234, 219, 91, 66, 63, 51, 68, 45)
2, (238, 218, 87, 75, 66, 50, 66, 52)
2, (241, 220, 91, 76, 71, 53, 81, 58)
2, (238, 214, 92, 71, 74, 49, 73, 59)
2, (227, 225, 95, 109, 83, 47, 76, 60)
2, (238, 212, 94, 117, 87, 44, 75, 59)
2, (191, 222, 94, 116, 82, 54, 87, 65)
2, (205, 226, 107, 121, 78, 53, 88, 67)
2, (226, 236, 106, 137, 79, 55, 93, 74)
2, (227, 199, 98, 112, 72, 53, 89, 75)
2, (199, 208, 104, 110, 68, 60, 104, 75)
2, (272, 299, 124, 120, 61, 52, 143, 304)
2, (208, 198, 105, 115, 64, 51, 100, 65)
2, (262, 261, 113, 128, 57, 50, 151, 254)
2, (217, 227, 91, 109, 77, 52, 87, 61)
2, (259, 259, 114, 174, 71, 61, 161, 294)
2, (215, 217, 99, 97, 73, 51, 83, 51)
2, (227, 255, 105, 171, 72, 56, 136, 309)
2, (222, 224, 116, 98, 76, 53, 86, 47)
2, (234, 241, 94, 167, 71, 60, 130, 292)
2, (220, 219, 115, 104, 73, 45, 68, 83)
2, (199, 182, 93, 162, 72, 62, 131, 291)
2, (228, 235, 121, 109, 73, 47, 53, 85)
2, (206, 163, 92, 163, 66, 57, 121, 285)
2, (199, 198, 134, 115, 62, 43, 53, 84)
2, (229, 167, 108, 150, 60, 52, 103, 165)
2, (183, 205, 131, 117, 65, 47, 59, 84)
2, (226, 170, 118, 154, 64, 55, 92, 217)
2, (185, 203, 118, 110, 63, 44, 61, 86)
2, (272, 174, 120, 152, 63, 49, 79, 274)
2, (244, 282, 118, 113, 62, 49, 84, 213)
2, (309, 211, 141, 172, 69, 51, 85, 272)
2, (244, 286, 113, 116, 66, 47, 89, 222)
2, (319, 201, 142, 172, 76, 53, 80, 268)
2, (248, 290, 96, 109, 63, 51, 97, 228)
2, (311, 193, 147, 155, 80, 48, 78, 266)
2, (255, 284, 103, 105, 59, 53, 92, 232)
2, (302, 191, 141, 155, 77, 46, 87, 224)
2, (252, 312, 102, 118, 61, 56, 100, 238)
2, (266, 219, 164, 158, 78, 54, 89, 208)
2, (253, 237, 98, 125, 62, 53, 89, 125)
2, (225, 190, 151, 133, 85, 51, 82, 278)
2, (249, 210, 92, 110, 57, 52, 84, 111)
2, (217, 191, 149, 133, 88, 48, 85, 280)
2, (274, 209, 92, 112, 60, 59, 90, 257)
2, (189, 197, 155, 117, 80, 52, 84, 274)
2, (273, 201, 79, 111, 80, 58, 109, 272)
2, (183, 217, 162, 129, 85, 54, 75, 267)
2, (284, 202, 75, 109, 86, 60, 109, 270)
2, (221, 256, 135, 141, 91, 52, 81, 227)
2, (250, 217, 93, 95, 88, 59, 105, 272)
2, (233, 242, 135, 159, 94, 56, 88, 143)
2, (246, 233, 100, 122, 90, 62, 105, 274)
2, (238, 249, 144, 165, 88, 57, 92, 259)
2, (218, 234, 101, 124, 97, 54, 97, 150)
2, (238, 244, 115, 174, 92, 55, 90, 264)
2, (214, 264, 107, 125, 90, 60, 114, 228)
2, (258, 259, 116, 172, 88, 54, 96, 260)
2, (189, 230, 109, 117, 83, 56, 108, 246)
2, (239, 199, 131, 184, 90, 49, 90, 256)
2, (177, 209, 97, 112, 80, 58, 108, 250)
2, (224, 215, 164, 175, 87, 46, 85, 255)
2, (183, 192, 88, 91, 82, 57, 108, 255)
2, (215, 208, 157, 162, 85, 49, 88, 153)
2, (201, 215, 91, 128, 75, 60, 117, 261)
2, (221, 216, 165, 156, 88, 52, 102, 280)
2, (205, 183, 95, 135, 74, 56, 98, 297)
2, (219, 207, 158, 171, 90, 52, 104, 286)
2, (216, 174, 97, 136, 71, 58, 104, 292)
2, (210, 193, 144, 142, 83, 56, 106, 290)
3, (238, 252, 104, 106, 93, 59, 92, 326)
3, (239, 188, 110, 99, 97, 67, 106, 357)
3, (179, 194, 112, 91, 80, 56, 107, 306)
3, (186, 189, 115, 92, 89, 61, 109, 297)
3, (212, 213, 121, 100, 95, 59, 112, 304)
3, (234, 234, 119, 112, 94, 62, 111, 376)
3, (211, 231, 109, 142, 78, 55, 104, 292)
3, (213, 231, 105, 141, 80, 57, 108, 279)
3, (227, 265, 117, 139, 81, 55, 106, 286)
3, (218, 243, 112, 139, 74, 68, 117, 359)
3, (194, 209, 105, 136, 60, 66, 127, 278)
3, (217, 223, 109, 131, 60, 64, 119, 268)
3, (246, 272, 107, 131, 66, 65, 109, 274)
3, (266, 241, 89, 125, 58, 66, 112, 273)
3, (258, 251, 102, 116, 57, 54, 106, 234)
3, (270, 247, 107, 113, 75, 46, 96, 276)
3, (270, 256, 106, 93, 96, 53, 103, 281)
3, (273, 195, 112, 92, 94, 59, 117, 279)
3, (240, 197, 116, 95, 94, 59, 123, 281)
3, (233, 187, 103, 109, 100, 61, 123, 304)
3, (218, 220, 93, 110, 96, 60, 112, 262)
3, (283, 204, 90, 108, 82, 55, 107, 260)
3, (268, 229, 95, 106, 81, 48, 90, 263)
3, (275, 226, 89, 104, 86, 54, 100, 334)
3, (306, 256, 88, 104, 80, 52, 87, 254)
3, (328, 240, 101, 117, 78, 54, 92, 253)
3, (265, 243, 106, 107, 88, 61, 109, 259)
3, (267, 226, 109, 109, 92, 64, 134, 314)
3, (277, 254, 110, 113, 94, 68, 151, 266)
3, (245, 222, 109, 113, 94, 66, 157, 268)
3, (218, 203, 104, 107, 98, 69, 157, 271)
3, (232, 248, 93, 104, 86, 65, 156, 267)
3, (244, 254, 78, 105, 80, 59, 136, 286)
3, (233, 232, 78, 111, 73, 47, 101, 254)
3, (248, 237, 79, 105, 78, 48, 109, 250)
3, (250, 307, 83, 91, 67, 41, 105, 262)
3, (250, 278, 111, 108, 65, 39, 103, 298)
3, (242, 280, 117, 117, 70, 50, 131, 296)
3, (240, 292, 120, 115, 68, 48, 131, 295)
3, (221, 342, 123, 110, 76, 52, 122, 295)
3, (244, 298, 118, 111, 74, 56, 134, 299)
3, (235, 299, 101, 108, 75, 53, 129, 259)
3, (208, 317, 108, 122, 77, 54, 106, 171)
3, (230, 310, 109, 123, 75, 59, 111, 281)
3, (247, 250, 114, 120, 62, 57, 119, 287)
3, (216, 253, 118, 126, 63, 65, 120, 268)
3, (277, 268, 120, 123, 59, 76, 140, 276)
3, (293, 231, 122, 115, 54, 71, 139, 275)
3, (276, 211, 122, 118, 56, 66, 135, 296)
3, (273, 231, 130, 121, 59, 68, 126, 323)
3, (293, 283, 137, 118, 61, 62, 124, 324)
3, (268, 269, 133, 116, 64, 49, 94, 322)
3, (300, 282, 139, 104, 70, 49, 94, 318)
3, (314, 288, 136, 96, 68, 50, 99, 205)
3, (310, 294, 141, 117, 64, 70, 126, 268)
3, (309, 220, 131, 112, 83, 71, 121, 267)
3, (326, 207, 128, 110, 89, 71, 121, 272)
3, (304, 191, 110, 115, 82, 70, 127, 289)
3, (280, 261, 125, 115, 81, 70, 128, 290)
3, (303, 247, 124, 105, 81, 54, 132, 320)
3, (306, 260, 133, 113, 60, 52, 128, 324)
3, (288, 252, 143, 136, 61, 58, 148, 326)
3, (285, 287, 149, 137, 65, 61, 140, 318)
3, (285, 244, 137, 145, 76, 60, 137, 377)
3, (256, 227, 117, 140, 80, 55, 121, 330)
3, (253, 213, 112, 169, 80, 58, 137, 334)
3, (235, 226, 113, 149, 73, 62, 145, 324)
3, (229, 217, 155, 145, 77, 66, 145, 313)
3, (254, 197, 171, 150, 75, 70, 152, 241)
3, (247, 203, 173, 146, 70, 77, 162, 299)
3, (254, 217, 170, 103, 74, 78, 157, 301)
3, (249, 266, 164, 108, 104, 76, 130, 304)
3, (272, 234, 121, 106, 99, 74, 137, 314)
3, (263, 228, 103, 105, 102, 81, 167, 371)
3, (266, 234, 104, 110, 107, 77, 152, 311)
3, (255, 229, 108, 142, 116, 82, 156, 307)
3, (268, 158, 117, 148, 94, 104, 205, 306)
3, (237, 168, 119, 145, 94, 105, 205, 301)
3, (246, 204, 118, 135, 88, 104, 203, 227)
3, (269, 215, 115, 145, 95, 102, 202, 318)
3, (252, 248, 111, 124, 80, 98, 196, 309)
3, (227, 250, 106, 116, 77, 69, 149, 309)
3, (220, 249, 121, 135, 77, 63, 141, 307)
3, (256, 236, 113, 140, 84, 59, 99, 313)
3, (239, 279, 127, 131, 79, 62, 100, 237)
3, (254, 244, 125, 128, 75, 55, 99, 307)
3, (293, 245, 128, 126, 72, 61, 136, 305)
3, (293, 257, 115, 122, 73, 62, 147, 318)
4, (223, 211, 122, 138, 73, 52, 115, 370)
4, (197, 253, 110, 132, 79, 51, 108, 304)
4, (257, 222, 107, 134, 100, 58, 120, 306)
4, (286, 255, 94, 131, 101, 57, 122, 401)
4, (270, 263, 101, 136, 96, 56, 114, 362)
4, (292, 256, 98, 115, 93, 54, 117, 318)
4, (298, 269, 101, 115, 95, 52, 115, 368)
4, (289, 258, 96, 110, 89, 57, 105, 416)
4, (248, 231, 104, 111, 84, 56, 89, 326)
4, (260, 230, 99, 106, 85, 55, 85, 328)
5, (203, 214, 93, 127, 75, 60, 110, 387)
5, (203, 202, 85, 141, 79, 65, 120, 356)
5, (260, 199, 82, 146, 80, 63, 154, 280)
5, (257, 191, 72, 126, 68, 61, 159, 347)
5, (253, 192, 82, 144, 78, 67, 154, 385)
5, (274, 197, 86, 153, 92, 69, 149, 349)
5, (293, 200, 93, 137, 85, 66, 142, 360)
5, (224, 215, 97, 129, 86, 72, 115, 429)
5, (228, 196, 96, 132, 89, 70, 105, 368)
5, (233, 188, 104, 117, 88, 64, 118, 321)
5, (245, 167, 117, 122, 74, 61, 124, 384)
5, (216, 216, 119, 133, 74, 57, 125, 375)
5, (230, 205, 124, 142, 72, 44, 118, 267)
5, (234, 199, 123, 140, 74, 48, 132, 321)
