0, (193, 196, 112, 97, 69, 90, 258, 170)
0, (172, 230, 119, 96, 65, 81, 238, 128)
0, (173, 192, 114, 99, 65, 83, 230, 136)
0, (182, 195, 116, 92, 59, 87, 234, 228)
0, (165, 191, 106, 89, 62, 95, 258, 256)
0, (177, 197, 107, 90, 62, 74, 223, 252)
0, (186, 172, 102, 93, 64, 74, 223, 251)
0, (184, 189, 106, 85, 65, 72, 213, 247)
0, (150, 176, 87, 80, 69, 69, 206, 145)
0, (148, 220, 90, 79, 77, 72, 181, 108)
0, (133, 228, 105, 115, 76, 87, 190, 110)
0, (116, 210, 110, 120, 74, 91, 207, 115)
0, (104, 220, 106, 124, 75, 92, 209, 110)
0, (99, 222, 112, 133, 70, 90, 208, 104)
0, (97, 188, 113, 132, 53, 69, 178, 70)
0, (101, 202, 102, 98, 49, 50, 142, 58)
0, (164, 215, 90, 81, 53, 49, 118, 47)
0, (168, 210, 104, 74, 52, 52, 132, 50)
0, (176, 207, 99, 59, 64, 55, 131, 53)
0, (177, 199, 93, 54, 68, 61, 130, 57)
0, (172, 172, 95, 44, 66, 57, 117, 60)
0, (110, 227, 102, 61, 62, 53, 97, 56)
0, (104, 225, 95, 61, 70, 48, 71, 53)
0, (95, 237, 92, 61, 66, 46, 69, 48)
0, (100, 262, 89, 64, 67, 41, 74, 57)
0, (105, 296, 79, 66, 71, 59, 116, 59)
0, (125, 322, 80, 65, 73, 62, 129, 63)
0, (128, 313, 78, 67, 66, 65, 137, 69)
0, (133, 336, 94, 70, 60, 66, 148, 69)
0, (132, 346, 97, 68, 59, 65, 144, 58)
0, (134, 329, 100, 70, 57, 69, 134, 58)
0, (122, 279, 90, 66, 59, 67, 130, 54)
0, (119, 282, 81, 84, 62, 67, 136, 53)
0, (128, 251, 76, 89, 67, 68, 126, 53)
0, (124, 230, 75, 92, 64, 69, 126, 55)
0, (110, 236, 75, 106, 67, 54, 115, 58)
0, (108, 253, 87, 103, 75, 64, 168, 74)
0, (111, 267, 91, 90, 73, 60, 157, 71)
0, (152, 297, 80, 88, 79, 60, 162, 74)
0, (161, 301, 82, 87, 85, 73, 171, 74)
0, (182, 281, 74, 68, 81, 79, 183, 75)
0, (179, 246, 70, 69, 84, 73, 140, 61)
0, (180, 248, 66, 68, 101, 84, 156, 60)
0, (133, 251, 66, 61, 92, 86, 171, 70)
0, (123, 234, 64, 67, 92, 78, 165, 72)
0, (127, 236, 67, 76, 96, 72, 148, 74)
0, (138, 280, 72, 70, 89, 68, 138, 78)
0, (133, 265, 76, 65, 69, 61, 139, 79)
0, (131, 241, 78, 69, 76, 59, 118, 67)
0, (136, 230, 78, 64, 73, 58, 118, 67)
0, (100, 248, 81, 56, 74, 56, 123, 64)
0, (121, 193, 72, 60, 74, 61, 156, 61)
0, (124, 191, 71, 61, 70, 55, 143, 58)
0, (153, 177, 73, 81, 65, 50, 145, 69)
0, (165, 267, 66, 82, 64, 50, 146, 67)
0, (163, 334, 65, 82, 61, 53, 144, 61)
0, (150, 347, 78, 80, 56, 50, 168, 73)
0, (155, 360, 78, 80, 58, 54, 167, 75)
0, (129, 363, 75, 59, 59, 53, 165, 66)
0, (111, 362, 76, 53, 60, 59, 176, 66)
0, (114, 301, 81, 52, 64, 62, 170, 70)
0, (99, 308, 67, 48, 71, 59, 115, 57)
0, (110, 294, 66, 51, 78, 60, 127, 57)
0, (118, 307, 64, 46, 77, 60, 119, 57)
0, (145, 212, 66, 56, 76, 54, 151, 57)
0, (162, 246, 65, 53, 68, 50, 143, 57)
0, (169, 265, 80, 62, 73, 55, 140, 61)
0, (161, 280, 79, 58, 73, 52, 128, 55)
1, (126, 239, 62, 47, 76, 55, 109, 55)
1, (129, 226, 63, 49, 80, 53, 144, 52)
1, (163, 228, 75, 57, 67, 52, 149, 57)
1, (170, 244, 83, 59, 73, 59, 155, 64)
1, (134, 271, 85, 74, 73, 62, 142, 58)
1, (146, 303, 99, 73, 78, 70, 159, 112)
1, (138, 298, 94, 72, 78, 74, 179, 113)
1, (144, 285, 95, 73, 65, 86, 196, 123)
1, (158, 258, 110, 75, 60, 88, 203, 127)
1, (181, 228, 116, 77, 76, 84, 243, 127)
1, (196, 189, 108, 94, 82, 77, 237, 268)
1, (204, 223, 118, 105, 82, 68, 231, 285)
1, (201, 251, 123, 111, 83, 57, 216, 285)
1, (197, 260, 123, 115, 85, 66, 236, 290)
1, (179, 271, 123, 108, 74, 68, 183, 302)
1, (182, 272, 141, 101, 67, 71, 194, 286)
1, (178, 270, 138, 97, 62, 68, 183, 277)
1, (184, 255, 133, 100, 64, 72, 189, 277)
1, (178, 263, 125, 105, 67, 68, 179, 271)
1, (171, 301, 146, 103, 71, 62, 194, 262)
1, (142, 324, 144, 97, 72, 62, 226, 135)
1, (140, 299, 143, 90, 68, 64, 238, 117)
1, (160, 293, 148, 79, 72, 61, 233, 135)
1, (158, 299, 163, 96, 72, 72, 266, 153)
1, (176, 306, 138, 102, 62, 85, 283, 149)
2, (180, 273, 120, 107, 56, 87, 250, 139)
2, (185, 268, 119, 110, 60, 92, 247, 143)
2, (156, 257, 113, 106, 54, 94, 251, 226)
2, (160, 309, 112, 94, 53, 90, 213, 240)
2, (151, 291, 115, 101, 53, 85, 236, 250)
2, (170, 294, 119, 97, 60, 83, 241, 249)
2, (177, 328, 119, 96, 57, 76, 227, 253)
2, (177, 357, 117, 105, 58, 78, 218, 173)
2, (173, 294, 91, 101, 58, 74, 212, 208)
2, (173, 257, 102, 88, 62, 72, 150, 210)
2, (154, 251, 115, 85, 59, 71, 140, 209)
2, (136, 213, 112, 98, 65, 68, 133, 204)
2, (143, 172, 114, 97, 61, 60, 134, 201)
2, (142, 227, 118, 85, 58, 65, 140, 198)
2, (194, 238, 108, 99, 59, 62, 134, 212)
2, (183, 234, 89, 106, 56, 73, 197, 211)
2, (205, 244, 114, 104, 51, 81, 214, 218)
2, (211, 260, 143, 129, 54, 84, 213, 245)
2, (214, 216, 148, 137, 54, 77, 202, 213)
2, (229, 279, 141, 143, 64, 84, 231, 192)
2, (176, 206, 148, 131, 62, 94, 263, 236)
2, (230, 284, 134, 123, 71, 95, 245, 226)
2, (178, 206, 156, 143, 74, 100, 265, 252)
2, (227, 278, 131, 126, 74, 113, 288, 291)
2, (155, 253, 204, 135, 71, 96, 262, 246)
2, (217, 246, 151, 112, 75, 119, 313, 289)
2, (138, 248, 206, 115, 69, 97, 262, 218)
2, (251, 188, 150, 112, 71, 110, 300, 295)
2, (160, 250, 209, 123, 72, 96, 270, 209)
2, (240, 255, 155, 129, 70, 111, 298, 303)
2, (173, 251, 213, 125, 71, 83, 216, 203)
2, (236, 250, 155, 126, 60, 105, 311, 275)
2, (178, 256, 212, 116, 62, 65, 156, 200)
2, (230, 260, 151, 117, 58, 94, 282, 223)
2, (173, 233, 190, 118, 65, 63, 151, 224)
2, (210, 273, 129, 130, 69, 91, 239, 232)
2, (179, 242, 172, 123, 72, 71, 167, 236)
2, (148, 266, 125, 126, 77, 97, 271, 231)
2, (168, 232, 162, 130, 74, 72, 177, 270)
2, (153, 287, 97, 102, 92, 97, 277, 219)
2, (153, 223, 162, 126, 67, 76, 189, 249)
2, (149, 333, 100, 96, 93, 97, 254, 222)
2, (158, 228, 162, 128, 65, 77, 185, 239)
2, (147, 367, 125, 97, 90, 88, 245, 213)
2, (160, 194, 114, 131, 63, 74, 178, 220)
2, (157, 366, 137, 101, 86, 85, 232, 202)
2, (175, 160, 127, 127, 59, 64, 171, 207)
2, (159, 368, 136, 101, 81, 81, 203, 207)
2, (170, 161, 149, 151, 55, 72, 226, 165)
2, (160, 327, 141, 113, 64, 78, 193, 196)
2, (154, 180, 145, 166, 59, 77, 228, 148)
2, (167, 301, 151, 134, 65, 87, 195, 227)
2, (148, 181, 145, 159, 60, 74, 227, 172)
2, (178, 329, 151, 139, 68, 96, 205, 202)
2, (170, 206, 151, 158, 63, 75, 228, 170)
2, (153, 321, 140, 130, 60, 79, 192, 212)
2, (176, 234, 156, 156, 63, 74, 225, 247)
2, (154, 323, 143, 146, 57, 96, 235, 212)
2, (175, 230, 151, 120, 61, 63, 148, 239)
2, (156, 299, 156, 140, 53, 95, 238, 213)
2, (179, 235, 154, 117, 52, 69, 190, 242)
2, (169, 293, 162, 125, 54, 84, 230, 246)
3, (150, 218, 130, 113, 66, 85, 210, 194)
3, (160, 280, 122, 118, 68, 89, 210, 197)
3, (172, 282, 129, 126, 73, 79, 198, 211)
3, (166, 278, 129, 122, 75, 78, 217, 241)
3, (177, 278, 124, 107, 73, 81, 215, 242)
3, (207, 289, 123, 101, 77, 73, 200, 250)
3, (198, 215, 133, 99, 80, 64, 220, 260)
3, (193, 200, 128, 90, 86, 69, 238, 264)
3, (201, 218, 139, 103, 80, 70, 230, 233)
3, (232, 284, 137, 100, 77, 68, 237, 235)
3, (203, 268, 139, 104, 66, 65, 234, 231)
3, (201, 302, 133, 105, 71, 68, 218, 232)
3, (206, 283, 128, 107, 74, 70, 205, 219)
3, (192, 278, 118, 105, 75, 73, 202, 283)
3, (131, 243, 109, 111, 77, 66, 185, 280)
3, (134, 284, 121, 100, 78, 71, 199, 282)
3, (140, 255, 118, 98, 74, 75, 205, 278)
3, (142, 271, 122, 101, 59, 67, 190, 282)
3, (149, 271, 130, 99, 55, 63, 205, 206)
3, (154, 293, 138, 107, 50, 70, 214, 213)
3, (166, 260, 126, 106, 57, 76, 232, 232)
3, (182, 261, 125, 105, 65, 77, 231, 227)
3, (231, 264, 116, 134, 65, 86, 263, 220)
3, (231, 272, 115, 140, 71, 84, 258, 256)
3, (228, 213, 107, 133, 77, 86, 276, 249)
3, (238, 214, 115, 131, 75, 80, 253, 246)
3, (235, 218, 117, 138, 67, 75, 236, 244)
3, (190, 211, 126, 137, 70, 66, 194, 246)
3, (199, 204, 125, 134, 69, 70, 197, 201)
3, (236, 234, 125, 138, 65, 82, 220, 208)
3, (232, 286, 129, 142, 65, 88, 229, 176)
4, (180, 186, 112, 102, 67, 81, 258, 249)
4, (199, 196, 113, 101, 73, 79, 251, 257)
4, (203, 248, 114, 107, 69, 77, 244, 333)
4, (197, 241, 106, 112, 72, 74, 214, 279)
4, (202, 253, 110, 112, 72, 75, 229, 281)
4, (204, 285, 101, 98, 68, 76, 242, 277)
4, (179, 280, 99, 93, 63, 71, 251, 302)
4, (174, 223, 89, 98, 66, 78, 271, 314)
4, (183, 236, 85, 95, 60, 70, 260, 316)
4, (184, 249, 70, 92, 61, 72, 324, 316)
4, (164, 228, 88, 86, 56, 73, 315, 314)
4, (147, 247, 104, 87, 53, 82, 306, 283)
4, (159, 246, 107, 76, 57, 73, 275, 201)
4, (160, 237, 128, 100, 66, 78, 280, 199)
5, (141, 243, 154, 127, 65, 71, 215, 206)
5, (146, 243, 128, 134, 65, 71, 228, 198)
5, (127, 237, 117, 119, 61, 77, 241, 133)
5, (126, 233, 129, 122, 74, 65, 245, 147)
5, (114, 213, 111, 100, 67, 66, 262, 183)
5, (120, 224, 109, 98, 64, 65, 227, 214)
5, (144, 236, 110, 90, 62, 70, 228, 211)
5, (148, 237, 113, 87, 69, 74, 229, 208)
5, (159, 201, 97, 92, 89, 72, 214, 212)
5, (155, 177, 108, 96, 90, 89, 239, 178)
5, (144, 186, 105, 96, 90, 89, 249, 163)
5, (120, 169, 106, 89, 95, 84, 233, 222)
5, (124, 186, 117, 100, 96, 79, 220, 225)
5, (112, 188, 123, 102, 66, 107, 270, 219)
5, (109, 192, 122, 105, 64, 120, 272, 245)
5, (120, 186, 135, 110, 70, 119, 267, 248)
5, (108, 183, 201, 167, 76, 121, 284, 255)
5, (121, 207, 199, 181, 69, 119, 307, 272)
5, (141, 203, 192, 180, 72, 100, 265, 276)
5, (160, 197, 189, 177, 74, 74, 248, 271)
5, (182, 205, 182, 173, 80, 78, 252, 338)
5, (188, 206, 104, 126, 68, 81, 241, 293)
5, (177, 169, 104, 100, 72, 89, 230, 280)
5, (166, 214, 131, 125, 68, 94, 260, 288)
5, (160, 219, 128, 126, 73, 88, 230, 280)
5, (138, 233, 125, 130, 63, 86, 228, 252)
5, (138, 227, 127, 152, 62, 85, 248, 255)
5, (145, 223, 115, 146, 60, 109, 294, 247)
5, (147, 213, 87, 126, 64, 107, 265, 238)
5, (138, 223, 89, 136, 56, 104, 269, 231)
5, (140, 187, 93, 134, 59, 113, 310, 196)
5, (139, 202, 98, 101, 65, 109, 298, 257)
5, (139, 297, 103, 103, 72, 92, 262, 257)
5, (126, 279, 104, 118, 69, 87, 287, 254)
5, (152, 265, 106, 103, 71, 92, 302, 262)
5, (160, 274, 128, 131, 73, 84, 263, 290)
5, (166, 281, 133, 133, 75, 94, 258, 237)
5, (174, 200, 151, 138, 71, 87, 290, 252)
5, (177, 211, 157, 125, 70, 87, 262, 258)
5, (184, 242, 154, 127, 69, 85, 246, 344)
5, (188, 250, 134, 114, 62, 96, 279, 301)
5, (178, 242, 125, 120, 54, 94, 321, 302)
5, (165, 323, 117, 109, 51, 86, 274, 285)
5, (173, 340, 130, 106, 48, 84, 279, 288)
5, (147, 326, 137, 106, 51, 87, 283, 272)
5, (114, 318, 146, 107, 65, 82, 247, 260)
5, (116, 313, 147, 100, 73, 71, 175, 257)
5, (133, 206, 135, 104, 74, 70, 161, 256)
5, (129, 188, 109, 104, 76, 71, 207, 256)
5, (134, 203, 118, 107, 75, 71, 282, 287)
5, (143, 205, 101, 111, 71, 65, 289, 287)
5, (142, 202, 131, 112, 66, 67, 290, 292)
5, (127, 203, 135, 114, 64, 67, 295, 300)
5, (148, 214, 133, 111, 65, 77, 283, 290)
5, (155, 201, 135, 122, 66, 72, 202, 175)
5, (158, 230, 154, 104, 68, 72, 202, 184)
5, (160, 249, 132, 96, 66, 75, 214, 181)
5, (169, 251, 130, 97, 65, 83, 226, 177)
5, (158, 320, 145, 99, 71, 80, 214, 199)
5, (141, 326, 125, 82, 78, 94, 287, 250)
5, (133, 305, 120, 83, 72, 90, 297, 254)
5, (158, 296, 118, 96, 74, 88, 292, 249)
5, (168, 301, 115, 97, 75, 88, 305, 249)
5, (170, 209, 106, 94, 70, 87, 311, 252)
5, (177, 206, 119, 91, 60, 79, 279, 248)
5, (178, 200, 110, 93, 64, 79, 249, 239)
