0, (215, 215, 183, 190, 111, 59, 88, 109)
0, (205, 218, 176, 191, 114, 54, 92, 106)
0, (192, 217, 174, 207, 118, 56, 93, 108)
0, (194, 277, 187, 200, 122, 60, 92, 101)
0, (210, 257, 190, 194, 110, 58, 90, 86)
0, (195, 254, 166, 165, 107, 50, 68, 98)
0, (203, 277, 168, 175, 106, 56, 91, 112)
0, (199, 328, 197, 155, 92, 54, 91, 110)
0, (200, 271, 187, 140, 79, 53, 93, 113)
0, (212, 278, 241, 143, 88, 57, 103, 97)
0, (196, 277, 241, 145, 94, 56, 105, 111)
0, (190, 299, 238, 127, 93, 49, 97, 100)
0, (204, 245, 225, 135, 99, 50, 101, 100)
0, (219, 221, 200, 113, 96, 49, 100, 98)
0, (202, 229, 129, 103, 87, 43, 91, 98)
0, (224, 270, 127, 100, 76, 41, 84, 61)
0, (225, 225, 117, 101, 65, 44, 66, 55)
0, (216, 229, 103, 92, 55, 43, 62, 71)
0, (210, 292, 120, 97, 59, 42, 61, 94)
0, (204, 278, 136, 118, 68, 45, 59, 96)
0, (190, 237, 139, 120, 79, 54, 72, 101)
0, (198, 255, 141, 121, 104, 60, 60, 101)
0, (227, 329, 142, 130, 126, 69, 62, 92)
0, (221, 284, 126, 123, 125, 67, 67, 68)
0, (206, 287, 96, 101, 125, 69, 66, 62)
0, (205, 308, 86, 99, 132, 66, 54, 54)
0, (200, 292, 84, 93, 115, 60, 60, 57)
0, (204, 200, 71, 78, 105, 53, 57, 51)
0, (200, 207, 64, 76, 109, 56, 52, 51)
0, (207, 253, 71, 92, 103, 53, 54, 51)
0, (193, 236, 84, 94, 86, 49, 58, 52)
0, (182, 227, 80, 96, 89, 49, 59, 48)
0, (178, 264, 78, 104, 86, 44, 58, 48)
0, (182, 257, 79, 102, 84, 48, 70, 48)
0, (210, 200, 74, 85, 85, 50, 75, 52)
0, (218, 219, 63, 85, 85, 48, 76, 49)
0, (218, 236, 66, 96, 88, 50, 74, 48)
0, (218, 203, 74, 83, 74, 51, 78, 43)
0, (249, 210, 82, 82, 70, 45, 67, 44)
0, (241, 270, 79, 84, 72, 44, 62, 41)
0, (238, 255, 75, 84, 71, 43, 61, 40)
0, (248, 278, 71, 73, 65, 42, 59, 42)
0, (235, 308, 67, 82, 81, 44, 59, 49)
0, (204, 297, 58, 84, 81, 46, 59, 46)
0, (203, 247, 63, 80, 83, 47, 58, 46)
0, (239, 278, 71, 78, 93, 48, 57, 49)
0, (257, 243, 69, 81, 94, 56, 64, 51)
0, (250, 206, 70, 80, 80, 66, 63, 45)
0, (288, 205, 75, 83, 84, 72, 75, 52)
0, (284, 236, 72, 87, 85, 72, 80, 50)
0, (256, 195, 67, 90, 76, 72, 82, 48)
0, (251, 205, 73, 85, 77, 68, 79, 46)
0, (263, 242, 65, 95, 84, 55, 78, 50)
0, (225, 244, 61, 94, 85, 46, 66, 46)
0, (207, 209, 63, 90, 85, 44, 62, 46)
0, (227, 229, 70, 104, 87, 43, 55, 50)
0, (223, 286, 68, 107, 83, 39, 54, 49)
0, (200, 270, 74, 94, 86, 43, 53, 46)
1, (213, 266, 75, 102, 89, 45, 54, 43)
1, (236, 277, 77, 101, 85, 47, 56, 42)
1, (252, 284, 79, 81, 86, 50, 74, 42)
1, (248, 216, 76, 74, 84, 53, 74, 45)
1, (247, 182, 73, 85, 74, 52, 75, 75)
1, (274, 195, 82, 81, 64, 53, 89, 86)
1, (268, 249, 85, 88, 60, 53, 95, 87)
1, (236, 233, 85, 97, 58, 50, 85, 89)
1, (237, 244, 91, 97, 66, 55, 108, 96)
1, (250, 258, 103, 110, 66, 54, 114, 77)
1, (269, 268, 103, 113, 71, 55, 108, 86)
1, (267, 241, 103, 114, 83, 57, 101, 92)
1, (310, 231, 107, 108, 87, 57, 101, 88)
1, (303, 231, 110, 114, 90, 50, 82, 83)
1, (305, 284, 101, 122, 99, 54, 71, 84)
1, (252, 272, 108, 128, 109, 63, 81, 84)
1, (255, 248, 102, 133, 105, 61, 90, 77)
1, (220, 257, 96, 144, 101, 60, 90, 79)
1, (236, 315, 104, 146, 97, 58, 84, 76)
1, (245, 262, 126, 184, 108, 59, 96, 101)
1, (245, 257, 118, 186, 92, 51, 104, 84)
1, (250, 253, 122, 181, 90, 54, 104, 85)
1, (230, 262, 136, 182, 89, 68, 124, 84)
1, (233, 194, 128, 211, 87, 68, 128, 89)
2, (249, 204, 106, 176, 58, 67, 126, 83)
2, (284, 264, 103, 167, 69, 64, 110, 87)
2, (268, 289, 104, 164, 73, 64, 110, 88)
2, (268, 267, 84, 161, 73, 50, 86, 88)
2, (322, 263, 108, 168, 82, 54, 107, 95)
2, (299, 258, 121, 165, 86, 60, 124, 74)
2, (267, 210, 120, 164, 86, 61, 131, 71)
2, (306, 184, 119, 188, 86, 59, 124, 86)
2, (332, 240, 116, 187, 100, 62, 130, 87)
2, (372, 217, 208, 125, 95, 66, 106, 133)
2, (255, 231, 100, 142, 93, 60, 109, 100)
2, (375, 216, 205, 175, 101, 63, 108, 129)
2, (251, 220, 89, 139, 89, 53, 82, 103)
2, (410, 232, 185, 174, 103, 69, 117, 129)
2, (307, 211, 91, 144, 84, 58, 83, 117)
2, (347, 283, 197, 174, 102, 70, 121, 131)
2, (288, 231, 105, 147, 83, 58, 82, 115)
2, (312, 258, 209, 171, 101, 63, 108, 119)
2, (265, 174, 105, 143, 68, 53, 71, 125)
2, (311, 243, 176, 176, 100, 69, 99, 116)
2, (288, 171, 117, 165, 69, 72, 128, 117)
2, (347, 243, 155, 134, 85, 69, 95, 101)
2, (336, 268, 120, 166, 79, 77, 134, 121)
2, (306, 234, 165, 157, 100, 62, 92, 100)
2, (293, 268, 130, 164, 90, 71, 128, 107)
2, (297, 197, 163, 151, 105, 57, 91, 111)
2, (299, 240, 125, 159, 96, 72, 128, 100)
2, (321, 200, 146, 161, 95, 69, 112, 98)
2, (324, 247, 129, 170, 97, 78, 145, 106)
2, (328, 209, 153, 191, 96, 64, 124, 114)
2, (334, 284, 113, 158, 96, 65, 111, 106)
2, (288, 251, 170, 189, 101, 65, 124, 114)
2, (309, 202, 125, 153, 92, 60, 103, 106)
2, (324, 249, 174, 158, 84, 67, 122, 116)
2, (317, 221, 121, 181, 88, 60, 100, 110)
2, (314, 222, 158, 168, 92, 69, 121, 113)
2, (296, 225, 148, 173, 77, 64, 109, 132)
2, (308, 222, 146, 174, 118, 59, 120, 114)
2, (279, 246, 147, 164, 75, 72, 111, 126)
2, (293, 245, 140, 143, 117, 53, 104, 102)
2, (248, 222, 146, 160, 90, 81, 104, 119)
2, (379, 216, 151, 158, 131, 57, 108, 120)
2, (279, 216, 137, 160, 89, 82, 105, 113)
2, (357, 218, 133, 164, 135, 57, 106, 117)
2, (265, 199, 145, 142, 80, 83, 114, 127)
2, (352, 227, 143, 166, 129, 52, 100, 104)
2, (279, 265, 117, 141, 81, 80, 110, 107)
2, (380, 254, 168, 160, 111, 47, 77, 108)
2, (301, 251, 116, 143, 89, 69, 88, 96)
2, (374, 252, 184, 157, 108, 50, 84, 117)
2, (300, 232, 120, 143, 78, 57, 87, 97)
2, (310, 240, 158, 141, 91, 48, 82, 96)
2, (250, 315, 124, 143, 81, 60, 88, 98)
2, (290, 253, 165, 143, 95, 45, 87, 90)
2, (289, 319, 128, 128, 84, 62, 85, 129)
2, (270, 282, 165, 144, 93, 49, 96, 96)
2, (276, 266, 124, 115, 89, 67, 108, 129)
2, (240, 255, 142, 146, 89, 45, 98, 89)
2, (234, 265, 128, 111, 83, 68, 107, 131)
2, (294, 243, 142, 140, 90, 44, 96, 77)
2, (247, 299, 129, 131, 82, 68, 108, 131)
2, (277, 293, 158, 164, 93, 44, 91, 84)
2, (264, 219, 118, 130, 78, 67, 112, 154)
2, (302, 293, 183, 171, 96, 50, 100, 88)
2, (209, 207, 97, 137, 86, 78, 123, 117)
2, (317, 261, 189, 170, 92, 56, 110, 107)
2, (232, 201, 103, 147, 87, 76, 112, 120)
2, (322, 257, 200, 178, 95, 61, 112, 100)
2, (299, 245, 145, 151, 84, 75, 118, 125)
2, (295, 290, 192, 181, 104, 66, 111, 99)
2, (306, 216, 156, 137, 81, 69, 112, 120)
2, (284, 240, 199, 185, 103, 65, 112, 98)
2, (304, 210, 164, 148, 82, 76, 136, 99)
2, (272, 224, 167, 183, 91, 62, 109, 96)
2, (352, 257, 165, 146, 72, 70, 129, 98)
2, (299, 236, 157, 174, 100, 58, 102, 89)
2, (366, 308, 173, 139, 67, 67, 117, 93)
2, (324, 235, 141, 154, 99, 56, 90, 91)
2, (332, 287, 147, 154, 77, 68, 112, 88)
2, (321, 207, 139, 167, 97, 51, 89, 94)
2, (366, 280, 132, 150, 80, 70, 115, 90)
2, (380, 293, 128, 133, 89, 62, 88, 94)
2, (346, 260, 122, 140, 91, 53, 89, 93)
3, (279, 245, 178, 172, 59, 73, 116, 115)
3, (271, 215, 153, 171, 63, 76, 122, 142)
3, (273, 234, 161, 127, 67, 73, 122, 117)
3, (272, 239, 189, 125, 65, 68, 114, 112)
3, (226, 247, 170, 117, 71, 47, 95, 119)
3, (254, 219, 191, 145, 91, 49, 116, 131)
3, (258, 191, 190, 145, 100, 47, 112, 99)
3, (300, 183, 200, 181, 106, 55, 114, 107)
3, (318, 226, 191, 188, 105, 57, 117, 107)
3, (324, 200, 196, 194, 110, 68, 118, 139)
3, (314, 203, 193, 206, 101, 68, 100, 128)
3, (288, 235, 206, 199, 96, 72, 101, 130)
3, (281, 223, 196, 184, 89, 69, 103, 148)
3, (244, 204, 182, 177, 96, 69, 92, 147)
3, (271, 208, 178, 166, 94, 61, 90, 119)
3, (266, 225, 166, 142, 90, 61, 99, 123)
3, (266, 221, 193, 152, 92, 56, 108, 136)
3, (230, 233, 193, 132, 104, 55, 108, 115)
3, (269, 207, 189, 128, 103, 53, 110, 116)
3, (260, 220, 184, 147, 100, 51, 105, 142)
3, (264, 233, 184, 132, 107, 53, 116, 142)
3, (300, 207, 151, 126, 107, 54, 104, 130)
3, (304, 224, 171, 131, 92, 53, 103, 141)
3, (278, 296, 227, 139, 91, 51, 102, 145)
3, (282, 289, 249, 135, 98, 50, 99, 121)
3, (321, 260, 247, 130, 89, 49, 73, 138)
3, (287, 267, 246, 125, 80, 50, 79, 139)
3, (277, 241, 249, 172, 88, 50, 76, 123)
3, (296, 140, 201, 172, 86, 53, 81, 118)
3, (265, 165, 185, 173, 84, 66, 101, 122)
3, (255, 179, 191, 171, 80, 63, 100, 92)
3, (282, 176, 179, 173, 89, 67, 112, 90)
3, (279, 227, 170, 169, 87, 65, 116, 94)
3, (254, 235, 167, 185, 88, 61, 112, 92)
3, (294, 220, 165, 184, 84, 48, 91, 86)
3, (267, 214, 154, 187, 99, 61, 110, 109)
3, (257, 291, 155, 202, 94, 58, 90, 122)
3, (265, 257, 169, 194, 92, 57, 84, 117)
3, (304, 258, 187, 183, 89, 59, 81, 128)
3, (273, 253, 178, 181, 91, 63, 95, 129)
3, (277, 263, 178, 179, 84, 58, 75, 114)
3, (293, 254, 186, 163, 82, 55, 78, 111)
3, (290, 261, 178, 117, 84, 58, 83, 132)
3, (253, 256, 183, 121, 85, 56, 82, 127)
3, (367, 263, 184, 119, 84, 56, 74, 120)
3, (381, 280, 187, 127, 90, 63, 97, 143)
4, (228, 210, 186, 125, 83, 55, 97, 94)
4, (291, 212, 187, 147, 81, 62, 109, 105)
4, (294, 231, 180, 156, 90, 89, 154, 109)
4, (310, 241, 174, 160, 93, 89, 153, 139)
4, (334, 233, 174, 168, 98, 90, 145, 128)
4, (356, 231, 167, 163, 84, 89, 147, 127)
4, (343, 233, 179, 165, 96, 85, 143, 122)
4, (339, 228, 209, 176, 101, 57, 110, 117)
4, (329, 252, 213, 184, 98, 51, 104, 75)
4, (310, 255, 251, 191, 97, 49, 109, 87)
4, (282, 253, 230, 204, 99, 51, 107, 107)
4, (266, 296, 218, 187, 87, 54, 115, 108)
4, (277, 295, 190, 168, 76, 57, 97, 119)
4, (308, 223, 190, 151, 84, 59, 104, 128)
4, (294, 224, 127, 131, 89, 57, 100, 143)
4, (298, 231, 148, 107, 83, 62, 109, 124)
4, (315, 212, 149, 99, 90, 63, 101, 133)
4, (283, 195, 165, 101, 97, 64, 94, 124)
4, (255, 218, 168, 96, 93, 76, 110, 132)
4, (273, 231, 180, 95, 83, 78, 117, 113)
4, (297, 277, 199, 111, 83, 75, 110, 118)
4, (261, 240, 191, 162, 81, 74, 106, 132)
4, (278, 242, 178, 162, 68, 71, 116, 136)
4, (295, 233, 188, 170, 61, 76, 123, 121)
5, (270, 230, 144, 132, 75, 53, 71, 148)
5, (267, 224, 148, 117, 77, 55, 77, 127)
5, (247, 238, 166, 131, 94, 59, 77, 162)
5, (220, 256, 166, 134, 101, 56, 79, 173)
5, (235, 248, 150, 160, 98, 68, 93, 159)
5, (263, 256, 151, 165, 100, 72, 93, 150)
5, (249, 262, 153, 170, 115, 69, 91, 153)
5, (246, 246, 139, 159, 98, 65, 94, 151)
5, (256, 212, 141, 153, 90, 63, 88, 134)
5, (259, 214, 163, 121, 86, 48, 79, 147)
5, (237, 209, 182, 132, 92, 44, 93, 153)
5, (237, 202, 190, 150, 84, 45, 94, 145)
5, (245, 179, 209, 153, 93, 46, 101, 106)
5, (227, 206, 217, 150, 103, 51, 111, 127)
5, (216, 209, 231, 183, 113, 52, 106, 122)
5, (217, 212, 214, 169, 107, 52, 103, 111)
5, (222, 216, 215, 155, 101, 50, 99, 111)
5, (241, 221, 193, 147, 92, 57, 104, 114)
5, (222, 207, 190, 154, 84, 58, 103, 83)
5, (229, 217, 160, 118, 68, 57, 112, 90)
