0, (239, 221, 186, 218, 88, 91, 127, 315)
0, (216, 244, 198, 251, 115, 100, 144, 325)
0, (207, 244, 186, 258, 107, 78, 120, 333)
0, (193, 295, 185, 303, 121, 79, 117, 325)
0, (198, 296, 188, 322, 132, 80, 119, 325)
0, (203, 302, 188, 307, 134, 79, 122, 327)
0, (201, 287, 179, 275, 111, 63, 96, 305)
0, (216, 305, 198, 284, 107, 69, 96, 296)
0, (188, 246, 199, 213, 89, 65, 113, 296)
0, (195, 255, 201, 196, 73, 59, 119, 247)
0, (189, 252, 192, 207, 81, 60, 120, 319)
0, (237, 297, 188, 195, 78, 68, 137, 363)
0, (217, 294, 198, 201, 106, 85, 145, 357)
0, (225, 299, 202, 202, 113, 86, 129, 356)
0, (220, 327, 201, 263, 122, 88, 129, 327)
0, (199, 325, 199, 249, 127, 87, 127, 355)
0, (202, 343, 226, 254, 137, 89, 128, 332)
0, (205, 362, 201, 229, 121, 67, 112, 337)
0, (209, 354, 203, 242, 119, 84, 153, 345)
0, (206, 319, 210, 190, 108, 82, 149, 341)
0, (215, 336, 221, 209, 91, 79, 153, 283)
0, (197, 272, 220, 224, 90, 79, 155, 263)
0, (208, 230, 215, 224, 88, 85, 163, 267)
0, (222, 244, 205, 227, 89, 69, 133, 320)
0, (245, 250, 194, 201, 92, 70, 129, 317)
0, (239, 248, 187, 192, 90, 71, 120, 272)
0, (217, 251, 151, 162, 77, 56, 96, 233)
0, (203, 239, 155, 157, 73, 46, 86, 219)
0, (180, 212, 146, 119, 78, 47, 82, 93)
0, (142, 192, 149, 122, 78, 49, 86, 86)
0, (130, 155, 143, 109, 82, 49, 97, 68)
0, (120, 165, 153, 110, 87, 51, 94, 61)
0, (129, 169, 155, 114, 91, 52, 91, 55)
0, (135, 195, 156, 124, 82, 46, 100, 45)
0, (163, 193, 147, 117, 79, 48, 132, 82)
0, (169, 201, 136, 105, 79, 53, 131, 93)
0, (174, 192, 117, 100, 75, 57, 139, 97)
0, (169, 178, 90, 86, 64, 53, 136, 96)
0, (162, 152, 106, 79, 73, 52, 123, 95)
0, (144, 177, 107, 80, 70, 47, 84, 71)
0, (150, 163, 120, 75, 65, 42, 82, 65)
0, (146, 161, 127, 72, 84, 39, 75, 61)
0, (163, 160, 154, 70, 87, 40, 82, 62)
0, (154, 176, 136, 58, 78, 41, 88, 64)
0, (149, 180, 149, 68, 86, 54, 95, 59)
0, (176, 229, 139, 71, 89, 58, 91, 48)
0, (193, 245, 127, 70, 88, 64, 88, 52)
0, (213, 252, 101, 76, 97, 74, 92, 52)
0, (226, 257, 103, 87, 100, 78, 100, 51)
1, (227, 255, 80, 80, 96, 73, 96, 49)
1, (201, 275, 86, 76, 106, 71, 91, 51)
1, (192, 256, 110, 77, 95, 66, 98, 49)
1, (163, 253, 107, 74, 89, 54, 101, 46)
1, (148, 239, 123, 61, 90, 47, 89, 46)
1, (165, 241, 126, 64, 92, 52, 100, 52)
1, (163, 226, 137, 70, 84, 53, 116, 50)
2, (165, 244, 121, 69, 78, 52, 111, 43)
2, (171, 245, 121, 67, 83, 53, 101, 44)
2, (176, 248, 110, 71, 87, 51, 104, 45)
2, (173, 284, 139, 67, 88, 47, 100, 43)
2, (174, 249, 132, 57, 80, 44, 88, 43)
2, (169, 321, 139, 66, 85, 43, 84, 49)
2, (157, 339, 138, 66, 84, 46, 90, 48)
2, (167, 344, 138, 70, 76, 46, 82, 45)
2, (155, 314, 122, 70, 70, 45, 82, 43)
2, (177, 321, 112, 70, 71, 49, 77, 46)
2, (177, 232, 101, 60, 64, 49, 81, 40)
2, (173, 228, 109, 58, 52, 52, 81, 42)
2, (175, 288, 121, 61, 58, 60, 85, 46)
2, (181, 269, 127, 74, 65, 60, 92, 47)
2, (160, 254, 124, 77, 68, 56, 92, 49)
2, (147, 271, 131, 78, 73, 60, 102, 55)
2, (147, 284, 130, 79, 72, 57, 99, 56)
2, (170, 233, 130, 72, 66, 49, 102, 55)
2, (168, 246, 108, 71, 71, 52, 91, 61)
2, (190, 264, 128, 73, 68, 50, 85, 58)
2, (188, 367, 124, 71, 70, 47, 80, 53)
2, (191, 343, 140, 73, 80, 48, 79, 49)
2, (175, 333, 167, 78, 82, 55, 87, 49)
2, (215, 348, 175, 67, 83, 52, 87, 40)
2, (196, 406, 170, 66, 86, 54, 101, 39)
2, (197, 332, 183, 72, 84, 53, 95, 40)
2, (212, 336, 175, 73, 76, 52, 92, 39)
2, (216, 351, 136, 67, 74, 52, 85, 36)
2, (189, 383, 131, 66, 64, 51, 87, 35)
2, (193, 341, 140, 72, 63, 50, 76, 36)
2, (202, 316, 122, 74, 64, 48, 89, 46)
2, (187, 318, 121, 74, 62, 46, 89, 47)
2, (168, 351, 123, 73, 61, 37, 91, 50)
2, (143, 336, 126, 81, 58, 42, 115, 52)
2, (161, 311, 116, 75, 66, 41, 115, 53)
2, (182, 309, 114, 69, 63, 40, 109, 52)
2, (182, 318, 130, 74, 65, 41, 110, 52)
2, (177, 255, 131, 79, 68, 61, 128, 55)
2, (175, 219, 135, 72, 76, 56, 108, 55)
2, (176, 230, 144, 71, 67, 57, 119, 52)
2, (177, 230, 154, 76, 67, 59, 121, 48)
2, (175, 213, 134, 69, 66, 63, 128, 48)
2, (181, 248, 139, 65, 66, 50, 113, 44)
2, (215, 233, 131, 70, 75, 55, 111, 43)
2, (239, 226, 124, 77, 84, 59, 109, 50)
2, (221, 227, 122, 74, 81, 59, 110, 60)
2, (262, 238, 129, 84, 83, 62, 129, 160)
2, (266, 247, 145, 108, 88, 62, 134, 163)
2, (268, 260, 145, 141, 85, 68, 154, 245)
2, (255, 290, 143, 153, 86, 62, 148, 258)
2, (263, 315, 157, 177, 92, 64, 149, 265)
2, (272, 325, 179, 215, 93, 58, 134, 246)
2, (279, 319, 166, 209, 91, 53, 130, 247)
2, (278, 330, 172, 194, 79, 48, 123, 174)
2, (267, 314, 175, 187, 73, 53, 130, 269)
2, (261, 300, 161, 167, 75, 52, 130, 336)
2, (243, 356, 131, 109, 70, 56, 126, 326)
2, (229, 346, 125, 134, 68, 55, 118, 327)
2, (218, 331, 115, 137, 79, 55, 106, 339)
2, (204, 354, 105, 135, 76, 60, 121, 263)
2, (213, 358, 107, 146, 84, 74, 135, 159)
2, (197, 284, 114, 170, 89, 72, 130, 144)
2, (206, 297, 125, 154, 88, 74, 129, 137)
2, (222, 306, 131, 163, 82, 70, 141, 268)
2, (231, 255, 143, 171, 89, 69, 131, 282)
2, (238, 233, 144, 166, 83, 51, 122, 286)
2, (227, 263, 154, 145, 88, 57, 132, 290)
2, (226, 239, 165, 141, 88, 57, 130, 295)
2, (197, 225, 168, 120, 87, 60, 118, 163)
2, (211, 236, 165, 141, 105, 63, 113, 297)
2, (192, 258, 161, 172, 107, 71, 136, 314)
2, (215, 309, 158, 182, 101, 71, 127, 364)
2, (203, 298, 139, 184, 102, 78, 141, 364)
2, (247, 306, 142, 185, 105, 76, 136, 367)
2, (235, 301, 134, 175, 86, 69, 127, 257)
2, (235, 367, 132, 164, 85, 66, 105, 320)
2, (210, 315, 137, 161, 85, 66, 109, 300)
2, (239, 336, 140, 163, 95, 56, 97, 335)
2, (219, 337, 164, 175, 96, 62, 95, 331)
2, (218, 365, 184, 170, 93, 65, 101, 346)
2, (262, 299, 186, 152, 93, 71, 104, 315)
2, (290, 285, 183, 159, 101, 73, 109, 327)
2, (272, 283, 179, 180, 103, 80, 111, 309)
3, (287, 291, 178, 171, 82, 57, 131, 376)
3, (288, 371, 185, 191, 68, 48, 130, 410)
3, (290, 333, 190, 200, 74, 49, 132, 418)
3, (300, 328, 176, 192, 75, 59, 146, 383)
3, (233, 341, 166, 203, 94, 66, 139, 380)
3, (240, 339, 168, 196, 93, 62, 105, 381)
3, (196, 264, 183, 201, 97, 70, 121, 341)
3, (236, 250, 200, 231, 106, 73, 136, 366)
3, (232, 269, 212, 229, 114, 69, 123, 364)
3, (253, 257, 238, 215, 106, 65, 129, 366)
3, (256, 258, 248, 209, 108, 72, 132, 358)
3, (275, 290, 238, 187, 112, 64, 107, 346)
3, (267, 310, 220, 134, 101, 58, 86, 377)
3, (284, 317, 213, 149, 95, 56, 93, 385)
3, (283, 339, 189, 140, 102, 61, 89, 380)
3, (282, 351, 186, 149, 116, 54, 88, 377)
3, (274, 339, 178, 165, 114, 56, 87, 385)
3, (250, 355, 173, 178, 120, 68, 92, 309)
3, (253, 417, 161, 158, 128, 75, 80, 303)
3, (241, 389, 158, 171, 117, 71, 71, 304)
3, (249, 386, 150, 179, 102, 69, 68, 298)
3, (245, 411, 143, 184, 103, 78, 74, 284)
3, (254, 395, 168, 171, 105, 72, 73, 195)
3, (242, 309, 175, 176, 103, 73, 99, 222)
3, (241, 327, 200, 199, 123, 80, 120, 271)
3, (263, 375, 198, 195, 130, 82, 117, 278)
3, (260, 326, 207, 202, 136, 74, 121, 281)
3, (255, 318, 196, 204, 132, 77, 138, 240)
3, (268, 319, 204, 220, 122, 72, 141, 277)
3, (262, 308, 183, 199, 112, 67, 128, 307)
3, (227, 256, 183, 225, 115, 65, 132, 343)
3, (237, 283, 184, 227, 113, 68, 126, 335)
3, (224, 330, 184, 234, 113, 74, 137, 354)
3, (255, 301, 158, 177, 104, 77, 118, 335)
3, (198, 396, 191, 225, 116, 71, 125, 322)
3, (296, 271, 142, 189, 108, 78, 120, 321)
3, (192, 377, 200, 216, 116, 71, 127, 334)
3, (276, 258, 141, 203, 113, 71, 101, 279)
3, (201, 383, 199, 187, 110, 73, 128, 294)
3, (250, 252, 131, 196, 110, 66, 100, 302)
3, (198, 417, 191, 170, 98, 71, 131, 326)
3, (245, 256, 132, 175, 109, 72, 104, 295)
3, (228, 449, 195, 157, 103, 61, 107, 317)
3, (285, 225, 132, 170, 107, 70, 95, 273)
3, (224, 388, 179, 150, 98, 61, 104, 320)
3, (238, 242, 131, 156, 108, 67, 94, 285)
3, (224, 412, 177, 157, 83, 56, 98, 277)
3, (213, 266, 132, 133, 96, 71, 107, 297)
3, (233, 440, 163, 149, 79, 66, 110, 326)
3, (232, 342, 125, 128, 94, 78, 114, 275)
3, (219, 410, 161, 130, 80, 70, 115, 310)
3, (237, 353, 148, 138, 81, 66, 103, 302)
3, (187, 348, 155, 138, 79, 67, 110, 314)
4, (246, 292, 183, 183, 93, 66, 99, 271)
4, (251, 273, 185, 196, 94, 69, 94, 341)
4, (246, 296, 190, 191, 97, 65, 87, 288)
4, (246, 294, 201, 186, 103, 68, 95, 368)
4, (220, 379, 189, 184, 107, 71, 87, 377)
4, (219, 419, 188, 170, 101, 75, 99, 395)
4, (208, 415, 183, 165, 96, 74, 107, 376)
4, (205, 410, 184, 159, 85, 77, 119, 374)
4, (217, 415, 182, 161, 81, 68, 111, 313)
4, (232, 338, 183, 175, 79, 66, 115, 299)
4, (307, 307, 218, 179, 77, 60, 107, 371)
4, (307, 328, 228, 169, 81, 55, 96, 362)
4, (329, 299, 228, 177, 87, 58, 84, 361)
4, (316, 281, 227, 189, 83, 60, 87, 376)
4, (322, 276, 240, 181, 88, 59, 82, 434)
4, (247, 313, 217, 164, 92, 55, 94, 355)
4, (247, 283, 199, 154, 83, 55, 120, 311)
4, (248, 300, 223, 173, 93, 64, 123, 356)
4, (269, 285, 213, 158, 104, 70, 130, 345)
4, (245, 335, 194, 153, 93, 69, 129, 370)
4, (247, 276, 203, 165, 90, 72, 121, 403)
4, (307, 293, 213, 183, 93, 66, 106, 404)
5, (208, 283, 132, 150, 80, 82, 150, 187)
5, (194, 324, 164, 162, 91, 90, 159, 296)
5, (205, 309, 166, 157, 85, 99, 158, 315)
5, (210, 293, 180, 157, 90, 97, 143, 307)
5, (183, 261, 180, 168, 89, 91, 142, 309)
5, (180, 264, 177, 185, 90, 90, 136, 296)
5, (206, 243, 173, 194, 75, 82, 129, 193)
5, (216, 235, 174, 203, 90, 69, 125, 261)
5, (226, 277, 169, 227, 88, 60, 135, 318)
5, (212, 279, 171, 223, 83, 59, 113, 309)
5, (211, 283, 168, 203, 81, 57, 111, 320)
5, (202, 264, 146, 205, 82, 57, 116, 327)
5, (186, 256, 134, 196, 66, 56, 126, 289)
5, (209, 233, 130, 233, 85, 60, 116, 331)
5, (204, 241, 170, 233, 89, 58, 119, 337)
5, (195, 227, 187, 232, 94, 59, 119, 325)
5, (196, 228, 201, 209, 95, 62, 120, 326)
5, (232, 244, 203, 219, 97, 62, 124, 348)
5, (220, 314, 215, 193, 92, 52, 106, 255)
5, (230, 289, 181, 228, 110, 56, 105, 314)
5, (246, 288, 163, 244, 112, 64, 118, 334)
5, (245, 302, 158, 257, 111, 62, 119, 336)
5, (213, 311, 180, 249, 116, 59, 115, 350)
5, (181, 242, 180, 214, 118, 63, 115, 349)
5, (185, 251, 177, 184, 107, 69, 118, 319)
5, (173, 259, 183, 172, 106, 62, 103, 332)
5, (194, 313, 200, 139, 109, 62, 94, 333)
5, (213, 308, 182, 146, 113, 64, 82, 333)
5, (211, 291, 166, 177, 95, 58, 78, 336)
5, (282, 324, 166, 195, 87, 48, 88, 351)
5, (276, 332, 185, 209, 93, 60, 99, 321)
5, (285, 304, 175, 216, 122, 64, 112, 390)
5, (270, 290, 191, 217, 112, 60, 109, 334)
5, (283, 288, 220, 205, 115, 61, 113, 342)
5, (240, 276, 222, 173, 116, 59, 101, 338)
5, (247, 294, 217, 169, 111, 60, 117, 335)
5, (236, 251, 216, 204, 71, 59, 111, 340)
5, (257, 317, 234, 208, 74, 59, 111, 351)
5, (282, 327, 245, 203, 78, 58, 110, 344)
5, (261, 307, 252, 202, 77, 61, 114, 323)
5, (278, 288, 244, 195, 79, 57, 114, 327)
5, (275, 346, 241, 156, 80, 57, 106, 313)
5, (285, 316, 231, 156, 77, 60, 113, 314)
5, (247, 315, 199, 182, 83, 66, 115, 311)
5, (243, 328, 192, 182, 91, 80, 155, 334)
5, (238, 356, 225, 185, 98, 81, 146, 386)
5, (219, 326, 219, 187, 99, 86, 162, 371)
5, (196, 306, 200, 182, 104, 89, 156, 355)
5, (224, 297, 223, 158, 111, 91, 163, 390)
5, (241, 324, 234, 172, 108, 77, 132, 381)
5, (231, 293, 196, 181, 99, 69, 124, 411)
5, (243, 292, 206, 194, 96, 62, 102, 360)
5, (235, 300, 197, 200, 95, 56, 105, 386)
5, (285, 343, 155, 202, 80, 55, 108, 370)
5, (268, 302, 144, 192, 74, 53, 90, 483)
5, (260, 292, 147, 167, 76, 55, 100, 417)
5, (244, 262, 151, 163, 80, 55, 104, 431)
5, (248, 333, 161, 140, 81, 59, 119, 416)
5, (168, 312, 180, 129, 81, 59, 105, 447)
5, (164, 323, 175, 187, 105, 67, 114, 328)
5, (176, 320, 175, 201, 105, 66, 110, 320)
5, (179, 332, 160, 209, 106, 69, 127, 314)
5, (165, 240, 156, 228, 105, 68, 112, 310)
5, (203, 256, 148, 226, 106, 63, 111, 301)
5, (204, 274, 147, 177, 82, 70, 122, 271)
5, (191, 282, 145, 155, 86, 80, 122, 331)
5, (235, 304, 168, 127, 85, 76, 105, 375)
5, (249, 369, 195, 105, 79, 75, 105, 378)
5, (215, 395, 183, 115, 71, 75, 115, 323)
5, (207, 375, 191, 127, 73, 66, 98, 340)
5, (251, 384, 205, 145, 65, 58, 114, 297)
5, (228, 379, 202, 150, 57, 58, 113, 226)
5, (220, 337, 175, 146, 57, 62, 118, 296)
5, (223, 299, 254, 149, 57, 66, 116, 332)
5, (243, 365, 270, 161, 67, 67, 118, 313)
5, (222, 357, 257, 154, 66, 72, 123, 301)
5, (208, 346, 247, 194, 94, 72, 124, 304)
5, (220, 338, 244, 191, 109, 70, 126, 291)
5, (218, 310, 180, 186, 113, 65, 124, 263)
5, (220, 254, 191, 213, 111, 69, 124, 279)
5, (215, 281, 202, 216, 118, 66, 107, 288)
5, (220, 279, 209, 187, 103, 67, 115, 339)
5, (227, 289, 217, 194, 89, 71, 109, 284)
5, (260, 302, 220, 194, 87, 71, 108, 285)
