0, (201, 349, 231, 150, 86, 59, 123, 310)
0, (223, 415, 242, 157, 97, 70, 149, 299)
0, (246, 408, 242, 170, 96, 67, 142, 281)
0, (259, 440, 244, 173, 93, 68, 132, 278)
0, (243, 419, 233, 187, 90, 73, 157, 286)
0, (261, 436, 182, 202, 100, 77, 153, 282)
0, (224, 371, 197, 204, 97, 80, 141, 308)
0, (236, 363, 200, 205, 95, 92, 155, 312)
0, (209, 365, 192, 197, 94, 102, 179, 320)
0, (234, 409, 206, 197, 107, 97, 157, 322)
0, (225, 432, 203, 176, 100, 92, 150, 329)
0, (266, 418, 210, 181, 102, 101, 180, 208)
0, (246, 427, 207, 172, 109, 94, 173, 286)
0, (271, 399, 203, 169, 113, 84, 165, 296)
0, (271, 377, 252, 187, 121, 88, 164, 316)
0, (271, 315, 260, 193, 121, 89, 167, 310)
0, (233, 329, 243, 187, 117, 67, 127, 311)
0, (224, 332, 242, 225, 122, 69, 127, 241)
0, (190, 356, 269, 233, 112, 71, 113, 221)
0, (189, 322, 250, 227, 99, 67, 118, 264)
0, (190, 331, 235, 254, 109, 74, 137, 291)
0, (175, 368, 239, 278, 111, 77, 139, 314)
0, (174, 371, 274, 270, 103, 76, 143, 310)
0, (191, 342, 263, 280, 105, 69, 136, 304)
0, (203, 368, 235, 265, 100, 68, 129, 232)
0, (199, 348, 238, 266, 88, 69, 126, 201)
0, (215, 276, 234, 248, 82, 62, 114, 119)
0, (212, 285, 209, 229, 72, 57, 101, 98)
0, (190, 270, 198, 217, 66, 62, 117, 94)
0, (157, 257, 200, 220, 63, 62, 122, 85)
0, (151, 261, 193, 180, 88, 56, 96, 59)
0, (152, 311, 186, 180, 91, 64, 112, 90)
0, (160, 274, 155, 183, 93, 67, 117, 94)
0, (174, 304, 143, 162, 92, 64, 106, 93)
0, (169, 305, 157, 146, 98, 67, 106, 92)
0, (169, 322, 180, 141, 83, 64, 105, 91)
0, (145, 280, 178, 99, 77, 55, 86, 54)
0, (134, 360, 173, 63, 78, 52, 79, 45)
0, (124, 376, 169, 58, 76, 71, 121, 52)
0, (116, 378, 155, 52, 67, 69, 138, 54)
0, (127, 372, 139, 49, 58, 70, 140, 52)
0, (154, 400, 151, 50, 57, 69, 137, 50)
0, (157, 414, 168, 48, 53, 67, 138, 49)
0, (156, 393, 168, 50, 59, 44, 99, 43)
0, (154, 383, 154, 50, 59, 43, 69, 42)
0, (138, 385, 140, 61, 62, 44, 65, 44)
0, (132, 403, 127, 70, 69, 45, 65, 46)
0, (131, 379, 104, 71, 78, 45, 77, 46)
0, (139, 368, 106, 70, 75, 47, 79, 43)
0, (144, 361, 99, 81, 79, 58, 97, 51)
0, (141, 440, 114, 76, 80, 60, 103, 49)
0, (142, 413, 130, 70, 80, 61, 113, 53)
0, (137, 391, 135, 75, 71, 62, 102, 52)
0, (150, 411, 124, 81, 69, 59, 102, 50)
1, (151, 417, 133, 71, 65, 48, 87, 44)
1, (155, 333, 136, 61, 75, 48, 90, 42)
1, (149, 326, 118, 64, 68, 50, 82, 39)
1, (153, 287, 117, 66, 78, 50, 84, 39)
1, (138, 260, 119, 59, 95, 52, 81, 42)
1, (162, 273, 116, 58, 96, 56, 91, 40)
1, (166, 266, 98, 72, 94, 53, 85, 42)
1, (149, 258, 97, 73, 93, 52, 83, 40)
1, (161, 294, 97, 63, 84, 50, 78, 39)
1, (178, 302, 104, 68, 66, 51, 82, 42)
1, (179, 287, 108, 71, 84, 50, 81, 46)
1, (191, 288, 119, 59, 83, 50, 76, 45)
1, (191, 346, 118, 62, 81, 48, 72, 43)
1, (185, 334, 112, 67, 85, 53, 81, 47)
1, (186, 344, 120, 63, 88, 52, 94, 46)
1, (171, 379, 119, 66, 84, 55, 92, 45)
1, (159, 377, 108, 82, 92, 52, 94, 45)
1, (194, 323, 106, 76, 95, 55, 93, 50)
1, (199, 311, 127, 75, 91, 53, 103, 52)
1, (211, 357, 120, 79, 89, 52, 101, 52)
1, (214, 333, 111, 75, 82, 46, 93, 49)
1, (214, 318, 112, 56, 64, 44, 102, 47)
1, (225, 335, 119, 56, 63, 39, 103, 44)
1, (241, 340, 116, 62, 64, 35, 86, 53)
1, (246, 325, 112, 54, 63, 35, 81, 56)
1, (253, 307, 122, 54, 71, 40, 99, 60)
1, (253, 370, 131, 72, 69, 43, 89, 63)
1, (240, 387, 125, 79, 66, 46, 89, 67)
2, (223, 394, 139, 77, 74, 46, 90, 58)
2, (213, 351, 142, 77, 74, 53, 98, 53)
2, (209, 397, 139, 78, 56, 52, 79, 57)
2, (212, 360, 138, 77, 88, 52, 76, 56)
2, (211, 346, 141, 71, 97, 58, 81, 52)
2, (217, 321, 120, 69, 94, 57, 85, 50)
2, (210, 325, 143, 72, 96, 53, 65, 55)
2, (194, 301, 142, 78, 100, 50, 72, 46)
2, (187, 285, 135, 67, 73, 48, 83, 46)
2, (174, 273, 131, 64, 61, 37, 83, 50)
2, (160, 330, 148, 81, 71, 44, 81, 49)
2, (138, 367, 130, 83, 64, 42, 95, 48)
2, (134, 348, 136, 75, 63, 41, 94, 51)
2, (141, 377, 134, 74, 74, 45, 84, 50)
2, (168, 402, 143, 74, 76, 46, 91, 43)
2, (197, 412, 128, 51, 66, 44, 94, 44)
2, (208, 379, 140, 47, 69, 53, 117, 52)
2, (218, 391, 134, 45, 68, 54, 121, 56)
2, (223, 388, 150, 47, 72, 55, 136, 73)
2, (197, 410, 140, 60, 78, 61, 136, 78)
2, (196, 404, 137, 69, 78, 60, 146, 87)
2, (191, 421, 134, 75, 80, 56, 130, 83)
2, (202, 404, 139, 100, 79, 60, 128, 111)
2, (198, 387, 152, 115, 78, 56, 115, 106)
2, (195, 340, 159, 121, 84, 55, 118, 107)
2, (168, 298, 166, 120, 92, 57, 102, 101)
2, (155, 302, 170, 118, 91, 65, 131, 100)
2, (142, 353, 176, 123, 96, 66, 139, 79)
2, (143, 363, 172, 116, 103, 71, 140, 74)
2, (149, 362, 164, 114, 98, 73, 133, 68)
2, (172, 373, 163, 116, 90, 73, 134, 82)
2, (183, 379, 163, 158, 92, 63, 99, 90)
2, (177, 389, 160, 160, 95, 59, 80, 95)
2, (179, 387, 168, 161, 83, 53, 76, 100)
2, (183, 448, 203, 158, 81, 48, 83, 110)
2, (188, 432, 214, 158, 80, 54, 101, 107)
2, (201, 402, 207, 114, 79, 60, 114, 135)
2, (213, 376, 203, 84, 73, 59, 123, 131)
2, (214, 369, 183, 86, 71, 61, 123, 129)
2, (213, 305, 158, 84, 67, 58, 120, 124)
2, (181, 380, 141, 83, 69, 60, 120, 124)
2, (174, 397, 140, 89, 64, 65, 131, 106)
2, (152, 365, 139, 103, 78, 68, 132, 129)
2, (145, 378, 141, 93, 78, 66, 131, 253)
2, (179, 355, 130, 103, 77, 68, 127, 269)
2, (190, 310, 129, 115, 79, 61, 113, 271)
2, (219, 332, 146, 114, 90, 61, 107, 266)
2, (225, 353, 138, 111, 75, 58, 109, 274)
2, (241, 332, 137, 125, 74, 59, 108, 166)
2, (253, 331, 137, 126, 72, 58, 113, 138)
2, (259, 334, 133, 115, 79, 60, 116, 294)
2, (232, 298, 131, 118, 76, 53, 101, 307)
2, (239, 286, 149, 143, 78, 51, 94, 314)
2, (231, 289, 163, 139, 77, 53, 111, 322)
2, (191, 356, 177, 141, 85, 57, 115, 322)
2, (179, 335, 185, 142, 81, 55, 109, 190)
2, (175, 329, 170, 150, 75, 52, 106, 254)
2, (196, 336, 156, 146, 80, 68, 121, 343)
2, (211, 388, 139, 137, 89, 81, 131, 357)
2, (217, 354, 116, 130, 89, 80, 126, 363)
2, (222, 346, 117, 145, 85, 78, 124, 363)
2, (224, 383, 141, 163, 88, 78, 119, 316)
3, (285, 366, 168, 157, 89, 55, 73, 315)
3, (287, 360, 167, 174, 93, 56, 80, 310)
3, (242, 407, 208, 209, 101, 53, 89, 314)
3, (222, 413, 214, 210, 103, 49, 84, 332)
3, (199, 474, 205, 210, 96, 48, 80, 352)
3, (192, 405, 185, 193, 90, 48, 78, 353)
3, (173, 430, 180, 174, 82, 62, 121, 347)
3, (174, 395, 172, 181, 84, 78, 137, 353)
3, (190, 413, 166, 183, 84, 80, 135, 333)
3, (228, 378, 166, 177, 104, 80, 134, 311)
3, (272, 383, 163, 184, 104, 79, 136, 345)
3, (256, 390, 157, 178, 101, 69, 111, 327)
3, (257, 376, 156, 153, 107, 54, 87, 329)
3, (250, 341, 150, 153, 120, 71, 122, 336)
3, (305, 308, 147, 154, 108, 75, 132, 346)
3, (275, 335, 168, 170, 106, 77, 138, 335)
3, (285, 301, 190, 170, 113, 82, 136, 394)
3, (301, 298, 186, 162, 112, 85, 135, 402)
3, (324, 334, 189, 153, 105, 70, 105, 397)
3, (253, 371, 184, 160, 102, 68, 96, 384)
3, (264, 337, 180, 141, 103, 76, 112, 355)
3, (269, 330, 152, 138, 113, 72, 110, 184)
3, (276, 339, 174, 146, 121, 69, 108, 187)
3, (257, 298, 170, 140, 114, 78, 115, 293)
3, (255, 236, 166, 135, 109, 86, 147, 297)
3, (250, 254, 157, 144, 114, 84, 134, 298)
3, (267, 297, 150, 145, 97, 81, 132, 329)
3, (259, 363, 146, 130, 78, 83, 143, 319)
3, (262, 373, 153, 125, 74, 81, 141, 238)
3, (281, 409, 158, 112, 71, 69, 103, 311)
3, (276, 402, 153, 107, 65, 66, 99, 345)
3, (266, 390, 152, 141, 79, 78, 133, 334)
3, (261, 359, 145, 143, 85, 75, 119, 324)
3, (251, 382, 143, 146, 86, 72, 117, 324)
3, (217, 374, 154, 162, 83, 78, 112, 304)
3, (239, 346, 142, 151, 99, 71, 118, 271)
3, (214, 320, 154, 168, 86, 64, 81, 300)
3, (253, 351, 149, 162, 97, 78, 127, 331)
3, (213, 333, 166, 171, 82, 64, 81, 306)
3, (230, 366, 169, 160, 89, 68, 82, 311)
4, (215, 386, 167, 134, 96, 84, 156, 339)
4, (228, 447, 164, 127, 84, 78, 152, 363)
4, (242, 475, 155, 144, 86, 85, 176, 402)
4, (224, 393, 246, 203, 109, 62, 106, 393)
4, (212, 389, 224, 202, 115, 66, 128, 394)
4, (219, 341, 245, 228, 114, 71, 130, 401)
4, (233, 322, 253, 207, 105, 86, 148, 294)
4, (249, 341, 252, 184, 107, 86, 147, 345)
4, (232, 332, 216, 190, 89, 84, 139, 338)
4, (241, 323, 217, 192, 74, 77, 106, 329)
4, (252, 311, 181, 180, 74, 72, 98, 298)
4, (243, 298, 160, 248, 94, 51, 69, 312)
4, (198, 272, 188, 238, 111, 55, 71, 324)
4, (207, 275, 181, 225, 112, 58, 81, 323)
4, (242, 295, 181, 228, 117, 73, 110, 334)
4, (257, 301, 188, 218, 125, 80, 134, 336)
4, (239, 312, 183, 155, 113, 82, 136, 365)
4, (241, 312, 164, 157, 94, 80, 132, 324)
4, (256, 284, 164, 163, 87, 80, 140, 340)
4, (241, 266, 167, 152, 82, 68, 130, 338)
4, (207, 320, 176, 145, 86, 55, 101, 329)
4, (208, 333, 184, 159, 101, 51, 99, 296)
4, (210, 343, 191, 181, 101, 48, 103, 370)
4, (203, 371, 178, 168, 101, 49, 109, 358)
4, (198, 388, 181, 165, 99, 47, 97, 359)
4, (208, 357, 173, 172, 88, 46, 96, 374)
4, (237, 332, 158, 143, 68, 50, 99, 366)
4, (280, 390, 149, 112, 68, 61, 103, 273)
4, (294, 336, 179, 175, 100, 59, 89, 297)
4, (266, 416, 201, 192, 106, 59, 87, 301)
4, (255, 348, 212, 212, 113, 52, 81, 349)
5, (239, 287, 141, 143, 74, 63, 129, 357)
5, (233, 330, 184, 154, 78, 54, 114, 354)
5, (209, 334, 185, 205, 92, 51, 119, 351)
5, (214, 356, 197, 201, 87, 58, 142, 343)
5, (211, 304, 205, 197, 96, 73, 142, 208)
5, (199, 310, 214, 203, 105, 74, 137, 244)
5, (201, 305, 195, 195, 109, 73, 137, 256)
5, (234, 360, 192, 157, 98, 74, 135, 312)
5, (238, 347, 185, 160, 100, 76, 118, 316)
5, (229, 346, 180, 166, 94, 58, 113, 316)
5, (227, 385, 179, 169, 77, 57, 108, 369)
5, (226, 388, 177, 173, 77, 58, 106, 355)
5, (205, 336, 169, 184, 87, 56, 107, 316)
5, (224, 326, 189, 179, 92, 47, 97, 317)
5, (233, 375, 200, 194, 107, 76, 105, 320)
5, (252, 359, 186, 208, 115, 78, 105, 307)
5, (261, 347, 177, 250, 123, 80, 105, 318)
5, (271, 357, 202, 252, 121, 85, 107, 308)
5, (231, 448, 231, 266, 121, 87, 117, 301)
5, (281, 401, 217, 250, 113, 66, 117, 286)
5, (287, 372, 237, 243, 112, 62, 119, 239)
5, (276, 366, 241, 244, 108, 62, 129, 318)
5, (288, 401, 245, 219, 103, 71, 163, 329)
5, (302, 336, 227, 203, 102, 69, 156, 334)
5, (255, 346, 237, 206, 99, 66, 141, 339)
5, (262, 337, 236, 209, 93, 77, 146, 365)
5, (277, 378, 237, 158, 88, 79, 147, 297)
5, (251, 343, 226, 162, 86, 63, 109, 337)
5, (241, 321, 213, 168, 82, 66, 112, 338)
5, (232, 348, 203, 169, 87, 75, 137, 330)
5, (190, 407, 188, 146, 80, 64, 125, 359)
5, (198, 358, 178, 143, 78, 62, 123, 360)
5, (194, 356, 197, 132, 79, 68, 128, 320)
5, (212, 333, 186, 135, 77, 65, 124, 341)
5, (244, 385, 194, 128, 63, 57, 104, 342)
5, (248, 336, 219, 170, 97, 61, 119, 307)
5, (228, 330, 222, 204, 101, 60, 121, 304)
5, (246, 351, 207, 215, 98, 63, 149, 298)
5, (237, 383, 216, 220, 105, 69, 157, 327)
5, (224, 344, 225, 218, 116, 74, 163, 365)
5, (221, 390, 228, 192, 96, 71, 151, 354)
5, (232, 503, 247, 157, 99, 75, 155, 354)
5, (231, 501, 246, 151, 108, 70, 128, 360)
5, (229, 497, 245, 170, 105, 66, 122, 330)
5, (259, 478, 238, 172, 99, 59, 106, 367)
5, (287, 438, 200, 162, 99, 62, 113, 306)
5, (291, 297, 179, 158, 90, 64, 106, 298)
5, (284, 305, 167, 160, 80, 61, 103, 291)
5, (289, 278, 180, 136, 86, 63, 101, 285)
5, (278, 274, 168, 141, 92, 85, 137, 322)
5, (241, 308, 181, 138, 93, 81, 134, 350)
5, (242, 329, 174, 183, 112, 83, 132, 359)
5, (244, 314, 173, 191, 116, 97, 145, 367)
5, (228, 328, 136, 179, 108, 99, 157, 407)
5, (218, 370, 162, 184, 105, 88, 134, 335)
5, (236, 389, 161, 184, 103, 90, 133, 351)
5, (225, 411, 169, 138, 99, 86, 133, 366)
5, (234, 418, 172, 120, 93, 70, 121, 365)
5, (248, 410, 171, 125, 93, 68, 125, 375)
5, (278, 393, 158, 131, 86, 61, 126, 341)
5, (258, 372, 169, 147, 91, 71, 159, 301)
5, (274, 365, 160, 148, 85, 68, 151, 294)
5, (275, 345, 182, 147, 87, 72, 155, 340)
5, (274, 360, 224, 151, 94, 73, 151, 303)
5, (225, 339, 216, 132, 105, 73, 158, 300)
5, (247, 327, 208, 137, 107, 65, 123, 299)
5, (227, 296, 210, 189, 113, 70, 127, 285)
5, (223, 308, 194, 182, 110, 67, 116, 276)
5, (221, 284, 166, 177, 110, 73, 115, 218)
5, (222, 364, 156, 180, 105, 71, 93, 225)
5, (199, 341, 163, 171, 105, 73, 106, 239)
5, (184, 358, 164, 104, 84, 63, 103, 308)
5, (213, 454, 156, 117, 92, 77, 139, 299)
5, (204, 453, 145, 126, 98, 83, 150, 333)
5, (217, 391, 169, 146, 82, 74, 150, 374)
5, (223, 400, 192, 149, 75, 61, 140, 352)
5, (205, 456, 189, 139, 76, 66, 137, 368)
5, (215, 431, 202, 165, 88, 69, 131, 433)
5, (233, 390, 206, 194, 90, 61, 100, 389)
