0, (205, 329, 154, 121, 67, 106, 122, 225)
0, (221, 292, 184, 113, 70, 113, 104, 223)
0, (220, 236, 185, 123, 64, 117, 98, 213)
0, (327, 242, 190, 132, 68, 120, 118, 215)
0, (314, 235, 184, 145, 72, 122, 107, 190)
0, (320, 281, 195, 141, 76, 109, 116, 199)
0, (311, 296, 196, 144, 80, 96, 116, 205)
0, (315, 291, 202, 140, 77, 91, 115, 207)
0, (228, 296, 215, 152, 72, 85, 98, 212)
0, (235, 336, 241, 143, 70, 83, 100, 219)
0, (233, 301, 234, 229, 84, 49, 84, 171)
0, (265, 285, 238, 260, 80, 57, 92, 219)
0, (258, 315, 225, 280, 89, 79, 90, 267)
0, (222, 318, 227, 332, 98, 90, 93, 276)
0, (211, 292, 212, 337, 100, 99, 97, 271)
0, (216, 324, 232, 304, 90, 98, 97, 272)
0, (184, 322, 224, 296, 93, 110, 106, 226)
0, (185, 304, 231, 284, 88, 105, 108, 177)
0, (203, 292, 242, 221, 81, 95, 105, 152)
0, (201, 313, 257, 210, 81, 91, 104, 129)
0, (172, 272, 243, 208, 82, 91, 105, 117)
0, (186, 265, 231, 201, 75, 70, 84, 114)
0, (187, 270, 227, 192, 71, 59, 111, 107)
0, (163, 312, 198, 184, 81, 70, 111, 98)
0, (166, 293, 171, 182, 85, 77, 110, 94)
0, (169, 297, 177, 154, 79, 78, 111, 94)
0, (144, 296, 187, 135, 77, 78, 108, 84)
0, (146, 298, 200, 132, 77, 74, 73, 53)
0, (178, 258, 203, 133, 67, 74, 74, 47)
0, (169, 322, 227, 127, 60, 77, 70, 92)
0, (165, 313, 228, 120, 65, 87, 74, 97)
0, (162, 308, 220, 103, 65, 88, 73, 100)
0, (151, 317, 205, 112, 72, 87, 71, 101)
0, (112, 307, 196, 120, 76, 103, 61, 105)
0, (113, 214, 162, 118, 73, 91, 70, 68)
0, (123, 241, 151, 114, 68, 82, 65, 55)
0, (122, 244, 120, 115, 86, 84, 64, 50)
0, (106, 240, 124, 95, 85, 86, 67, 43)
0, (104, 258, 126, 67, 78, 57, 73, 40)
0, (113, 278, 133, 64, 83, 58, 73, 39)
0, (107, 259, 120, 62, 86, 56, 74, 40)
0, (105, 272, 120, 62, 71, 50, 79, 41)
0, (119, 303, 128, 63, 70, 50, 81, 48)
0, (140, 324, 127, 63, 72, 48, 78, 51)
0, (131, 324, 132, 73, 68, 48, 80, 52)
0, (126, 319, 130, 78, 84, 49, 80, 53)
0, (180, 305, 134, 72, 83, 50, 75, 54)
0, (182, 293, 116, 72, 83, 48, 73, 52)
0, (177, 274, 109, 79, 87, 46, 90, 50)
0, (179, 288, 106, 69, 87, 50, 92, 50)
0, (190, 303, 113, 63, 74, 50, 88, 51)
0, (140, 294, 108, 68, 79, 53, 91, 46)
0, (125, 248, 110, 71, 74, 55, 110, 45)
0, (105, 253, 104, 64, 68, 64, 105, 39)
0, (138, 212, 85, 70, 77, 64, 99, 41)
0, (127, 211, 85, 76, 74, 63, 100, 40)
0, (128, 213, 100, 79, 69, 62, 102, 43)
0, (136, 265, 97, 74, 65, 63, 89, 41)
0, (141, 253, 99, 71, 68, 57, 74, 40)
0, (120, 269, 109, 74, 64, 54, 75, 38)
0, (133, 270, 112, 82, 78, 59, 88, 38)
0, (137, 291, 101, 80, 84, 63, 87, 40)
0, (144, 262, 103, 79, 87, 84, 79, 41)
0, (144, 264, 107, 85, 86, 88, 83, 40)
0, (130, 248, 108, 78, 86, 86, 95, 39)
0, (131, 246, 107, 62, 82, 84, 89, 44)
0, (132, 303, 117, 58, 77, 80, 86, 41)
0, (122, 335, 116, 63, 76, 56, 103, 45)
0, (117, 339, 109, 61, 74, 44, 108, 44)
0, (136, 404, 102, 63, 69, 42, 97, 45)
0, (132, 406, 95, 62, 62, 51, 94, 38)
0, (123, 354, 82, 63, 66, 79, 103, 38)
0, (123, 338, 79, 67, 67, 86, 98, 33)
0, (158, 393, 91, 72, 71, 92, 107, 40)
0, (156, 353, 93, 72, 76, 93, 114, 45)
0, (172, 359, 104, 72, 83, 88, 116, 54)
0, (175, 394, 114, 73, 77, 67, 117, 59)
0, (174, 374, 121, 66, 77, 65, 108, 62)
0, (141, 298, 112, 60, 77, 71, 104, 58)
0, (131, 309, 107, 54, 73, 70, 105, 58)
0, (114, 344, 96, 185, 97, 96, 124, 70)
0, (110, 339, 97, 184, 98, 91, 129, 71)
1, (97, 319, 92, 57, 62, 71, 113, 56)
1, (96, 278, 82, 96, 68, 81, 107, 52)
1, (96, 294, 77, 128, 78, 87, 110, 51)
1, (99, 335, 88, 134, 76, 88, 126, 68)
1, (95, 327, 88, 138, 80, 92, 130, 71)
1, (122, 345, 98, 176, 102, 101, 136, 72)
1, (173, 324, 112, 210, 112, 96, 116, 69)
1, (202, 387, 129, 211, 110, 94, 104, 95)
1, (203, 371, 130, 177, 95, 92, 124, 99)
1, (213, 387, 131, 172, 93, 90, 123, 105)
1, (212, 374, 142, 162, 99, 65, 115, 104)
1, (177, 393, 138, 112, 88, 60, 109, 97)
1, (146, 319, 134, 111, 85, 87, 125, 71)
1, (139, 317, 143, 125, 88, 84, 122, 78)
1, (155, 297, 140, 121, 89, 82, 123, 94)
1, (145, 302, 133, 129, 68, 82, 124, 103)
1, (154, 268, 135, 131, 70, 82, 127, 106)
1, (148, 273, 141, 187, 86, 73, 142, 107)
1, (183, 248, 135, 184, 89, 100, 135, 98)
1, (178, 312, 150, 180, 90, 103, 145, 102)
1, (195, 340, 161, 195, 87, 105, 152, 101)
1, (187, 351, 175, 194, 85, 104, 156, 98)
1, (190, 368, 167, 157, 77, 94, 153, 94)
1, (190, 385, 178, 155, 71, 68, 159, 94)
1, (175, 339, 178, 151, 65, 64, 156, 75)
1, (176, 334, 175, 141, 63, 91, 161, 109)
1, (174, 340, 192, 152, 67, 91, 154, 119)
1, (185, 319, 192, 135, 66, 92, 145, 125)
1, (152, 354, 198, 149, 75, 95, 139, 127)
1, (158, 382, 191, 167, 82, 95, 127, 134)
1, (138, 369, 196, 170, 83, 60, 108, 127)
1, (166, 391, 187, 156, 85, 62, 110, 117)
1, (181, 440, 221, 168, 86, 59, 88, 123)
2, (214, 376, 246, 249, 124, 102, 119, 276)
2, (222, 346, 241, 206, 121, 103, 121, 264)
2, (225, 333, 243, 218, 112, 96, 124, 262)
2, (243, 399, 228, 227, 110, 69, 95, 186)
2, (255, 373, 217, 188, 99, 62, 103, 206)
2, (237, 340, 224, 191, 84, 86, 132, 211)
2, (239, 358, 247, 192, 68, 82, 126, 208)
2, (238, 379, 249, 195, 80, 86, 138, 215)
2, (245, 383, 245, 231, 88, 88, 137, 211)
2, (249, 407, 221, 237, 93, 92, 133, 220)
2, (246, 405, 209, 266, 105, 71, 101, 261)
2, (240, 380, 173, 315, 113, 72, 123, 279)
2, (247, 389, 170, 319, 109, 67, 110, 274)
2, (237, 322, 168, 299, 103, 105, 109, 262)
2, (259, 308, 164, 287, 100, 104, 112, 219)
2, (290, 319, 141, 263, 85, 103, 116, 217)
2, (306, 411, 139, 200, 79, 112, 109, 192)
2, (296, 381, 124, 188, 84, 113, 108, 191)
2, (281, 393, 129, 169, 85, 84, 116, 192)
2, (253, 369, 175, 163, 86, 111, 121, 205)
2, (206, 348, 196, 148, 95, 112, 123, 154)
2, (167, 238, 212, 153, 89, 102, 112, 170)
2, (172, 316, 216, 174, 86, 95, 115, 283)
2, (198, 308, 222, 179, 87, 93, 118, 285)
2, (183, 329, 189, 194, 88, 55, 104, 272)
2, (194, 346, 178, 207, 79, 72, 97, 269)
2, (193, 361, 200, 202, 82, 86, 103, 291)
2, (183, 293, 203, 188, 75, 86, 113, 181)
2, (164, 310, 201, 198, 91, 83, 102, 188)
2, (169, 298, 234, 226, 98, 84, 109, 279)
2, (156, 293, 244, 259, 103, 74, 117, 284)
2, (177, 262, 218, 261, 115, 90, 124, 251)
2, (194, 273, 212, 249, 113, 89, 101, 253)
2, (237, 295, 208, 266, 114, 89, 99, 247)
2, (235, 308, 165, 234, 109, 88, 99, 193)
2, (253, 314, 141, 188, 108, 86, 107, 233)
2, (250, 330, 147, 196, 95, 51, 94, 283)
2, (244, 333, 176, 198, 103, 82, 108, 295)
2, (196, 323, 206, 154, 85, 80, 109, 292)
2, (183, 375, 237, 175, 84, 82, 104, 259)
2, (182, 374, 235, 167, 83, 78, 92, 224)
2, (169, 373, 244, 181, 96, 83, 98, 226)
2, (150, 371, 235, 180, 86, 54, 90, 216)
2, (159, 339, 210, 203, 90, 97, 89, 219)
2, (174, 297, 184, 190, 96, 103, 100, 218)
2, (143, 302, 201, 206, 95, 105, 94, 208)
2, (144, 319, 184, 190, 85, 102, 91, 163)
2, (165, 402, 173, 200, 89, 105, 86, 159)
2, (158, 404, 165, 195, 99, 75, 91, 231)
2, (175, 366, 163, 187, 90, 92, 80, 260)
2, (191, 351, 139, 206, 97, 93, 83, 273)
2, (204, 349, 127, 282, 116, 101, 89, 251)
2, (203, 307, 132, 281, 114, 99, 93, 241)
2, (202, 318, 146, 289, 117, 99, 94, 163)
2, (194, 352, 150, 301, 121, 94, 96, 131)
2, (177, 410, 207, 163, 99, 65, 78, 127)
2, (183, 368, 165, 294, 113, 95, 105, 100)
2, (178, 395, 207, 152, 94, 78, 78, 128)
2, (174, 349, 165, 209, 99, 90, 107, 107)
2, (203, 420, 200, 142, 99, 80, 81, 123)
2, (159, 318, 170, 194, 102, 96, 104, 108)
2, (197, 411, 169, 152, 104, 82, 87, 123)
2, (179, 335, 177, 173, 86, 89, 103, 114)
2, (178, 361, 139, 145, 110, 87, 115, 114)
2, (174, 303, 176, 157, 88, 74, 106, 106)
2, (199, 341, 131, 135, 91, 83, 116, 109)
2, (183, 320, 171, 140, 103, 90, 100, 106)
2, (197, 348, 133, 139, 90, 99, 116, 94)
2, (190, 327, 190, 142, 95, 99, 118, 107)
2, (187, 313, 137, 139, 88, 105, 140, 108)
2, (207, 306, 185, 162, 93, 93, 126, 107)
2, (172, 297, 176, 131, 75, 104, 138, 109)
2, (230, 270, 170, 148, 91, 92, 124, 115)
2, (164, 317, 184, 138, 62, 100, 120, 109)
2, (241, 289, 160, 149, 91, 90, 131, 108)
2, (154, 319, 187, 132, 65, 98, 113, 111)
2, (232, 262, 166, 138, 72, 74, 137, 105)
2, (147, 299, 197, 168, 88, 71, 145, 133)
2, (233, 308, 172, 135, 83, 75, 115, 110)
2, (158, 317, 201, 172, 89, 78, 155, 113)
2, (265, 316, 186, 161, 81, 98, 105, 127)
2, (184, 309, 176, 175, 98, 93, 157, 113)
2, (241, 341, 206, 162, 86, 102, 114, 117)
2, (211, 315, 208, 169, 116, 98, 156, 116)
2, (217, 330, 213, 154, 85, 101, 115, 113)
2, (202, 327, 218, 186, 120, 103, 167, 126)
2, (215, 354, 213, 157, 99, 102, 120, 121)
2, (206, 336, 225, 165, 117, 101, 140, 123)
2, (203, 319, 210, 176, 104, 88, 115, 128)
2, (188, 343, 225, 160, 125, 92, 115, 124)
2, (158, 334, 228, 155, 122, 78, 123, 124)
2, (142, 320, 203, 151, 108, 73, 129, 122)
3, (237, 305, 201, 186, 87, 88, 102, 290)
3, (244, 335, 207, 171, 86, 88, 94, 306)
3, (254, 294, 178, 172, 80, 85, 96, 275)
3, (255, 281, 149, 197, 77, 82, 99, 211)
3, (252, 299, 148, 202, 78, 73, 103, 179)
3, (263, 301, 182, 202, 89, 67, 121, 230)
3, (258, 261, 185, 187, 89, 64, 136, 210)
3, (242, 247, 196, 186, 94, 65, 130, 209)
3, (239, 365, 201, 149, 93, 67, 128, 214)
3, (227, 392, 215, 145, 88, 60, 121, 218)
3, (213, 412, 189, 149, 66, 89, 111, 227)
3, (138, 411, 183, 152, 67, 88, 93, 247)
3, (167, 434, 202, 163, 61, 92, 114, 249)
3, (178, 402, 215, 169, 77, 92, 124, 255)
3, (184, 381, 228, 167, 82, 99, 124, 250)
3, (185, 395, 223, 215, 90, 86, 120, 204)
3, (194, 420, 221, 220, 91, 89, 144, 252)
3, (222, 427, 195, 205, 98, 86, 132, 262)
3, (216, 380, 189, 216, 97, 82, 120, 250)
3, (240, 343, 177, 217, 99, 100, 144, 239)
3, (262, 301, 185, 178, 97, 99, 149, 318)
3, (289, 278, 207, 174, 97, 96, 125, 275)
3, (271, 388, 248, 213, 114, 98, 125, 271)
3, (280, 406, 243, 216, 120, 106, 149, 274)
3, (261, 415, 228, 212, 119, 90, 143, 285)
3, (234, 466, 256, 235, 126, 97, 141, 242)
3, (214, 462, 269, 238, 130, 101, 150, 224)
3, (230, 352, 241, 218, 108, 99, 146, 234)
3, (217, 368, 251, 251, 108, 92, 125, 250)
3, (223, 371, 254, 251, 116, 97, 107, 241)
3, (224, 304, 237, 218, 107, 102, 125, 273)
3, (213, 342, 236, 259, 111, 103, 115, 291)
4, (186, 333, 176, 165, 100, 127, 160, 243)
4, (215, 361, 177, 155, 102, 108, 111, 253)
4, (231, 395, 190, 169, 113, 115, 111, 355)
4, (225, 412, 209, 179, 132, 110, 109, 312)
4, (229, 424, 207, 196, 142, 113, 128, 307)
4, (235, 431, 194, 194, 132, 104, 135, 307)
4, (244, 415, 195, 204, 127, 117, 146, 370)
4, (229, 386, 200, 204, 132, 117, 154, 297)
4, (222, 343, 181, 187, 111, 117, 156, 285)
4, (203, 371, 202, 184, 100, 117, 142, 294)
4, (202, 383, 211, 180, 102, 114, 141, 330)
4, (174, 366, 205, 172, 105, 97, 148, 279)
4, (214, 381, 207, 160, 81, 103, 161, 251)
4, (230, 364, 241, 153, 99, 101, 166, 252)
4, (229, 352, 233, 144, 99, 97, 166, 250)
4, (245, 351, 222, 189, 104, 99, 160, 314)
4, (276, 347, 218, 184, 103, 90, 146, 285)
4, (245, 313, 204, 218, 108, 71, 113, 286)
4, (278, 289, 170, 242, 93, 71, 107, 287)
4, (280, 306, 177, 242, 93, 74, 108, 307)
4, (264, 277, 199, 212, 89, 78, 106, 255)
4, (234, 295, 198, 215, 87, 90, 108, 289)
5, (248, 338, 247, 183, 100, 108, 120, 284)
5, (256, 339, 247, 190, 99, 113, 105, 229)
5, (257, 335, 204, 189, 98, 138, 153, 226)
5, (244, 341, 196, 183, 100, 120, 164, 208)
5, (171, 359, 161, 168, 99, 120, 155, 273)
5, (187, 345, 165, 162, 88, 122, 156, 239)
