0, (180, 313, 214, 155, 126, 86, 118, 114)
0, (163, 339, 201, 146, 125, 72, 101, 102)
0, (146, 262, 186, 145, 132, 69, 109, 90)
0, (147, 253, 182, 147, 131, 65, 114, 85)
0, (162, 255, 192, 164, 125, 70, 127, 111)
0, (163, 297, 200, 164, 125, 72, 125, 98)
0, (159, 281, 194, 172, 128, 74, 119, 97)
0, (227, 286, 248, 226, 101, 80, 124, 97)
0, (229, 309, 272, 234, 96, 83, 139, 104)
0, (221, 298, 276, 222, 102, 85, 127, 79)
0, (233, 262, 262, 207, 123, 86, 122, 77)
0, (246, 253, 285, 203, 123, 88, 132, 78)
0, (184, 315, 249, 170, 133, 87, 129, 77)
0, (194, 302, 227, 156, 141, 88, 131, 91)
0, (198, 305, 212, 156, 156, 80, 134, 93)
0, (188, 334, 298, 191, 139, 73, 137, 90)
0, (203, 312, 308, 197, 137, 67, 125, 92)
0, (181, 259, 318, 180, 134, 62, 126, 116)
0, (161, 295, 311, 182, 130, 52, 98, 103)
0, (174, 302, 315, 188, 101, 44, 87, 98)
0, (169, 253, 238, 146, 109, 45, 82, 99)
0, (122, 254, 183, 125, 144, 45, 75, 95)
0, (123, 322, 136, 104, 142, 43, 52, 56)
0, (120, 293, 127, 87, 135, 41, 48, 41)
0, (68, 280, 146, 70, 134, 40, 32, 39)
0, (58, 305, 146, 104, 133, 37, 28, 33)
0, (51, 317, 156, 121, 100, 39, 27, 30)
0, (42, 260, 214, 127, 98, 38, 26, 30)
0, (45, 245, 221, 130, 107, 37, 28, 34)
0, (55, 323, 196, 131, 117, 41, 30, 34)
0, (56, 308, 190, 113, 123, 40, 27, 36)
0, (57, 294, 179, 114, 118, 39, 30, 36)
0, (55, 319, 96, 107, 128, 39, 32, 36)
0, (50, 319, 80, 106, 126, 42, 32, 33)
0, (37, 251, 67, 109, 121, 40, 30, 31)
0, (38, 231, 62, 103, 107, 37, 32, 29)
0, (36, 230, 54, 83, 102, 37, 30, 28)
0, (37, 252, 58, 80, 86, 42, 32, 30)
0, (40, 256, 58, 75, 76, 44, 35, 38)
0, (52, 279, 64, 56, 75, 45, 36, 39)
0, (68, 294, 64, 70, 82, 45, 36, 41)
0, (114, 302, 70, 84, 89, 46, 45, 48)
0, (117, 268, 71, 86, 82, 46, 60, 52)
0, (172, 274, 67, 95, 82, 43, 58, 53)
0, (207, 253, 71, 111, 80, 41, 58, 58)
0, (214, 318, 73, 99, 78, 41, 63, 62)
1, (210, 322, 76, 88, 78, 38, 57, 61)
1, (228, 292, 76, 89, 93, 37, 43, 60)
1, (213, 317, 76, 88, 110, 49, 50, 57)
1, (208, 320, 69, 94, 127, 51, 51, 57)
1, (213, 283, 73, 99, 130, 59, 50, 54)
1, (216, 291, 65, 99, 142, 63, 51, 53)
1, (210, 289, 56, 107, 141, 62, 54, 50)
1, (243, 290, 60, 108, 131, 54, 58, 50)
1, (238, 318, 64, 97, 114, 56, 58, 52)
1, (267, 286, 54, 104, 116, 51, 58, 53)
1, (274, 314, 54, 108, 104, 49, 65, 54)
1, (270, 353, 60, 102, 101, 51, 68, 56)
1, (246, 332, 63, 105, 105, 51, 61, 57)
1, (247, 317, 60, 98, 117, 48, 60, 54)
1, (218, 312, 65, 85, 119, 45, 68, 60)
1, (222, 274, 67, 88, 118, 46, 74, 58)
1, (227, 265, 64, 92, 117, 44, 71, 56)
1, (213, 253, 58, 79, 113, 46, 71, 53)
1, (223, 227, 58, 80, 112, 50, 71, 50)
1, (232, 247, 56, 86, 101, 51, 63, 41)
1, (224, 232, 55, 78, 103, 49, 48, 42)
1, (230, 210, 56, 67, 105, 49, 47, 40)
1, (249, 233, 53, 72, 101, 47, 47, 46)
1, (257, 273, 59, 70, 98, 44, 50, 45)
1, (246, 261, 68, 62, 100, 45, 46, 44)
1, (234, 263, 73, 68, 99, 44, 46, 40)
1, (252, 280, 72, 73, 95, 47, 42, 41)
1, (265, 277, 74, 73, 109, 45, 42, 39)
1, (231, 236, 83, 81, 125, 50, 43, 40)
1, (232, 264, 73, 80, 129, 51, 47, 45)
1, (243, 306, 73, 84, 130, 52, 51, 43)
1, (219, 274, 81, 84, 130, 54, 51, 43)
1, (184, 350, 84, 85, 125, 56, 50, 39)
1, (189, 366, 71, 85, 136, 49, 46, 38)
1, (183, 344, 75, 107, 136, 45, 49, 38)
1, (181, 350, 69, 109, 137, 50, 55, 42)
1, (188, 351, 59, 112, 136, 46, 57, 47)
1, (223, 264, 58, 113, 126, 41, 55, 48)
1, (286, 264, 56, 108, 95, 45, 67, 52)
1, (287, 288, 55, 83, 98, 47, 63, 48)
1, (285, 353, 59, 66, 102, 57, 93, 57)
1, (223, 334, 69, 84, 105, 66, 126, 65)
1, (220, 307, 103, 129, 101, 67, 138, 93)
2, (295, 247, 58, 72, 101, 45, 69, 51)
2, (304, 245, 57, 63, 103, 55, 87, 51)
2, (217, 312, 113, 144, 92, 65, 133, 93)
2, (217, 355, 121, 144, 94, 56, 122, 95)
2, (218, 246, 132, 164, 111, 65, 126, 96)
2, (217, 248, 151, 172, 114, 56, 100, 99)
2, (226, 266, 139, 152, 121, 52, 88, 78)
2, (217, 303, 133, 150, 124, 50, 88, 77)
2, (225, 272, 128, 153, 132, 55, 93, 77)
2, (221, 278, 122, 139, 140, 49, 86, 80)
2, (254, 331, 92, 130, 132, 44, 69, 70)
2, (279, 322, 79, 125, 120, 50, 92, 70)
2, (290, 267, 87, 118, 126, 51, 100, 70)
2, (263, 241, 85, 121, 119, 44, 96, 68)
2, (268, 268, 80, 113, 107, 49, 99, 62)
2, (250, 213, 84, 109, 111, 56, 103, 81)
2, (206, 207, 88, 149, 139, 54, 82, 78)
2, (181, 265, 79, 154, 137, 57, 72, 81)
2, (233, 271, 77, 149, 133, 59, 75, 78)
2, (266, 262, 73, 144, 132, 56, 83, 86)
2, (251, 294, 76, 138, 137, 53, 86, 71)
2, (264, 295, 79, 91, 120, 56, 81, 75)
2, (301, 268, 81, 72, 111, 58, 81, 73)
2, (285, 267, 87, 81, 107, 67, 101, 74)
2, (248, 294, 92, 95, 112, 66, 94, 71)
2, (281, 251, 94, 97, 122, 68, 92, 72)
2, (295, 260, 83, 96, 110, 65, 98, 74)
2, (273, 304, 88, 102, 112, 62, 98, 74)
2, (257, 326, 84, 96, 120, 53, 77, 74)
2, (268, 282, 85, 99, 113, 52, 83, 69)
2, (239, 290, 90, 105, 96, 45, 85, 72)
2, (222, 314, 95, 114, 98, 46, 84, 68)
2, (212, 250, 91, 125, 109, 48, 82, 68)
2, (216, 222, 92, 131, 108, 64, 96, 70)
2, (279, 224, 88, 127, 106, 70, 110, 74)
2, (280, 254, 79, 123, 109, 71, 104, 74)
2, (286, 218, 79, 127, 108, 71, 108, 89)
2, (286, 223, 78, 120, 102, 74, 120, 88)
2, (226, 218, 184, 236, 123, 104, 172, 107)
2, (291, 225, 94, 134, 98, 70, 124, 87)
2, (202, 202, 171, 193, 100, 102, 173, 114)
2, (242, 250, 92, 131, 104, 77, 107, 83)
2, (225, 211, 149, 188, 95, 103, 171, 102)
2, (247, 216, 92, 132, 102, 80, 108, 100)
2, (249, 237, 136, 153, 94, 94, 155, 97)
2, (234, 206, 106, 123, 97, 78, 101, 89)
2, (234, 225, 143, 161, 95, 82, 136, 92)
2, (230, 203, 130, 133, 98, 73, 91, 87)
2, (260, 226, 138, 165, 98, 65, 99, 86)
2, (218, 256, 124, 125, 96, 64, 75, 107)
2, (259, 230, 143, 142, 96, 63, 96, 85)
2, (216, 227, 128, 126, 86, 51, 93, 115)
2, (241, 286, 149, 135, 101, 60, 94, 72)
2, (233, 232, 126, 123, 92, 42, 97, 96)
2, (239, 263, 153, 126, 111, 64, 92, 78)
2, (228, 257, 127, 123, 96, 42, 95, 93)
2, (250, 248, 146, 119, 108, 71, 93, 80)
2, (225, 293, 108, 116, 107, 51, 97, 96)
2, (243, 274, 149, 140, 107, 67, 96, 102)
2, (222, 254, 109, 109, 111, 70, 121, 87)
2, (266, 342, 133, 159, 117, 73, 94, 94)
2, (182, 253, 118, 116, 109, 76, 117, 75)
2, (312, 293, 128, 154, 109, 78, 98, 95)
2, (213, 246, 126, 118, 112, 82, 116, 73)
2, (291, 290, 132, 157, 99, 83, 108, 90)
2, (242, 302, 127, 144, 120, 88, 116, 75)
2, (268, 293, 136, 158, 106, 87, 126, 101)
3, (255, 230, 163, 182, 140, 60, 86, 99)
3, (258, 272, 188, 192, 138, 61, 84, 94)
3, (273, 226, 204, 223, 137, 64, 89, 96)
3, (247, 228, 193, 217, 127, 65, 94, 97)
3, (220, 238, 195, 220, 115, 72, 100, 96)
3, (231, 307, 210, 173, 105, 67, 89, 80)
3, (260, 274, 193, 179, 103, 65, 92, 87)
3, (247, 295, 175, 139, 114, 59, 103, 99)
3, (259, 308, 211, 164, 95, 53, 105, 104)
3, (271, 328, 220, 168, 99, 41, 100, 97)
3, (260, 252, 199, 161, 102, 43, 111, 99)
3, (240, 254, 201, 178, 107, 47, 113, 111)
3, (244, 239, 248, 192, 109, 52, 109, 100)
3, (227, 236, 220, 175, 126, 54, 119, 94)
3, (180, 279, 210, 188, 130, 84, 167, 141)
3, (180, 292, 212, 197, 130, 84, 159, 137)
3, (175, 283, 207, 169, 126, 83, 154, 121)
3, (169, 278, 177, 183, 119, 85, 149, 118)
3, (230, 303, 202, 175, 103, 92, 150, 129)
3, (278, 247, 224, 165, 95, 67, 94, 77)
3, (284, 265, 247, 169, 92, 66, 95, 82)
3, (296, 283, 246, 169, 92, 67, 108, 96)
3, (316, 316, 232, 160, 85, 71, 116, 100)
3, (291, 275, 219, 162, 79, 64, 91, 85)
3, (246, 265, 186, 166, 80, 60, 84, 86)
3, (242, 241, 176, 172, 91, 70, 93, 106)
3, (232, 262, 178, 173, 96, 73, 86, 93)
3, (231, 225, 199, 158, 113, 67, 89, 89)
3, (227, 229, 196, 159, 115, 67, 88, 93)
3, (242, 251, 207, 144, 116, 67, 93, 104)
3, (243, 305, 196, 153, 118, 63, 103, 77)
3, (272, 275, 200, 147, 121, 57, 96, 80)
3, (253, 271, 170, 135, 101, 51, 82, 80)
3, (265, 273, 164, 147, 127, 53, 92, 99)
3, (278, 299, 141, 149, 124, 56, 95, 86)
3, (270, 236, 125, 131, 120, 50, 74, 86)
3, (248, 245, 179, 136, 123, 61, 85, 91)
3, (254, 273, 182, 143, 123, 77, 115, 109)
3, (232, 307, 186, 134, 106, 77, 121, 85)
3, (195, 259, 216, 144, 109, 76, 122, 84)
3, (211, 273, 228, 168, 104, 79, 125, 88)
3, (218, 276, 184, 200, 106, 70, 123, 93)
3, (225, 296, 189, 201, 104, 59, 101, 75)
3, (224, 271, 190, 219, 108, 60, 88, 77)
3, (232, 271, 155, 210, 132, 58, 88, 90)
3, (246, 258, 148, 191, 141, 52, 94, 96)
3, (247, 318, 145, 168, 143, 58, 93, 87)
3, (245, 283, 149, 173, 141, 67, 108, 104)
3, (257, 282, 150, 154, 129, 67, 111, 120)
3, (288, 332, 161, 165, 111, 70, 106, 112)
3, (268, 347, 155, 158, 108, 71, 99, 103)
3, (254, 280, 163, 151, 91, 66, 96, 103)
3, (244, 273, 152, 185, 88, 53, 89, 84)
3, (230, 273, 147, 207, 100, 52, 100, 78)
3, (218, 258, 178, 234, 136, 54, 107, 82)
3, (250, 234, 174, 237, 133, 60, 116, 88)
3, (252, 230, 175, 245, 136, 70, 135, 106)
3, (243, 244, 184, 216, 137, 69, 130, 111)
3, (315, 274, 186, 207, 136, 67, 120, 98)
3, (304, 243, 178, 234, 117, 68, 117, 99)
3, (274, 244, 197, 240, 133, 63, 109, 114)
3, (263, 249, 195, 256, 132, 69, 113, 102)
3, (295, 264, 181, 252, 130, 85, 138, 99)
4, (316, 247, 181, 131, 139, 61, 92, 84)
4, (288, 255, 192, 142, 172, 64, 85, 75)
4, (314, 263, 216, 142, 162, 62, 83, 80)
4, (323, 307, 225, 145, 155, 66, 84, 93)
4, (319, 294, 231, 140, 157, 67, 68, 82)
4, (221, 281, 203, 146, 168, 69, 72, 81)
4, (240, 278, 211, 204, 143, 64, 102, 108)
4, (228, 269, 182, 200, 129, 61, 96, 106)
4, (244, 279, 192, 206, 134, 59, 92, 102)
4, (226, 242, 187, 207, 140, 63, 108, 101)
4, (235, 242, 204, 224, 129, 61, 135, 114)
4, (258, 225, 186, 167, 118, 56, 126, 85)
4, (269, 250, 197, 170, 116, 57, 125, 91)
4, (254, 269, 200, 170, 136, 56, 127, 97)
4, (297, 293, 219, 184, 144, 60, 120, 103)
4, (305, 292, 221, 157, 129, 53, 93, 89)
4, (280, 292, 238, 196, 135, 55, 79, 95)
4, (272, 308, 224, 187, 144, 56, 90, 107)
4, (262, 233, 203, 179, 123, 55, 91, 96)
4, (215, 206, 190, 167, 104, 41, 79, 88)
4, (200, 212, 164, 161, 111, 52, 83, 91)
4, (206, 257, 129, 117, 117, 64, 99, 92)
4, (187, 249, 136, 127, 112, 61, 90, 74)
4, (231, 250, 138, 124, 112, 63, 95, 75)
4, (292, 262, 126, 136, 118, 65, 100, 79)
4, (279, 261, 121, 132, 117, 60, 92, 82)
4, (268, 265, 126, 126, 114, 47, 70, 75)
4, (290, 232, 134, 135, 134, 53, 78, 79)
4, (309, 227, 143, 135, 139, 56, 76, 83)
5, (189, 263, 175, 146, 122, 60, 103, 119)
5, (197, 298, 182, 138, 126, 62, 90, 111)
5, (221, 271, 185, 121, 132, 69, 92, 94)
5, (225, 264, 223, 168, 151, 70, 90, 94)
5, (229, 265, 219, 170, 143, 83, 111, 95)
5, (236, 272, 226, 175, 140, 86, 115, 74)
5, (231, 247, 225, 179, 123, 90, 119, 80)
5, (200, 227, 216, 199, 124, 92, 131, 84)
5, (184, 223, 183, 155, 98, 85, 124, 110)
5, (135, 233, 184, 150, 100, 74, 104, 100)
5, (155, 275, 203, 175, 98, 73, 97, 103)
5, (181, 254, 193, 169, 97, 63, 100, 108)
5, (198, 266, 186, 161, 93, 61, 110, 106)
5, (196, 265, 180, 166, 99, 66, 133, 85)
5, (204, 261, 183, 170, 124, 66, 132, 102)
5, (186, 270, 118, 135, 125, 64, 131, 103)
5, (166, 253, 132, 141, 120, 70, 141, 96)
5, (175, 245, 218, 139, 124, 62, 120, 94)
5, (168, 241, 220, 138, 130, 56, 95, 103)
5, (167, 299, 221, 137, 128, 58, 99, 88)
5, (159, 269, 226, 136, 128, 68, 111, 82)
5, (179, 268, 223, 128, 130, 59, 92, 85)
5, (205, 274, 170, 114, 137, 67, 105, 106)
5, (216, 289, 189, 110, 125, 66, 108, 95)
5, (215, 255, 180, 103, 104, 59, 99, 92)
5, (214, 231, 190, 146, 112, 48, 106, 97)
5, (238, 243, 211, 173, 129, 51, 131, 99)
5, (238, 231, 210, 182, 113, 43, 116, 78)
5, (236, 262, 196, 178, 119, 46, 114, 74)
5, (256, 243, 206, 193, 117, 54, 120, 84)
5, (288, 243, 196, 158, 110, 61, 108, 87)
5, (249, 232, 180, 137, 122, 65, 81, 79)
5, (216, 240, 160, 127, 135, 62, 82, 79)
5, (234, 248, 151, 141, 130, 60, 96, 88)
