0, (199, 282, 214, 171, 104, 96, 133, 302)
0, (215, 304, 207, 164, 94, 86, 128, 316)
0, (199, 310, 189, 163, 93, 89, 117, 164)
0, (201, 331, 173, 146, 95, 87, 105, 252)
0, (249, 346, 153, 154, 82, 75, 110, 268)
0, (266, 352, 143, 147, 75, 72, 110, 274)
0, (250, 316, 135, 146, 77, 72, 109, 265)
0, (244, 316, 156, 150, 76, 73, 134, 266)
0, (250, 341, 177, 168, 71, 96, 192, 177)
0, (219, 364, 185, 171, 76, 93, 188, 153)
0, (198, 333, 185, 179, 100, 94, 188, 263)
0, (212, 349, 201, 218, 112, 108, 221, 266)
0, (226, 395, 184, 220, 117, 109, 219, 280)
0, (234, 382, 171, 205, 115, 86, 166, 276)
0, (238, 330, 166, 224, 115, 81, 158, 279)
0, (223, 337, 163, 220, 99, 76, 154, 176)
0, (230, 339, 143, 197, 83, 82, 145, 171)
0, (221, 278, 144, 206, 87, 82, 130, 274)
0, (229, 258, 142, 202, 95, 82, 132, 299)
0, (201, 281, 154, 171, 104, 81, 132, 299)
0, (218, 323, 184, 200, 114, 86, 157, 300)
0, (223, 323, 184, 176, 111, 60, 121, 302)
0, (232, 363, 193, 185, 110, 58, 120, 201)
0, (192, 382, 214, 201, 103, 57, 116, 153)
0, (231, 363, 202, 196, 82, 56, 127, 151)
0, (232, 348, 181, 191, 71, 52, 110, 140)
0, (210, 353, 182, 220, 72, 51, 117, 118)
0, (208, 319, 174, 208, 63, 51, 113, 119)
0, (220, 306, 142, 212, 73, 53, 122, 117)
0, (187, 320, 164, 251, 87, 59, 117, 178)
0, (187, 299, 170, 257, 101, 60, 104, 254)
0, (201, 265, 180, 244, 99, 62, 94, 266)
0, (225, 254, 204, 262, 107, 64, 102, 270)
0, (228, 243, 208, 258, 102, 65, 101, 278)
0, (233, 231, 200, 237, 100, 66, 97, 246)
0, (213, 216, 194, 225, 92, 69, 95, 174)
0, (209, 252, 178, 214, 94, 66, 93, 156)
0, (189, 272, 180, 224, 107, 82, 116, 128)
0, (208, 311, 182, 246, 120, 84, 117, 106)
0, (204, 337, 168, 225, 112, 77, 111, 104)
0, (201, 346, 176, 207, 118, 72, 109, 89)
0, (200, 350, 183, 205, 122, 80, 107, 89)
0, (193, 349, 150, 156, 104, 60, 68, 88)
0, (152, 311, 133, 82, 85, 53, 49, 82)
0, (143, 358, 146, 86, 89, 53, 46, 56)
0, (168, 351, 132, 86, 81, 51, 47, 51)
0, (152, 327, 129, 76, 72, 41, 46, 48)
0, (139, 324, 130, 70, 78, 42, 55, 43)
0, (153, 384, 163, 66, 78, 41, 54, 42)
0, (149, 303, 157, 59, 81, 45, 78, 43)
0, (128, 317, 154, 48, 72, 45, 81, 44)
0, (128, 326, 154, 54, 78, 48, 93, 46)
0, (118, 350, 164, 61, 69, 42, 87, 48)
0, (114, 285, 136, 63, 75, 43, 90, 46)
1, (118, 313, 131, 70, 92, 40, 91, 45)
1, (123, 307, 146, 88, 90, 38, 89, 44)
1, (163, 294, 142, 87, 83, 37, 75, 39)
1, (178, 246, 124, 81, 86, 35, 78, 39)
1, (172, 261, 123, 83, 79, 34, 75, 45)
1, (193, 249, 116, 79, 76, 36, 53, 45)
1, (271, 267, 108, 56, 80, 39, 67, 50)
1, (271, 300, 121, 60, 85, 36, 70, 53)
1, (265, 306, 123, 65, 84, 39, 70, 53)
1, (286, 331, 134, 61, 84, 42, 77, 51)
1, (283, 335, 141, 58, 67, 42, 74, 51)
1, (207, 308, 135, 63, 80, 55, 87, 46)
1, (209, 314, 117, 63, 77, 54, 84, 43)
1, (237, 352, 122, 55, 78, 59, 88, 44)
1, (252, 329, 120, 56, 81, 61, 87, 49)
2, (243, 306, 113, 55, 88, 63, 95, 50)
2, (251, 318, 119, 55, 75, 56, 78, 53)
2, (245, 370, 135, 52, 77, 57, 82, 54)
2, (252, 358, 130, 53, 76, 49, 76, 52)
2, (225, 379, 124, 53, 81, 51, 74, 45)
2, (248, 408, 136, 54, 68, 48, 74, 45)
2, (266, 441, 129, 54, 70, 48, 89, 42)
2, (271, 382, 107, 51, 69, 47, 85, 44)
2, (268, 404, 114, 65, 72, 49, 88, 49)
2, (275, 398, 122, 69, 69, 45, 98, 50)
2, (249, 372, 123, 67, 69, 45, 96, 46)
2, (233, 319, 149, 67, 64, 40, 76, 47)
2, (224, 339, 155, 73, 69, 58, 100, 44)
2, (202, 331, 151, 63, 67, 59, 113, 40)
2, (197, 312, 152, 69, 66, 64, 143, 68)
2, (218, 320, 144, 92, 68, 64, 149, 69)
2, (202, 350, 131, 92, 67, 66, 157, 73)
2, (208, 402, 128, 93, 67, 53, 148, 74)
2, (220, 362, 129, 103, 76, 57, 152, 74)
2, (242, 361, 122, 106, 73, 55, 136, 94)
2, (249, 389, 145, 164, 68, 54, 132, 98)
2, (256, 397, 141, 176, 72, 53, 125, 98)
2, (239, 353, 157, 178, 67, 52, 122, 99)
2, (223, 351, 158, 200, 62, 46, 118, 99)
2, (194, 345, 153, 200, 61, 55, 119, 83)
2, (175, 358, 135, 161, 74, 64, 124, 91)
2, (178, 324, 125, 149, 88, 65, 124, 92)
2, (188, 284, 111, 155, 102, 66, 121, 93)
2, (186, 306, 134, 121, 102, 93, 125, 94)
2, (187, 330, 134, 115, 114, 99, 111, 77)
2, (238, 300, 141, 101, 112, 95, 103, 64)
2, (228, 357, 156, 106, 99, 99, 108, 96)
2, (219, 365, 155, 91, 88, 104, 134, 95)
2, (245, 353, 132, 86, 84, 88, 152, 107)
2, (233, 313, 148, 104, 68, 81, 154, 106)
2, (171, 299, 152, 127, 71, 84, 160, 104)
2, (181, 313, 136, 142, 94, 82, 155, 112)
2, (198, 296, 135, 145, 89, 75, 146, 112)
2, (187, 360, 165, 155, 92, 72, 136, 109)
2, (192, 387, 170, 146, 99, 65, 129, 111)
2, (193, 411, 162, 141, 98, 59, 122, 116)
2, (225, 364, 170, 127, 75, 56, 126, 84)
2, (236, 376, 175, 129, 80, 62, 122, 95)
2, (213, 343, 160, 122, 80, 57, 99, 92)
2, (211, 358, 169, 153, 80, 68, 116, 87)
2, (313, 339, 178, 148, 87, 71, 119, 90)
2, (294, 323, 191, 153, 88, 71, 117, 83)
2, (285, 345, 197, 148, 93, 76, 159, 95)
2, (298, 327, 233, 189, 96, 77, 167, 96)
2, (323, 273, 224, 171, 89, 71, 158, 99)
2, (250, 248, 212, 195, 77, 69, 154, 92)
2, (239, 265, 207, 197, 93, 73, 177, 104)
2, (235, 243, 199, 213, 96, 57, 136, 102)
2, (221, 226, 141, 182, 98, 54, 127, 101)
2, (184, 243, 134, 182, 103, 52, 127, 97)
2, (162, 249, 142, 165, 105, 51, 129, 101)
2, (175, 265, 135, 161, 97, 53, 107, 101)
2, (209, 256, 128, 178, 92, 61, 132, 97)
2, (241, 266, 143, 180, 96, 72, 134, 104)
2, (241, 300, 146, 205, 104, 72, 128, 107)
3, (241, 399, 186, 249, 81, 70, 124, 104)
3, (237, 386, 187, 250, 83, 72, 122, 103)
3, (232, 375, 181, 242, 101, 72, 99, 112)
3, (246, 360, 160, 237, 105, 68, 87, 110)
3, (229, 269, 162, 189, 98, 66, 88, 104)
3, (232, 264, 160, 184, 113, 63, 90, 108)
3, (231, 275, 163, 169, 108, 66, 120, 145)
3, (248, 273, 179, 178, 97, 57, 119, 136)
3, (211, 239, 196, 171, 87, 54, 117, 129)
3, (222, 307, 192, 169, 96, 56, 119, 133)
3, (245, 333, 198, 183, 82, 67, 129, 158)
3, (235, 318, 204, 179, 87, 61, 94, 122)
3, (222, 333, 235, 188, 88, 63, 94, 111)
3, (247, 385, 237, 220, 103, 70, 110, 112)
3, (237, 364, 246, 214, 98, 82, 160, 128)
3, (227, 405, 236, 240, 108, 75, 167, 119)
3, (228, 450, 229, 260, 117, 75, 177, 124)
3, (238, 449, 186, 244, 115, 86, 185, 123)
3, (207, 440, 159, 215, 104, 81, 177, 121)
3, (210, 447, 149, 213, 103, 68, 137, 112)
3, (243, 318, 157, 202, 103, 72, 132, 105)
3, (194, 416, 179, 169, 95, 80, 131, 87)
3, (266, 298, 173, 235, 117, 81, 160, 101)
3, (192, 374, 174, 134, 80, 81, 113, 86)
3, (244, 320, 182, 256, 134, 84, 138, 107)
3, (173, 357, 172, 144, 75, 68, 99, 85)
3, (222, 314, 170, 253, 128, 79, 131, 99)
3, (183, 345, 177, 159, 88, 73, 107, 87)
3, (229, 305, 167, 243, 129, 84, 143, 105)
3, (188, 323, 167, 166, 119, 84, 122, 91)
3, (249, 278, 163, 249, 131, 89, 154, 107)
3, (263, 339, 157, 189, 124, 79, 118, 97)
3, (227, 304, 158, 222, 118, 80, 121, 119)
3, (274, 360, 187, 205, 128, 72, 119, 93)
3, (229, 298, 159, 178, 103, 76, 130, 106)
3, (286, 394, 202, 214, 147, 71, 119, 93)
3, (236, 333, 181, 198, 123, 72, 130, 102)
3, (283, 383, 203, 210, 148, 71, 124, 98)
3, (244, 332, 202, 199, 118, 65, 120, 94)
3, (286, 380, 213, 206, 122, 63, 112, 99)
4, (233, 302, 150, 126, 92, 65, 121, 134)
4, (210, 305, 153, 137, 93, 68, 130, 130)
4, (232, 216, 144, 139, 88, 67, 129, 127)
4, (255, 234, 150, 164, 101, 60, 115, 131)
4, (264, 233, 165, 155, 103, 81, 135, 138)
4, (250, 285, 167, 145, 103, 79, 123, 107)
4, (259, 295, 170, 151, 112, 80, 120, 119)
4, (230, 302, 171, 159, 115, 79, 129, 156)
4, (206, 335, 167, 123, 101, 82, 131, 150)
4, (197, 350, 155, 124, 91, 75, 135, 150)
4, (183, 324, 145, 137, 85, 72, 134, 155)
4, (187, 331, 131, 130, 71, 68, 131, 180)
4, (189, 355, 129, 122, 63, 65, 117, 151)
4, (224, 318, 140, 123, 64, 67, 124, 152)
4, (231, 301, 170, 122, 73, 49, 93, 136)
4, (228, 297, 173, 107, 79, 49, 102, 145)
4, (261, 281, 172, 101, 77, 56, 105, 107)
4, (259, 266, 174, 100, 83, 57, 111, 109)
4, (254, 264, 168, 177, 100, 55, 101, 111)
4, (234, 282, 155, 196, 99, 55, 99, 135)
4, (239, 278, 146, 203, 92, 55, 93, 115)
4, (182, 290, 168, 227, 100, 65, 106, 109)
4, (203, 266, 174, 227, 108, 69, 114, 121)
4, (191, 274, 188, 176, 90, 69, 115, 127)
4, (212, 259, 188, 169, 85, 70, 112, 108)
4, (208, 251, 190, 164, 90, 71, 111, 112)
4, (229, 303, 198, 182, 84, 60, 121, 113)
4, (205, 298, 212, 222, 67, 54, 114, 103)
4, (208, 311, 197, 225, 76, 54, 109, 114)
4, (194, 331, 195, 224, 94, 54, 111, 109)
4, (227, 366, 197, 226, 104, 59, 119, 107)
4, (229, 321, 175, 203, 103, 58, 104, 105)
4, (234, 339, 157, 182, 104, 66, 123, 109)
4, (251, 354, 176, 191, 101, 69, 130, 98)
4, (261, 424, 174, 244, 96, 69, 129, 103)
5, (234, 341, 230, 217, 75, 71, 110, 271)
5, (285, 319, 250, 208, 75, 71, 107, 161)
5, (291, 306, 221, 168, 74, 73, 112, 280)
5, (293, 328, 224, 174, 72, 72, 106, 280)
5, (285, 243, 247, 169, 75, 71, 108, 288)
5, (286, 225, 246, 144, 75, 71, 110, 297)
5, (219, 228, 216, 136, 73, 65, 113, 297)
5, (200, 237, 217, 152, 74, 64, 119, 315)
5, (189, 252, 210, 172, 74, 54, 105, 304)
5, (212, 266, 171, 179, 81, 55, 101, 300)
5, (221, 276, 173, 200, 91, 59, 106, 295)
5, (239, 281, 179, 194, 87, 65, 113, 302)
5, (229, 323, 184, 186, 86, 75, 113, 269)
5, (236, 295, 207, 165, 82, 76, 120, 266)
5, (216, 303, 193, 160, 69, 77, 120, 265)
5, (208, 347, 183, 128, 56, 73, 120, 265)
5, (195, 439, 183, 129, 67, 70, 118, 263)
5, (186, 403, 177, 119, 64, 58, 118, 214)
5, (180, 396, 155, 138, 77, 56, 101, 278)
5, (195, 374, 143, 147, 83, 54, 104, 285)
5, (225, 348, 164, 142, 94, 73, 115, 289)
5, (244, 315, 186, 159, 100, 90, 141, 281)
5, (254, 324, 207, 158, 102, 89, 138, 341)
5, (245, 331, 237, 186, 95, 86, 135, 302)
5, (239, 332, 247, 219, 100, 87, 151, 294)
5, (225, 317, 231, 223, 96, 87, 176, 296)
5, (186, 316, 215, 221, 91, 68, 150, 381)
5, (184, 348, 192, 234, 92, 70, 147, 310)
5, (194, 342, 175, 206, 99, 74, 151, 311)
5, (211, 354, 174, 179, 91, 76, 137, 344)
5, (194, 375, 180, 179, 89, 66, 103, 433)
5, (202, 325, 179, 188, 86, 66, 100, 349)
5, (198, 281, 183, 186, 79, 66, 98, 337)
5, (194, 273, 169, 183, 74, 66, 100, 345)
5, (184, 249, 172, 174, 80, 67, 100, 380)
5, (185, 277, 169, 200, 80, 63, 85, 265)
5, (191, 313, 175, 198, 79, 72, 88, 274)
5, (191, 322, 170, 191, 91, 73, 95, 291)
5, (196, 377, 162, 201, 102, 69, 90, 366)
5, (218, 385, 149, 194, 97, 85, 112, 329)
5, (221, 348, 160, 160, 92, 81, 107, 333)
5, (208, 299, 139, 168, 95, 80, 121, 338)
5, (216, 303, 149, 175, 92, 80, 122, 419)
5, (225, 238, 147, 173, 75, 78, 137, 337)
5, (211, 254, 147, 182, 80, 73, 138, 308)
5, (195, 258, 129, 188, 95, 76, 153, 313)
5, (192, 253, 129, 184, 93, 70, 143, 308)
5, (202, 245, 141, 177, 91, 70, 142, 288)
5, (208, 233, 144, 171, 100, 73, 130, 290)
5, (218, 210, 159, 193, 105, 63, 111, 298)
5, (211, 205, 175, 193, 97, 60, 90, 288)
5, (221, 258, 188, 187, 104, 60, 93, 296)
5, (244, 278, 197, 208, 124, 54, 101, 341)
5, (232, 331, 199, 248, 119, 60, 111, 340)
5, (212, 344, 200, 241, 113, 54, 104, 335)
5, (224, 389, 195, 255, 111, 59, 115, 335)
5, (231, 372, 189, 254, 108, 66, 131, 338)
5, (204, 359, 156, 230, 78, 81, 142, 287)
5, (202, 339, 150, 193, 84, 76, 135, 291)
5, (222, 374, 168, 184, 85, 78, 149, 289)
5, (225, 392, 186, 158, 85, 75, 142, 285)
5, (234, 373, 189, 157, 80, 72, 124, 266)
5, (250, 386, 206, 162, 94, 62, 111, 131)
5, (260, 373, 210, 151, 87, 63, 132, 121)
5, (255, 317, 190, 149, 90, 64, 118, 109)
5, (268, 271, 161, 155, 90, 70, 115, 128)
5, (279, 287, 172, 141, 88, 70, 128, 134)
5, (284, 281, 152, 152, 80, 83, 156, 130)
5, (267, 286, 180, 150, 86, 80, 138, 129)
5, (267, 291, 188, 140, 86, 76, 140, 136)
5, (266, 252, 195, 130, 88, 72, 140, 125)
5, (248, 328, 186, 123, 94, 73, 132, 119)
5, (208, 320, 193, 116, 92, 59, 110, 108)
5, (225, 309, 160, 121, 90, 60, 112, 111)
