0, (195, 275, 217, 171, 107, 56, 145, 306)
0, (203, 274, 197, 189, 103, 57, 155, 307)
0, (223, 278, 200, 147, 95, 56, 158, 312)
0, (232, 277, 202, 151, 94, 56, 144, 266)
0, (205, 298, 201, 157, 84, 55, 140, 241)
0, (204, 291, 188, 166, 90, 62, 151, 274)
0, (201, 362, 230, 166, 96, 65, 135, 287)
0, (210, 378, 221, 196, 102, 74, 144, 280)
0, (216, 415, 223, 202, 103, 73, 137, 233)
0, (238, 395, 225, 199, 105, 71, 123, 306)
0, (227, 390, 214, 186, 101, 66, 113, 271)
0, (236, 358, 206, 167, 97, 63, 117, 249)
0, (203, 362, 209, 149, 103, 62, 107, 291)
0, (202, 332, 213, 148, 99, 59, 94, 290)
0, (183, 374, 203, 151, 96, 53, 91, 210)
0, (205, 365, 203, 151, 92, 64, 132, 217)
0, (192, 331, 163, 139, 84, 68, 140, 208)
0, (187, 311, 152, 136, 69, 65, 134, 147)
0, (171, 289, 134, 128, 66, 67, 143, 128)
0, (156, 271, 118, 116, 70, 67, 143, 117)
0, (118, 276, 128, 110, 73, 57, 105, 88)
0, (117, 268, 120, 99, 75, 50, 83, 75)
0, (145, 275, 116, 79, 66, 52, 103, 63)
0, (144, 275, 138, 86, 80, 55, 96, 61)
0, (141, 214, 145, 91, 78, 55, 98, 51)
0, (137, 228, 155, 95, 82, 53, 99, 53)
0, (183, 264, 166, 98, 85, 52, 113, 83)
0, (181, 257, 166, 96, 83, 43, 96, 82)
0, (191, 300, 145, 84, 71, 40, 101, 89)
0, (195, 309, 146, 81, 67, 38, 107, 90)
0, (196, 323, 129, 76, 64, 40, 107, 89)
0, (142, 306, 108, 79, 61, 36, 81, 62)
0, (144, 303, 108, 90, 64, 39, 82, 55)
0, (135, 271, 116, 83, 64, 38, 88, 39)
0, (130, 273, 117, 80, 81, 43, 94, 37)
0, (134, 258, 111, 84, 81, 48, 91, 43)
0, (142, 225, 106, 85, 80, 52, 103, 49)
0, (119, 260, 107, 72, 77, 50, 102, 49)
0, (132, 257, 109, 73, 79, 53, 108, 51)
0, (168, 238, 116, 76, 67, 57, 107, 53)
0, (170, 282, 119, 75, 68, 57, 110, 55)
0, (170, 312, 121, 65, 67, 53, 98, 48)
0, (189, 305, 124, 66, 70, 55, 103, 49)
0, (172, 306, 128, 66, 64, 55, 83, 48)
0, (148, 308, 113, 74, 68, 49, 67, 45)
0, (169, 263, 105, 66, 63, 47, 57, 38)
0, (188, 231, 100, 72, 65, 50, 91, 51)
0, (230, 287, 109, 74, 71, 46, 93, 54)
0, (234, 330, 96, 71, 80, 46, 93, 53)
0, (267, 345, 99, 62, 80, 46, 95, 55)
0, (264, 341, 100, 67, 79, 44, 110, 55)
0, (249, 360, 101, 62, 78, 51, 96, 44)
0, (182, 297, 86, 67, 68, 54, 99, 47)
0, (169, 296, 102, 64, 68, 55, 101, 47)
0, (193, 329, 103, 60, 71, 46, 92, 48)
1, (203, 326, 85, 57, 72, 53, 93, 42)
1, (228, 298, 90, 64, 71, 53, 95, 47)
1, (191, 320, 104, 65, 71, 44, 97, 49)
1, (209, 300, 101, 64, 63, 41, 100, 46)
1, (233, 332, 99, 67, 64, 44, 95, 43)
1, (230, 356, 90, 66, 75, 42, 78, 45)
1, (211, 327, 92, 83, 76, 42, 90, 44)
1, (218, 314, 95, 86, 76, 43, 88, 43)
1, (189, 325, 100, 80, 77, 43, 80, 39)
1, (216, 381, 129, 76, 79, 35, 82, 40)
1, (214, 377, 131, 82, 71, 33, 102, 38)
1, (232, 411, 140, 74, 62, 39, 103, 51)
1, (225, 428, 148, 67, 66, 41, 98, 50)
1, (228, 434, 146, 80, 69, 44, 101, 53)
1, (181, 354, 126, 84, 72, 46, 106, 54)
1, (202, 364, 121, 78, 78, 50, 95, 56)
1, (181, 340, 117, 74, 80, 50, 83, 44)
1, (180, 346, 113, 79, 78, 50, 98, 54)
1, (160, 331, 108, 67, 77, 56, 104, 55)
1, (159, 359, 114, 60, 83, 57, 98, 56)
1, (153, 393, 125, 72, 80, 57, 91, 54)
1, (148, 365, 127, 70, 87, 59, 102, 56)
1, (163, 357, 126, 67, 85, 62, 107, 48)
1, (163, 357, 127, 66, 88, 58, 99, 46)
1, (159, 358, 121, 73, 84, 57, 94, 43)
1, (160, 281, 117, 63, 79, 56, 100, 41)
1, (185, 281, 126, 62, 71, 54, 104, 41)
1, (168, 310, 121, 59, 75, 60, 94, 40)
1, (163, 339, 134, 62, 74, 58, 98, 41)
2, (170, 365, 154, 52, 59, 58, 105, 41)
2, (182, 439, 180, 51, 63, 57, 97, 42)
2, (211, 451, 169, 59, 64, 57, 100, 44)
2, (219, 408, 171, 72, 79, 47, 115, 63)
2, (221, 421, 160, 75, 79, 60, 152, 108)
2, (261, 374, 146, 95, 80, 95, 159, 122)
2, (262, 368, 120, 135, 84, 123, 214, 136)
2, (234, 377, 179, 150, 82, 125, 213, 135)
2, (224, 378, 178, 148, 61, 129, 209, 147)
2, (245, 370, 183, 154, 55, 127, 195, 129)
2, (211, 367, 195, 155, 61, 110, 223, 125)
2, (193, 299, 197, 167, 64, 79, 179, 111)
2, (205, 324, 157, 212, 75, 74, 173, 224)
2, (234, 389, 166, 223, 77, 98, 189, 235)
2, (245, 396, 205, 234, 83, 104, 186, 246)
2, (238, 419, 186, 233, 86, 98, 149, 254)
2, (244, 464, 179, 207, 85, 100, 145, 255)
2, (234, 435, 174, 153, 76, 101, 148, 240)
2, (209, 384, 174, 142, 76, 72, 135, 263)
2, (183, 379, 139, 126, 72, 64, 140, 296)
2, (204, 367, 146, 140, 70, 65, 138, 293)
2, (218, 335, 150, 156, 66, 62, 136, 296)
2, (214, 320, 150, 163, 68, 71, 151, 240)
2, (208, 378, 161, 177, 78, 82, 170, 193)
2, (231, 362, 153, 199, 88, 86, 171, 253)
2, (210, 362, 164, 196, 90, 84, 168, 312)
2, (186, 389, 166, 183, 87, 86, 175, 319)
2, (177, 402, 165, 194, 99, 76, 157, 325)
2, (221, 446, 155, 199, 111, 72, 134, 326)
2, (224, 467, 157, 173, 103, 70, 123, 235)
2, (228, 461, 140, 158, 98, 71, 121, 264)
2, (228, 470, 139, 158, 116, 72, 106, 270)
2, (259, 493, 164, 145, 111, 78, 113, 269)
2, (242, 449, 183, 138, 103, 78, 106, 274)
2, (217, 423, 192, 152, 106, 72, 97, 303)
2, (228, 412, 193, 175, 129, 76, 97, 203)
2, (232, 359, 195, 185, 119, 75, 105, 196)
2, (196, 339, 180, 181, 117, 68, 98, 291)
2, (190, 285, 154, 184, 107, 59, 79, 300)
2, (255, 266, 141, 194, 105, 61, 76, 274)
2, (247, 275, 151, 180, 83, 55, 76, 292)
2, (252, 310, 137, 187, 87, 59, 81, 287)
2, (256, 310, 125, 193, 92, 69, 107, 264)
2, (271, 307, 140, 187, 100, 88, 137, 279)
2, (219, 308, 137, 197, 100, 87, 137, 288)
2, (229, 320, 127, 196, 105, 92, 141, 276)
2, (216, 410, 162, 198, 104, 88, 130, 271)
2, (220, 402, 167, 192, 96, 81, 111, 195)
2, (193, 403, 157, 208, 107, 61, 78, 372)
2, (278, 371, 236, 210, 100, 49, 74, 296)
2, (167, 405, 161, 261, 117, 70, 116, 382)
2, (265, 348, 244, 231, 104, 64, 89, 284)
2, (138, 418, 169, 266, 114, 66, 119, 384)
2, (211, 315, 141, 279, 114, 65, 129, 387)
2, (220, 310, 174, 326, 117, 72, 148, 493)
2, (220, 303, 178, 342, 124, 71, 152, 367)
2, (310, 323, 252, 348, 97, 78, 131, 332)
2, (233, 304, 181, 291, 117, 64, 126, 367)
2, (313, 393, 227, 349, 108, 71, 126, 325)
2, (257, 289, 202, 293, 112, 58, 118, 366)
2, (313, 388, 202, 350, 114, 76, 129, 330)
2, (252, 288, 212, 279, 109, 68, 129, 364)
2, (301, 364, 181, 349, 115, 76, 122, 323)
2, (257, 275, 180, 242, 108, 61, 111, 329)
2, (263, 382, 175, 264, 116, 81, 121, 303)
2, (261, 295, 178, 221, 90, 66, 107, 323)
2, (258, 371, 169, 239, 103, 67, 108, 304)
3, (192, 321, 229, 191, 75, 58, 125, 331)
3, (198, 324, 241, 200, 72, 62, 137, 320)
3, (220, 378, 233, 194, 63, 67, 139, 347)
3, (223, 395, 237, 180, 65, 63, 136, 348)
3, (217, 388, 242, 141, 68, 56, 130, 352)
3, (226, 389, 246, 206, 102, 60, 114, 343)
3, (211, 374, 229, 205, 107, 59, 110, 391)
3, (196, 389, 216, 210, 109, 54, 99, 304)
3, (231, 394, 208, 209, 113, 57, 106, 327)
3, (225, 387, 208, 210, 108, 58, 100, 328)
3, (260, 363, 188, 163, 84, 67, 120, 365)
3, (286, 389, 219, 154, 81, 66, 121, 300)
3, (279, 332, 236, 166, 78, 65, 119, 326)
3, (274, 301, 225, 171, 77, 62, 113, 303)
3, (284, 309, 216, 171, 83, 63, 129, 316)
3, (258, 401, 252, 179, 102, 56, 129, 363)
3, (237, 439, 218, 189, 108, 59, 115, 378)
3, (268, 438, 242, 201, 110, 63, 118, 357)
3, (252, 428, 241, 198, 108, 68, 119, 377)
3, (291, 473, 231, 202, 108, 77, 118, 402)
3, (289, 398, 202, 175, 93, 74, 98, 350)
3, (305, 331, 200, 162, 84, 67, 92, 338)
3, (282, 359, 141, 116, 83, 66, 100, 350)
3, (299, 367, 172, 113, 82, 73, 115, 337)
3, (266, 301, 178, 181, 85, 70, 116, 419)
3, (253, 308, 175, 240, 96, 70, 118, 376)
3, (244, 332, 196, 245, 94, 72, 137, 380)
3, (274, 302, 202, 249, 93, 81, 158, 366)
3, (273, 289, 198, 248, 94, 76, 159, 407)
3, (263, 281, 200, 205, 96, 69, 148, 270)
3, (269, 273, 201, 138, 75, 68, 147, 279)
3, (276, 207, 176, 133, 82, 70, 142, 265)
3, (251, 198, 184, 156, 82, 57, 119, 318)
3, (274, 202, 179, 185, 84, 55, 127, 287)
3, (276, 239, 178, 182, 80, 56, 126, 286)
3, (279, 229, 172, 192, 83, 61, 134, 270)
3, (252, 268, 189, 207, 86, 62, 128, 295)
3, (248, 260, 191, 192, 87, 62, 128, 267)
3, (204, 260, 198, 179, 84, 64, 110, 225)
3, (204, 236, 197, 182, 79, 64, 109, 217)
3, (201, 268, 200, 178, 77, 58, 97, 245)
3, (210, 266, 201, 173, 77, 58, 92, 226)
3, (223, 309, 193, 177, 79, 70, 98, 317)
3, (232, 321, 194, 183, 87, 70, 91, 316)
3, (234, 353, 208, 180, 90, 68, 90, 338)
3, (236, 351, 207, 168, 97, 70, 94, 322)
3, (247, 366, 214, 182, 96, 66, 98, 314)
3, (268, 374, 231, 199, 105, 57, 79, 292)
3, (257, 352, 263, 254, 98, 61, 88, 284)
3, (273, 340, 257, 255, 94, 64, 100, 388)
3, (316, 307, 248, 337, 85, 65, 122, 333)
4, (267, 334, 175, 140, 66, 54, 92, 305)
4, (258, 328, 183, 169, 70, 55, 112, 294)
4, (267, 373, 207, 188, 74, 48, 102, 292)
4, (259, 393, 202, 225, 71, 44, 109, 348)
4, (227, 383, 216, 221, 85, 56, 122, 370)
4, (256, 380, 217, 219, 97, 58, 127, 364)
4, (238, 389, 211, 203, 99, 58, 115, 364)
4, (239, 369, 191, 202, 108, 72, 120, 377)
4, (230, 367, 207, 197, 112, 72, 109, 432)
4, (234, 373, 239, 205, 104, 63, 96, 375)
4, (235, 381, 270, 226, 90, 63, 96, 368)
4, (291, 479, 289, 222, 84, 82, 142, 369)
4, (286, 458, 304, 229, 72, 69, 137, 401)
4, (297, 426, 291, 205, 64, 70, 134, 328)
4, (293, 442, 276, 196, 73, 72, 136, 330)
4, (283, 427, 237, 187, 94, 72, 143, 327)
4, (247, 331, 243, 207, 109, 59, 119, 359)
4, (265, 334, 227, 232, 118, 58, 115, 348)
4, (255, 387, 228, 222, 118, 58, 121, 314)
4, (257, 357, 216, 219, 113, 59, 120, 317)
4, (255, 344, 221, 213, 102, 58, 116, 324)
4, (231, 343, 205, 193, 91, 49, 96, 311)
4, (201, 322, 221, 146, 88, 52, 106, 342)
4, (198, 287, 231, 164, 82, 55, 107, 301)
4, (202, 289, 221, 197, 80, 58, 118, 301)
5, (224, 234, 229, 237, 106, 66, 121, 266)
5, (243, 253, 221, 246, 108, 68, 123, 257)
5, (255, 271, 230, 230, 108, 67, 122, 261)
5, (254, 270, 236, 182, 96, 72, 147, 261)
5, (233, 285, 218, 156, 88, 73, 142, 270)
5, (224, 358, 206, 162, 84, 67, 131, 226)
5, (210, 409, 219, 160, 83, 75, 137, 288)
5, (199, 396, 239, 183, 99, 78, 142, 311)
5, (190, 398, 242, 176, 105, 89, 151, 325)
5, (199, 423, 225, 197, 107, 84, 148, 327)
5, (187, 360, 230, 186, 100, 85, 145, 372)
5, (188, 300, 223, 178, 100, 91, 147, 358)
5, (192, 362, 213, 167, 94, 96, 159, 363)
5, (187, 385, 219, 173, 90, 87, 144, 357)
5, (185, 355, 222, 147, 97, 83, 142, 372)
5, (175, 358, 223, 148, 106, 101, 171, 370)
5, (179, 339, 208, 161, 111, 95, 173, 325)
5, (179, 275, 195, 178, 100, 96, 168, 313)
5, (180, 248, 187, 177, 95, 99, 163, 399)
5, (228, 278, 183, 200, 98, 113, 206, 389)
5, (222, 351, 195, 225, 91, 95, 187, 344)
5, (230, 348, 197, 228, 84, 91, 179, 394)
5, (269, 339, 201, 211, 78, 89, 178, 383)
5, (283, 332, 181, 209, 79, 84, 175, 287)
5, (226, 367, 242, 217, 92, 76, 133, 332)
5, (227, 295, 230, 190, 100, 80, 132, 323)
5, (221, 300, 231, 190, 108, 90, 144, 288)
5, (184, 313, 221, 192, 115, 94, 166, 299)
5, (214, 315, 231, 198, 121, 92, 163, 370)
5, (216, 377, 165, 175, 108, 81, 156, 324)
5, (237, 383, 168, 192, 101, 89, 184, 344)
5, (249, 395, 185, 173, 92, 103, 229, 349)
5, (254, 404, 217, 193, 83, 98, 215, 352)
5, (239, 466, 206, 191, 78, 107, 248, 270)
5, (246, 365, 196, 187, 72, 113, 272, 291)
5, (250, 377, 203, 167, 78, 106, 258, 279)
5, (233, 402, 199, 178, 84, 92, 230, 306)
5, (230, 483, 180, 161, 90, 86, 220, 314)
5, (215, 428, 180, 162, 103, 75, 181, 349)
5, (239, 423, 188, 165, 116, 72, 148, 363)
5, (240, 436, 179, 174, 113, 78, 147, 381)
5, (261, 426, 170, 161, 108, 64, 108, 342)
5, (246, 356, 182, 144, 107, 64, 107, 321)
5, (237, 377, 188, 150, 94, 70, 103, 328)
5, (206, 400, 199, 140, 78, 68, 89, 283)
5, (211, 377, 195, 148, 81, 62, 67, 256)
5, (249, 374, 186, 146, 79, 65, 74, 250)
5, (281, 407, 173, 167, 76, 68, 98, 341)
5, (283, 383, 173, 153, 78, 62, 114, 298)
5, (292, 358, 164, 156, 80, 60, 114, 323)
5, (307, 371, 194, 139, 77, 57, 115, 365)
5, (262, 363, 205, 179, 87, 55, 118, 376)
5, (237, 273, 204, 184, 88, 55, 131, 323)
5, (243, 273, 198, 180, 88, 53, 114, 331)
5, (297, 276, 201, 171, 88, 52, 112, 341)
5, (297, 253, 175, 174, 83, 51, 110, 305)
5, (294, 255, 163, 131, 68, 54, 119, 275)
5, (297, 281, 163, 103, 76, 54, 91, 285)
5, (322, 313, 169, 122, 68, 53, 91, 324)
