0, (187, 274, 156, 113, 123, 85, 142, 153)
0, (232, 273, 158, 110, 125, 83, 102, 193)
0, (267, 244, 159, 152, 142, 88, 117, 190)
0, (261, 212, 152, 172, 130, 85, 117, 191)
0, (257, 236, 165, 184, 116, 89, 127, 195)
0, (305, 210, 170, 198, 105, 84, 129, 206)
0, (310, 179, 174, 202, 120, 78, 128, 132)
0, (284, 163, 190, 168, 101, 68, 110, 121)
0, (307, 200, 199, 157, 109, 70, 107, 161)
0, (313, 218, 183, 138, 109, 63, 98, 172)
0, (297, 242, 206, 123, 119, 55, 100, 162)
0, (259, 246, 197, 123, 113, 52, 98, 162)
0, (253, 314, 216, 135, 108, 54, 106, 176)
0, (225, 300, 228, 137, 97, 58, 110, 167)
0, (285, 273, 227, 150, 114, 67, 129, 178)
0, (265, 267, 207, 150, 111, 62, 111, 172)
0, (292, 294, 224, 170, 99, 70, 138, 177)
0, (272, 225, 178, 168, 102, 67, 130, 164)
0, (271, 222, 155, 153, 98, 61, 135, 223)
0, (218, 232, 172, 145, 87, 51, 114, 207)
0, (247, 249, 180, 142, 111, 50, 113, 209)
0, (205, 259, 166, 130, 116, 50, 99, 204)
0, (212, 252, 169, 132, 119, 52, 102, 202)
0, (212, 242, 183, 130, 128, 56, 90, 98)
1, (184, 241, 160, 123, 123, 55, 87, 86)
1, (168, 225, 140, 126, 104, 56, 82, 69)
1, (182, 251, 146, 101, 100, 45, 53, 64)
1, (178, 266, 146, 79, 102, 47, 51, 58)
1, (186, 269, 117, 80, 89, 49, 65, 42)
1, (192, 259, 120, 90, 115, 53, 66, 36)
1, (165, 283, 129, 95, 110, 52, 64, 35)
1, (174, 222, 118, 110, 108, 51, 66, 33)
1, (233, 209, 109, 120, 111, 49, 65, 33)
1, (238, 217, 109, 148, 136, 44, 51, 32)
1, (244, 258, 115, 144, 130, 49, 57, 33)
1, (245, 267, 116, 138, 136, 53, 57, 35)
2, (241, 263, 105, 131, 136, 52, 62, 35)
2, (180, 261, 105, 123, 136, 54, 58, 35)
2, (179, 257, 103, 94, 132, 54, 55, 37)
2, (168, 283, 88, 97, 120, 44, 50, 39)
2, (187, 279, 78, 101, 124, 40, 47, 36)
2, (201, 287, 79, 102, 124, 48, 46, 44)
2, (207, 282, 75, 103, 140, 45, 49, 46)
2, (209, 325, 75, 95, 126, 52, 57, 45)
2, (243, 274, 81, 93, 123, 51, 56, 48)
2, (223, 240, 80, 91, 115, 51, 67, 49)
2, (224, 232, 75, 88, 119, 51, 63, 48)
2, (250, 279, 74, 90, 107, 52, 66, 56)
2, (243, 241, 83, 91, 105, 51, 63, 57)
2, (252, 232, 81, 102, 112, 51, 61, 55)
2, (259, 219, 73, 101, 112, 51, 52, 54)
2, (244, 238, 77, 118, 105, 45, 52, 51)
2, (217, 201, 78, 132, 94, 49, 52, 41)
2, (235, 188, 71, 136, 88, 57, 91, 44)
2, (208, 199, 78, 127, 80, 56, 93, 47)
2, (210, 286, 81, 135, 79, 58, 97, 47)
2, (224, 286, 79, 117, 99, 62, 96, 47)
2, (240, 278, 79, 93, 107, 59, 94, 47)
2, (218, 304, 81, 84, 113, 49, 57, 45)
2, (224, 307, 71, 83, 111, 58, 86, 46)
2, (217, 298, 79, 71, 113, 67, 90, 48)
2, (236, 299, 79, 79, 120, 63, 95, 46)
2, (214, 294, 78, 108, 115, 64, 94, 46)
2, (221, 320, 75, 110, 113, 64, 96, 45)
2, (204, 339, 78, 115, 117, 61, 74, 39)
2, (215, 291, 66, 113, 115, 50, 69, 40)
2, (214, 280, 72, 116, 100, 50, 61, 44)
2, (252, 321, 78, 88, 95, 54, 67, 43)
2, (243, 265, 78, 90, 89, 51, 62, 38)
2, (251, 231, 74, 86, 87, 48, 63, 41)
2, (249, 237, 84, 87, 94, 53, 58, 44)
2, (227, 297, 95, 84, 101, 63, 72, 42)
2, (203, 267, 89, 92, 98, 60, 67, 46)
2, (218, 270, 87, 96, 97, 60, 70, 47)
2, (245, 268, 89, 94, 98, 60, 68, 48)
2, (237, 275, 84, 100, 96, 55, 67, 43)
2, (258, 276, 68, 95, 81, 47, 59, 41)
2, (256, 261, 65, 88, 77, 45, 61, 39)
2, (251, 256, 65, 85, 83, 48, 55, 38)
2, (219, 265, 65, 95, 77, 49, 60, 40)
2, (228, 341, 66, 91, 69, 48, 60, 40)
2, (220, 300, 66, 88, 76, 45, 54, 41)
2, (212, 317, 78, 92, 84, 48, 57, 40)
2, (203, 326, 75, 87, 83, 50, 60, 41)
2, (204, 333, 73, 78, 96, 48, 51, 35)
2, (184, 265, 67, 99, 95, 50, 60, 36)
2, (145, 247, 81, 102, 90, 49, 62, 33)
2, (180, 233, 76, 103, 90, 46, 59, 38)
2, (192, 237, 77, 101, 88, 39, 56, 46)
2, (188, 222, 84, 98, 79, 39, 65, 45)
2, (196, 197, 91, 78, 78, 40, 54, 45)
2, (245, 259, 101, 134, 76, 45, 60, 49)
2, (244, 264, 110, 146, 89, 50, 71, 51)
2, (238, 263, 121, 146, 90, 51, 78, 45)
2, (234, 267, 116, 154, 86, 53, 74, 47)
2, (239, 282, 120, 154, 84, 49, 75, 46)
2, (189, 229, 103, 108, 84, 45, 71, 43)
2, (199, 221, 93, 85, 81, 39, 61, 36)
2, (227, 236, 91, 89, 79, 39, 60, 35)
2, (229, 260, 106, 92, 78, 36, 62, 33)
2, (223, 234, 108, 84, 89, 41, 64, 32)
2, (239, 285, 121, 86, 101, 51, 73, 39)
2, (215, 286, 122, 101, 105, 56, 73, 38)
2, (210, 275, 117, 101, 113, 62, 80, 39)
2, (223, 255, 116, 86, 114, 60, 75, 43)
2, (244, 294, 108, 85, 106, 60, 77, 44)
2, (251, 247, 102, 79, 93, 57, 75, 40)
2, (248, 246, 99, 59, 81, 53, 76, 44)
2, (226, 251, 100, 78, 77, 45, 61, 43)
2, (231, 246, 87, 79, 87, 47, 62, 44)
2, (228, 210, 89, 81, 92, 49, 69, 55)
2, (212, 224, 88, 84, 102, 48, 64, 53)
2, (249, 293, 105, 84, 98, 54, 76, 62)
2, (299, 305, 107, 75, 102, 54, 79, 64)
2, (296, 366, 115, 75, 95, 57, 87, 64)
2, (306, 365, 114, 77, 90, 53, 79, 56)
2, (335, 356, 107, 81, 82, 49, 80, 60)
2, (323, 341, 91, 81, 84, 43, 71, 48)
2, (297, 316, 88, 71, 107, 49, 71, 47)
2, (338, 335, 88, 72, 111, 51, 77, 42)
2, (318, 374, 86, 71, 112, 52, 79, 39)
2, (288, 392, 95, 65, 111, 52, 77, 35)
2, (298, 395, 99, 67, 109, 53, 89, 39)
2, (282, 429, 100, 68, 93, 51, 89, 38)
2, (275, 421, 92, 67, 92, 46, 77, 46)
2, (299, 390, 93, 67, 95, 53, 84, 48)
2, (296, 376, 93, 68, 110, 59, 88, 47)
2, (397, 371, 100, 71, 113, 57, 75, 54)
2, (398, 369, 99, 90, 105, 56, 82, 57)
2, (365, 305, 102, 89, 116, 64, 104, 62)
2, (361, 320, 124, 88, 115, 59, 100, 61)
2, (371, 397, 119, 94, 97, 51, 97, 67)
2, (226, 385, 107, 100, 92, 54, 105, 65)
2, (235, 396, 110, 78, 87, 54, 107, 67)
2, (245, 400, 105, 77, 91, 51, 103, 65)
2, (215, 406, 76, 85, 99, 54, 100, 64)
2, (188, 352, 70, 85, 114, 56, 101, 58)
2, (208, 362, 81, 76, 123, 62, 108, 52)
2, (205, 322, 84, 82, 127, 60, 100, 48)
2, (198, 344, 89, 86, 122, 55, 84, 45)
2, (218, 360, 95, 75, 114, 55, 94, 44)
2, (240, 351, 111, 78, 114, 52, 93, 51)
2, (228, 332, 117, 76, 108, 45, 85, 52)
2, (226, 367, 116, 73, 101, 44, 83, 52)
2, (230, 338, 112, 74, 104, 52, 90, 48)
2, (252, 327, 106, 85, 108, 52, 80, 53)
2, (234, 323, 89, 78, 97, 54, 94, 48)
2, (225, 325, 76, 85, 121, 60, 88, 52)
2, (222, 283, 74, 84, 129, 59, 91, 52)
2, (227, 327, 72, 83, 133, 62, 92, 57)
2, (202, 309, 80, 84, 134, 63, 92, 60)
2, (206, 350, 82, 85, 137, 67, 80, 59)
2, (229, 335, 82, 80, 115, 63, 84, 58)
2, (225, 337, 79, 79, 112, 67, 85, 58)
2, (211, 322, 80, 78, 100, 58, 77, 54)
2, (207, 336, 90, 70, 99, 59, 92, 47)
2, (222, 329, 94, 65, 89, 51, 89, 52)
2, (218, 385, 90, 62, 85, 49, 79, 50)
2, (221, 376, 91, 62, 90, 46, 85, 51)
2, (264, 367, 94, 56, 90, 51, 92, 53)
2, (295, 354, 79, 55, 87, 48, 77, 51)
2, (284, 331, 84, 57, 93, 51, 77, 44)
2, (289, 298, 85, 62, 95, 54, 88, 46)
2, (296, 310, 94, 63, 81, 54, 82, 46)
2, (273, 370, 92, 74, 66, 49, 78, 46)
2, (232, 362, 92, 80, 90, 49, 85, 45)
2, (239, 370, 98, 81, 91, 46, 84, 47)
2, (231, 351, 95, 82, 101, 39, 74, 46)
2, (272, 378, 83, 88, 114, 39, 72, 45)
2, (250, 299, 85, 90, 116, 40, 76, 43)
2, (245, 311, 120, 129, 110, 50, 90, 47)
2, (262, 272, 110, 128, 105, 50, 89, 48)
2, (280, 310, 113, 132, 127, 56, 99, 57)
2, (267, 272, 143, 143, 125, 68, 108, 89)
2, (275, 280, 142, 197, 132, 74, 108, 93)
2, (288, 267, 114, 206, 126, 79, 120, 100)
2, (312, 303, 142, 238, 129, 88, 143, 125)
2, (291, 255, 161, 300, 123, 96, 150, 123)
2, (284, 240, 170, 379, 135, 94, 150, 154)
2, (294, 222, 174, 412, 132, 93, 152, 159)
2, (379, 287, 184, 429, 159, 89, 140, 163)
2, (402, 322, 142, 342, 136, 91, 140, 158)
2, (340, 268, 167, 425, 161, 92, 131, 155)
2, (368, 335, 156, 307, 134, 87, 135, 157)
2, (239, 281, 107, 367, 87, 89, 118, 170)
2, (300, 311, 167, 288, 138, 81, 129, 119)
2, (247, 274, 126, 359, 99, 79, 104, 167)
2, (252, 280, 143, 333, 102, 76, 105, 164)
2, (253, 254, 157, 342, 123, 79, 102, 106)
2, (278, 288, 157, 280, 127, 91, 119, 102)
3, (345, 309, 173, 151, 91, 101, 169, 132)
3, (291, 306, 166, 159, 99, 92, 167, 127)
3, (286, 293, 137, 167, 77, 109, 176, 109)
3, (296, 288, 146, 174, 82, 180, 234, 106)
3, (279, 259, 168, 193, 91, 200, 293, 124)
3, (274, 257, 180, 187, 100, 199, 294, 102)
3, (319, 247, 184, 185, 92, 199, 290, 110)
3, (319, 265, 198, 176, 99, 190, 285, 166)
3, (287, 215, 186, 179, 96, 114, 206, 170)
3, (262, 245, 158, 160, 95, 69, 128, 161)
3, (260, 228, 143, 161, 103, 70, 119, 161)
3, (241, 237, 151, 167, 109, 64, 119, 170)
3, (242, 221, 133, 176, 104, 49, 106, 146)
3, (246, 214, 124, 170, 105, 49, 107, 150)
3, (271, 250, 131, 162, 106, 45, 61, 148)
3, (273, 269, 152, 156, 88, 42, 70, 144)
3, (233, 265, 160, 151, 77, 52, 74, 141)
3, (220, 270, 150, 117, 75, 54, 77, 128)
3, (215, 273, 150, 110, 86, 53, 79, 113)
3, (211, 225, 149, 111, 89, 57, 77, 111)
3, (225, 208, 150, 103, 97, 56, 70, 120)
3, (232, 216, 132, 122, 106, 50, 68, 115)
3, (251, 215, 133, 121, 107, 52, 80, 156)
3, (253, 214, 131, 125, 109, 51, 74, 185)
3, (247, 247, 135, 130, 117, 47, 85, 189)
3, (244, 265, 118, 150, 112, 49, 88, 190)
3, (225, 251, 124, 147, 111, 50, 92, 191)
3, (207, 260, 128, 154, 127, 49, 82, 183)
3, (208, 300, 127, 156, 124, 56, 92, 179)
3, (212, 291, 127, 155, 113, 52, 82, 175)
3, (203, 293, 133, 191, 130, 49, 79, 169)
3, (247, 305, 129, 189, 126, 51, 83, 173)
3, (259, 309, 132, 188, 116, 58, 102, 142)
3, (253, 289, 140, 187, 108, 53, 96, 106)
3, (237, 292, 144, 193, 105, 53, 92, 107)
3, (240, 265, 132, 164, 90, 57, 91, 109)
3, (233, 248, 142, 153, 97, 54, 93, 97)
3, (262, 250, 137, 147, 85, 52, 81, 159)
3, (280, 227, 134, 156, 89, 49, 73, 161)
3, (281, 244, 150, 152, 95, 54, 82, 159)
3, (271, 319, 155, 142, 102, 55, 86, 161)
3, (286, 322, 139, 142, 104, 58, 92, 168)
3, (258, 304, 143, 142, 109, 63, 106, 100)
3, (322, 306, 149, 133, 119, 75, 121, 141)
3, (338, 270, 119, 143, 138, 81, 126, 145)
3, (334, 266, 115, 124, 138, 84, 125, 145)
3, (302, 264, 118, 123, 130, 85, 118, 145)
3, (312, 264, 104, 121, 124, 91, 123, 150)
3, (241, 252, 90, 121, 121, 85, 109, 112)
3, (233, 243, 125, 145, 110, 75, 107, 151)
3, (234, 167, 124, 150, 103, 72, 117, 150)
3, (220, 198, 125, 152, 103, 81, 131, 138)
3, (214, 212, 130, 159, 103, 71, 108, 143)
3, (211, 209, 138, 155, 96, 67, 117, 140)
3, (210, 233, 112, 124, 78, 78, 142, 96)
3, (217, 215, 141, 117, 101, 82, 136, 95)
3, (233, 191, 141, 115, 99, 70, 127, 101)
3, (270, 222, 155, 135, 104, 66, 134, 116)
3, (278, 284, 151, 164, 104, 69, 131, 119)
3, (262, 273, 162, 220, 105, 75, 116, 117)
3, (291, 272, 164, 266, 81, 72, 122, 115)
3, (284, 280, 165, 279, 89, 75, 120, 132)
3, (250, 312, 152, 272, 99, 76, 114, 110)
3, (244, 264, 169, 261, 103, 76, 119, 123)
3, (268, 279, 163, 240, 114, 60, 101, 148)
3, (241, 316, 144, 200, 113, 63, 102, 149)
3, (277, 353, 160, 214, 118, 100, 136, 151)
3, (277, 297, 162, 221, 105, 98, 136, 155)
3, (321, 299, 143, 278, 107, 99, 134, 150)
3, (376, 315, 140, 280, 107, 105, 139, 169)
3, (395, 325, 140, 284, 118, 105, 147, 182)
3, (405, 327, 120, 299, 113, 82, 137, 165)
4, (298, 227, 204, 171, 115, 64, 106, 162)
4, (290, 169, 198, 180, 116, 65, 105, 155)
4, (304, 253, 198, 198, 116, 67, 111, 173)
4, (313, 265, 213, 199, 108, 72, 116, 180)
4, (360, 268, 177, 201, 121, 80, 115, 179)
4, (340, 267, 169, 193, 113, 80, 114, 174)
4, (320, 275, 187, 188, 105, 86, 121, 171)
4, (314, 216, 200, 163, 104, 79, 103, 157)
4, (323, 203, 172, 168, 113, 81, 99, 105)
4, (235, 219, 180, 172, 97, 70, 100, 138)
4, (199, 229, 169, 186, 87, 71, 108, 160)
4, (207, 218, 160, 165, 90, 69, 101, 160)
4, (227, 213, 149, 155, 109, 70, 104, 162)
4, (206, 249, 148, 161, 106, 73, 120, 172)
4, (221, 254, 132, 162, 115, 78, 137, 157)
4, (262, 241, 136, 150, 119, 76, 133, 146)
4, (263, 231, 143, 153, 120, 69, 135, 144)
4, (245, 224, 132, 162, 106, 96, 183, 146)
4, (270, 262, 144, 152, 109, 91, 172, 189)
4, (261, 250, 147, 157, 104, 89, 152, 178)
4, (234, 252, 145, 160, 120, 96, 153, 171)
4, (228, 297, 146, 167, 116, 103, 155, 178)
4, (240, 300, 139, 149, 113, 84, 117, 196)
4, (206, 277, 142, 156, 122, 86, 122, 178)
4, (216, 279, 166, 145, 121, 82, 124, 181)
4, (213, 276, 177, 176, 117, 80, 124, 177)
4, (296, 249, 170, 168, 120, 82, 120, 170)
4, (296, 252, 202, 186, 132, 87, 109, 153)
4, (321, 276, 204, 175, 117, 99, 160, 110)
4, (336, 295, 186, 172, 111, 105, 168, 105)
5, (263, 226, 209, 148, 97, 53, 91, 208)
5, (266, 230, 208, 152, 103, 55, 90, 192)
5, (270, 235, 202, 170, 102, 70, 113, 207)
5, (238, 158, 219, 187, 109, 70, 116, 182)
5, (208, 179, 199, 195, 113, 72, 100, 171)
5, (190, 243, 161, 197, 125, 75, 102, 161)
5, (248, 254, 165, 195, 123, 76, 110, 187)
5, (298, 271, 179, 197, 129, 84, 140, 186)
5, (302, 270, 145, 172, 119, 84, 136, 177)
5, (310, 256, 114, 156, 116, 81, 138, 203)
5, (355, 195, 128, 143, 103, 80, 136, 208)
5, (359, 198, 133, 150, 123, 87, 130, 196)
5, (311, 159, 159, 133, 119, 83, 99, 176)
5, (315, 182, 167, 151, 119, 79, 100, 207)
5, (363, 193, 178, 142, 114, 77, 98, 184)
5, (328, 188, 168, 143, 125, 75, 111, 191)
5, (285, 169, 194, 167, 125, 76, 127, 199)
5, (291, 173, 159, 160, 128, 60, 118, 192)
5, (279, 144, 162, 155, 128, 59, 130, 181)
5, (199, 129, 150, 166, 144, 69, 133, 199)
5, (185, 119, 165, 167, 146, 73, 122, 196)
5, (197, 128, 148, 144, 128, 69, 112, 190)
5, (189, 138, 159, 151, 139, 67, 108, 235)
5, (214, 149, 177, 148, 143, 69, 111, 224)
5, (227, 151, 178, 134, 132, 59, 110, 212)
5, (259, 227, 180, 128, 119, 57, 117, 215)
5, (270, 244, 177, 126, 127, 55, 120, 203)
5, (268, 232, 206, 121, 119, 57, 116, 155)
5, (299, 228, 185, 113, 109, 62, 114, 186)
5, (287, 230, 185, 112, 101, 61, 111, 180)
5, (269, 177, 195, 138, 106, 66, 121, 185)
5, (263, 138, 196, 148, 104, 62, 107, 225)
5, (312, 175, 176, 149, 96, 62, 111, 218)
5, (313, 246, 193, 151, 96, 64, 113, 204)
5, (317, 277, 207, 168, 104, 64, 116, 205)
5, (307, 274, 198, 152, 100, 55, 107, 217)
5, (337, 294, 209, 140, 93, 55, 109, 194)
5, (309, 291, 201, 144, 91, 58, 108, 198)
5, (268, 277, 182, 138, 94, 53, 91, 178)
5, (261, 281, 174, 113, 86, 58, 88, 179)
5, (274, 300, 165, 150, 91, 54, 79, 154)
5, (285, 285, 132, 150, 95, 58, 78, 148)
5, (273, 277, 119, 147, 113, 64, 84, 137)
5, (277, 268, 119, 152, 118, 69, 90, 144)
5, (276, 247, 114, 157, 134, 68, 89, 172)
5, (280, 276, 123, 113, 131, 70, 97, 163)
5, (204, 277, 139, 130, 136, 68, 97, 172)
5, (214, 271, 146, 129, 121, 59, 91, 191)
5, (205, 238, 148, 118, 115, 54, 93, 190)
5, (258, 233, 153, 111, 101, 52, 94, 164)
5, (260, 205, 148, 121, 112, 62, 103, 195)
5, (277, 219, 142, 108, 104, 85, 160, 178)
5, (274, 227, 150, 115, 106, 87, 159, 166)
5, (290, 227, 171, 155, 101, 86, 160, 160)
5, (255, 225, 157, 172, 107, 84, 160, 160)
5, (252, 231, 149, 177, 96, 82, 156, 138)
5, (260, 317, 161, 218, 94, 58, 105, 159)
5, (256, 319, 176, 217, 91, 60, 113, 154)
5, (244, 318, 158, 195, 92, 67, 124, 162)
5, (252, 317, 161, 178, 93, 79, 139, 179)
5, (229, 280, 166, 186, 88, 76, 134, 202)
5, (207, 259, 175, 142, 77, 81, 149, 182)
5, (274, 282, 170, 151, 96, 91, 179, 183)
5, (321, 285, 172, 169, 108, 98, 201, 179)
5, (310, 287, 181, 207, 113, 94, 192, 197)
5, (318, 302, 179, 195, 113, 90, 190, 159)
5, (359, 277, 161, 192, 119, 91, 185, 173)
5, (319, 256, 178, 190, 119, 91, 165, 170)
5, (256, 250, 175, 177, 117, 78, 122, 179)
5, (280, 247, 169, 164, 116, 75, 129, 154)
5, (335, 233, 210, 212, 126, 79, 148, 157)
5, (292, 191, 217, 205, 135, 74, 165, 143)
5, (294, 190, 201, 196, 121, 54, 145, 142)
5, (301, 220, 211, 200, 122, 58, 152, 174)
5, (309, 272, 211, 192, 117, 61, 154, 173)
5, (237, 276, 177, 163, 109, 67, 143, 166)
5, (224, 250, 173, 164, 103, 62, 107, 196)
5, (254, 240, 200, 172, 107, 67, 117, 197)
