0, (205, 231, 118, 134, 70, 96, 161, 213)
0, (232, 250, 125, 131, 63, 104, 231, 217)
0, (226, 232, 134, 144, 60, 102, 240, 217)
0, (233, 237, 148, 143, 65, 103, 244, 215)
0, (214, 216, 153, 131, 82, 102, 243, 121)
0, (184, 205, 148, 118, 81, 97, 241, 143)
0, (145, 198, 142, 129, 81, 60, 173, 216)
0, (180, 202, 122, 118, 83, 55, 170, 220)
0, (176, 189, 101, 120, 82, 47, 165, 224)
0, (176, 188, 89, 116, 66, 55, 175, 227)
0, (180, 186, 124, 126, 67, 56, 188, 232)
0, (186, 204, 153, 135, 80, 57, 202, 229)
0, (152, 195, 179, 148, 78, 62, 181, 228)
0, (159, 211, 184, 157, 72, 63, 190, 229)
0, (131, 224, 193, 159, 74, 76, 202, 234)
0, (157, 218, 185, 147, 79, 78, 211, 214)
0, (177, 184, 161, 127, 61, 75, 230, 224)
0, (180, 192, 134, 99, 65, 78, 244, 222)
0, (179, 200, 136, 103, 68, 82, 241, 226)
0, (184, 203, 123, 102, 66, 64, 222, 221)
0, (172, 215, 113, 108, 65, 67, 211, 224)
0, (147, 210, 114, 105, 73, 72, 159, 144)
0, (149, 198, 119, 108, 67, 67, 137, 138)
0, (146, 169, 112, 94, 68, 60, 135, 125)
0, (140, 146, 111, 84, 68, 69, 161, 118)
0, (127, 97, 97, 69, 65, 74, 149, 94)
0, (125, 87, 97, 70, 58, 69, 148, 85)
0, (110, 67, 86, 70, 58, 66, 136, 68)
0, (88, 75, 73, 57, 53, 73, 144, 56)
0, (102, 144, 65, 57, 54, 87, 141, 63)
0, (99, 150, 127, 89, 57, 90, 178, 69)
0, (104, 190, 163, 94, 58, 101, 202, 77)
0, (115, 194, 166, 91, 61, 108, 213, 82)
0, (120, 192, 175, 98, 66, 107, 204, 84)
0, (106, 189, 182, 97, 70, 91, 188, 75)
0, (103, 227, 149, 73, 71, 82, 157, 71)
0, (90, 240, 108, 70, 69, 75, 134, 58)
0, (84, 264, 112, 69, 74, 79, 120, 56)
0, (80, 273, 100, 57, 69, 78, 120, 54)
0, (80, 298, 96, 51, 66, 75, 111, 52)
0, (72, 278, 104, 54, 63, 73, 98, 49)
0, (80, 273, 102, 54, 62, 67, 97, 49)
0, (78, 262, 96, 56, 66, 56, 89, 46)
0, (93, 290, 101, 57, 72, 57, 86, 45)
0, (92, 251, 109, 59, 75, 65, 91, 47)
0, (106, 242, 97, 52, 80, 70, 103, 59)
0, (108, 234, 97, 54, 85, 73, 92, 68)
0, (112, 225, 98, 62, 78, 70, 94, 74)
0, (106, 191, 95, 64, 85, 75, 99, 78)
0, (113, 191, 76, 72, 89, 73, 105, 83)
0, (103, 197, 76, 71, 86, 72, 118, 79)
0, (94, 171, 73, 68, 84, 75, 150, 73)
0, (116, 194, 66, 62, 88, 78, 157, 72)
0, (120, 189, 58, 66, 87, 77, 160, 65)
0, (127, 186, 69, 60, 77, 81, 176, 65)
0, (126, 187, 76, 69, 77, 78, 163, 61)
0, (145, 191, 83, 81, 74, 73, 131, 60)
0, (124, 161, 83, 83, 72, 72, 151, 61)
0, (122, 201, 88, 83, 68, 67, 147, 71)
0, (145, 219, 84, 81, 68, 58, 134, 64)
0, (151, 230, 76, 75, 61, 54, 128, 63)
0, (135, 229, 71, 60, 63, 53, 147, 66)
0, (137, 226, 66, 58, 59, 49, 135, 62)
0, (142, 206, 59, 49, 47, 52, 146, 52)
0, (120, 175, 63, 50, 46, 69, 170, 57)
0, (117, 267, 72, 48, 53, 76, 179, 57)
0, (131, 271, 73, 48, 52, 79, 177, 58)
0, (134, 276, 76, 46, 50, 79, 170, 59)
0, (138, 264, 78, 52, 49, 76, 157, 61)
0, (124, 268, 72, 63, 52, 61, 128, 55)
0, (123, 225, 61, 71, 47, 60, 147, 57)
0, (109, 226, 58, 71, 52, 56, 132, 54)
0, (129, 257, 55, 70, 60, 56, 128, 61)
0, (136, 250, 50, 66, 62, 57, 132, 59)
0, (144, 245, 51, 57, 60, 59, 127, 65)
1, (140, 187, 49, 50, 63, 54, 98, 62)
1, (144, 219, 50, 49, 57, 52, 120, 65)
1, (129, 229, 58, 45, 50, 51, 131, 57)
1, (109, 236, 65, 50, 49, 56, 138, 56)
1, (106, 237, 66, 47, 51, 55, 153, 49)
1, (118, 252, 69, 49, 49, 51, 149, 52)
1, (120, 253, 68, 49, 58, 57, 144, 48)
1, (119, 279, 61, 50, 59, 54, 127, 47)
1, (118, 302, 67, 44, 60, 53, 124, 53)
1, (127, 311, 72, 58, 59, 52, 116, 58)
1, (120, 312, 78, 60, 57, 53, 141, 56)
1, (120, 292, 78, 58, 53, 46, 130, 56)
1, (134, 231, 82, 65, 53, 52, 134, 56)
1, (133, 201, 72, 66, 51, 50, 129, 47)
1, (139, 257, 62, 55, 54, 47, 116, 50)
1, (147, 243, 53, 51, 59, 51, 97, 56)
1, (142, 244, 57, 58, 56, 54, 102, 55)
1, (146, 245, 56, 51, 64, 61, 129, 58)
1, (145, 249, 56, 52, 64, 64, 130, 59)
1, (135, 213, 59, 54, 71, 67, 134, 55)
1, (127, 218, 59, 56, 68, 67, 129, 56)
1, (128, 215, 62, 52, 75, 67, 147, 57)
1, (109, 223, 60, 54, 68, 56, 128, 55)
1, (137, 214, 63, 56, 72, 58, 145, 58)
1, (127, 187, 65, 55, 68, 54, 145, 59)
1, (120, 184, 67, 65, 69, 56, 145, 55)
1, (128, 240, 70, 66, 61, 60, 141, 58)
2, (126, 274, 75, 69, 68, 63, 144, 56)
2, (97, 310, 76, 66, 66, 57, 122, 52)
2, (111, 342, 80, 69, 65, 73, 151, 52)
2, (121, 346, 78, 58, 65, 71, 156, 50)
2, (107, 348, 83, 58, 68, 74, 150, 48)
2, (106, 388, 84, 54, 58, 75, 156, 46)
2, (118, 361, 96, 56, 53, 76, 158, 57)
2, (149, 345, 107, 59, 49, 60, 137, 55)
2, (147, 341, 115, 58, 52, 62, 127, 59)
2, (151, 298, 110, 53, 48, 57, 124, 56)
2, (153, 206, 105, 54, 55, 56, 124, 59)
2, (150, 352, 95, 71, 58, 59, 136, 53)
2, (112, 374, 83, 68, 67, 58, 126, 55)
2, (107, 370, 71, 68, 65, 59, 120, 52)
2, (102, 393, 73, 72, 69, 61, 122, 53)
2, (114, 388, 73, 74, 63, 62, 131, 53)
2, (103, 299, 70, 55, 65, 59, 119, 52)
2, (124, 282, 81, 56, 68, 60, 121, 54)
2, (141, 333, 80, 58, 70, 57, 125, 64)
2, (147, 304, 83, 66, 68, 59, 163, 70)
2, (141, 307, 88, 67, 73, 56, 151, 71)
2, (162, 310, 92, 67, 74, 56, 149, 71)
2, (141, 318, 82, 62, 67, 58, 157, 67)
2, (145, 268, 91, 72, 63, 56, 161, 61)
2, (150, 290, 83, 65, 63, 55, 142, 68)
2, (156, 279, 85, 61, 60, 53, 148, 66)
2, (141, 256, 81, 64, 68, 54, 154, 70)
2, (154, 251, 81, 68, 72, 51, 143, 70)
2, (153, 274, 72, 63, 69, 50, 149, 77)
2, (150, 256, 74, 60, 69, 48, 164, 65)
2, (152, 332, 77, 60, 71, 47, 153, 67)
2, (156, 330, 75, 69, 59, 54, 156, 64)
2, (158, 330, 79, 69, 51, 57, 166, 71)
2, (163, 317, 79, 67, 55, 57, 159, 69)
2, (182, 328, 82, 71, 55, 55, 125, 73)
2, (168, 313, 70, 74, 66, 56, 121, 69)
2, (191, 309, 89, 77, 70, 61, 134, 75)
2, (185, 319, 87, 75, 70, 60, 129, 73)
2, (171, 343, 96, 76, 65, 73, 163, 70)
2, (165, 332, 97, 81, 69, 76, 176, 67)
2, (166, 314, 107, 79, 67, 77, 177, 79)
2, (145, 317, 105, 68, 70, 73, 171, 78)
2, (146, 291, 107, 70, 70, 71, 167, 77)
2, (142, 270, 99, 66, 74, 64, 163, 71)
2, (140, 290, 97, 61, 69, 56, 153, 79)
2, (171, 267, 86, 60, 67, 57, 157, 78)
2, (165, 278, 89, 63, 60, 60, 175, 75)
2, (161, 281, 82, 61, 59, 64, 193, 85)
2, (161, 303, 83, 64, 66, 81, 231, 97)
2, (157, 281, 87, 72, 85, 89, 236, 90)
2, (127, 272, 88, 78, 85, 92, 267, 99)
2, (114, 269, 73, 79, 85, 86, 257, 105)
2, (115, 302, 87, 83, 90, 97, 284, 103)
2, (125, 272, 99, 92, 88, 82, 238, 90)
2, (109, 280, 99, 90, 70, 78, 253, 94)
2, (121, 289, 104, 83, 63, 90, 260, 102)
2, (121, 323, 124, 87, 61, 89, 277, 117)
2, (129, 279, 135, 117, 56, 77, 237, 120)
2, (146, 274, 140, 121, 58, 78, 263, 125)
2, (155, 339, 151, 117, 56, 96, 305, 135)
2, (145, 343, 156, 120, 55, 82, 279, 119)
2, (167, 301, 145, 131, 58, 84, 256, 124)
2, (159, 307, 135, 103, 74, 92, 330, 121)
3, (156, 254, 144, 110, 68, 87, 220, 239)
3, (147, 295, 156, 87, 68, 67, 190, 238)
3, (165, 262, 152, 94, 63, 69, 214, 247)
3, (152, 273, 151, 83, 61, 76, 235, 243)
3, (157, 289, 148, 81, 53, 76, 233, 228)
3, (174, 290, 169, 81, 63, 72, 223, 243)
3, (176, 274, 173, 87, 63, 73, 228, 233)
3, (163, 288, 167, 79, 65, 84, 232, 239)
3, (170, 263, 170, 105, 59, 81, 225, 242)
3, (170, 258, 166, 111, 66, 81, 218, 199)
3, (166, 261, 156, 135, 60, 76, 206, 236)
3, (171, 256, 166, 150, 61, 76, 186, 237)
3, (150, 313, 124, 91, 69, 94, 325, 123)
3, (150, 246, 170, 151, 59, 67, 176, 228)
3, (152, 236, 105, 127, 69, 76, 277, 116)
3, (141, 297, 167, 154, 68, 69, 190, 232)
3, (168, 214, 101, 146, 77, 84, 285, 138)
3, (150, 351, 174, 149, 65, 76, 208, 232)
3, (157, 227, 110, 134, 77, 88, 311, 123)
3, (162, 360, 163, 130, 71, 79, 218, 191)
3, (168, 211, 115, 133, 63, 86, 239, 143)
3, (163, 348, 132, 107, 72, 81, 217, 201)
3, (180, 224, 118, 136, 67, 81, 223, 195)
3, (182, 303, 134, 102, 70, 87, 225, 201)
3, (170, 345, 135, 102, 72, 82, 228, 196)
4, (183, 257, 129, 115, 67, 90, 226, 245)
4, (154, 248, 129, 109, 68, 78, 157, 237)
4, (152, 254, 120, 108, 75, 84, 165, 230)
4, (149, 198, 113, 97, 63, 71, 163, 233)
4, (137, 207, 98, 76, 63, 68, 150, 246)
4, (160, 200, 121, 77, 56, 67, 140, 226)
4, (163, 190, 119, 80, 56, 63, 165, 253)
4, (130, 218, 175, 90, 52, 49, 146, 209)
4, (132, 228, 175, 96, 56, 49, 177, 224)
4, (147, 207, 181, 118, 58, 79, 226, 217)
4, (142, 260, 180, 117, 66, 80, 234, 210)
4, (153, 279, 183, 124, 74, 76, 216, 179)
4, (156, 255, 142, 114, 72, 79, 226, 231)
5, (196, 201, 136, 100, 67, 70, 204, 165)
5, (193, 203, 130, 93, 64, 67, 183, 164)
5, (194, 209, 135, 100, 70, 67, 202, 156)
5, (197, 185, 134, 96, 68, 69, 187, 159)
5, (176, 209, 142, 102, 65, 63, 176, 116)
5, (183, 315, 139, 106, 61, 65, 205, 135)
5, (168, 329, 148, 106, 63, 62, 223, 212)
5, (172, 332, 160, 104, 48, 67, 227, 217)
5, (162, 320, 160, 107, 49, 85, 250, 229)
5, (161, 308, 164, 111, 47, 102, 317, 230)
5, (137, 192, 147, 106, 48, 98, 295, 221)
5, (149, 155, 144, 113, 57, 98, 283, 198)
5, (150, 142, 112, 100, 66, 106, 297, 243)
5, (148, 146, 113, 105, 67, 94, 294, 228)
5, (155, 169, 123, 94, 70, 76, 214, 237)
5, (165, 171, 126, 95, 83, 79, 239, 258)
5, (162, 173, 113, 104, 83, 79, 238, 225)
5, (136, 171, 113, 117, 78, 63, 210, 193)
5, (155, 164, 123, 123, 79, 60, 203, 262)
5, (156, 133, 107, 120, 78, 67, 227, 251)
5, (160, 160, 119, 142, 67, 67, 222, 242)
5, (154, 156, 128, 132, 60, 67, 219, 240)
5, (165, 187, 132, 122, 56, 70, 212, 211)
5, (145, 197, 123, 144, 60, 87, 206, 142)
5, (135, 195, 117, 142, 59, 80, 178, 202)
5, (152, 210, 122, 121, 66, 85, 160, 201)
5, (156, 209, 116, 124, 65, 87, 170, 222)
5, (162, 187, 120, 125, 67, 87, 170, 225)
5, (172, 238, 149, 83, 61, 73, 195, 221)
5, (177, 230, 147, 86, 65, 70, 179, 175)
5, (160, 199, 136, 97, 58, 63, 188, 254)
5, (162, 222, 157, 96, 57, 61, 190, 269)
5, (143, 225, 156, 95, 56, 58, 193, 266)
5, (137, 178, 132, 132, 72, 58, 162, 258)
5, (139, 185, 151, 138, 70, 69, 189, 257)
5, (131, 187, 176, 129, 72, 72, 189, 168)
5, (141, 179, 156, 133, 71, 82, 213, 211)
5, (160, 186, 172, 148, 85, 81, 211, 226)
5, (174, 183, 168, 132, 83, 82, 226, 232)
5, (179, 181, 167, 127, 81, 82, 212, 232)
5, (174, 180, 139, 131, 77, 80, 230, 227)
5, (171, 171, 158, 136, 78, 73, 209, 145)
5, (166, 191, 150, 120, 62, 83, 232, 188)
5, (169, 203, 180, 143, 57, 84, 245, 187)
5, (158, 208, 193, 203, 61, 82, 258, 182)
5, (157, 214, 193, 204, 63, 87, 261, 187)
5, (142, 213, 181, 203, 65, 89, 266, 183)
5, (133, 178, 169, 207, 69, 80, 255, 173)
5, (111, 188, 150, 185, 61, 71, 226, 232)
5, (137, 186, 119, 126, 62, 68, 238, 234)
5, (159, 218, 111, 127, 71, 78, 306, 235)
5, (164, 237, 109, 114, 82, 76, 308, 232)
5, (164, 242, 130, 111, 78, 78, 304, 218)
5, (165, 261, 147, 110, 80, 87, 307, 215)
5, (144, 256, 151, 105, 79, 91, 308, 216)
5, (169, 221, 158, 93, 76, 75, 216, 214)
5, (188, 209, 175, 94, 63, 72, 198, 220)
5, (199, 206, 160, 93, 63, 74, 195, 213)
5, (194, 151, 133, 97, 64, 89, 282, 217)
5, (194, 181, 128, 83, 62, 85, 266, 215)
5, (172, 185, 118, 101, 55, 100, 299, 218)
5, (158, 187, 95, 102, 59, 100, 300, 221)
5, (140, 191, 111, 95, 58, 105, 335, 221)
5, (140, 208, 108, 89, 55, 86, 268, 214)
5, (153, 217, 100, 91, 53, 90, 306, 217)
5, (148, 258, 103, 65, 59, 97, 339, 230)
5, (157, 247, 96, 65, 53, 100, 350, 221)
5, (166, 264, 108, 77, 56, 92, 319, 237)
5, (163, 247, 120, 89, 65, 92, 312, 181)
5, (154, 220, 145, 114, 69, 82, 282, 189)
5, (151, 191, 156, 116, 64, 62, 213, 175)
5, (146, 217, 158, 122, 72, 61, 204, 203)
5, (146, 217, 138, 118, 81, 60, 209, 236)
5, (145, 222, 141, 142, 81, 60, 215, 243)
5, (140, 254, 132, 135, 77, 62, 193, 238)
5, (141, 233, 128, 139, 77, 54, 187, 250)
5, (145, 237, 132, 132, 74, 56, 220, 277)
5, (138, 223, 140, 134, 65, 61, 215, 229)
5, (154, 231, 129, 98, 63, 60, 203, 221)
5, (154, 209, 117, 80, 65, 63, 213, 215)
5, (141, 209, 109, 92, 69, 63, 214, 203)
5, (150, 173, 104, 96, 66, 63, 194, 218)
5, (143, 164, 151, 93, 62, 69, 211, 209)
5, (149, 151, 161, 99, 63, 72, 222, 214)
5, (171, 149, 159, 106, 67, 68, 215, 223)
5, (178, 185, 167, 115, 65, 66, 197, 262)
5, (158, 192, 171, 174, 66, 80, 233, 204)
5, (168, 191, 177, 216, 69, 71, 207, 209)
5, (169, 234, 169, 218, 64, 68, 194, 218)
5, (154, 264, 205, 218, 59, 71, 204, 276)
5, (154, 264, 198, 208, 61, 77, 227, 242)
5, (147, 264, 191, 159, 58, 56, 177, 237)
5, (160, 263, 146, 107, 62, 69, 197, 233)
5, (141, 228, 147, 107, 61, 76, 224, 246)
5, (140, 211, 91, 96, 63, 80, 244, 243)
5, (146, 220, 97, 93, 60, 74, 236, 230)
5, (168, 220, 103, 94, 72, 78, 231, 231)
5, (150, 227, 101, 79, 66, 68, 241, 230)
5, (174, 223, 95, 70, 71, 86, 345, 208)
5, (193, 221, 111, 80, 70, 82, 327, 126)
5, (191, 228, 127, 85, 70, 82, 317, 132)
5, (174, 242, 133, 86, 59, 77, 327, 133)
5, (170, 241, 136, 87, 69, 83, 319, 128)
5, (167, 248, 138, 85, 69, 58, 180, 126)
5, (164, 242, 128, 76, 66, 62, 190, 154)
5, (156, 265, 112, 67, 63, 66, 223, 158)
5, (160, 251, 102, 80, 70, 84, 263, 160)
5, (162, 247, 98, 77, 71, 85, 254, 160)
5, (163, 265, 95, 75, 71, 86, 259, 165)
5, (191, 259, 104, 85, 70, 87, 275, 167)
5, (197, 203, 104, 102, 74, 86, 249, 171)
5, (198, 207, 107, 93, 72, 71, 202, 164)
5, (204, 203, 114, 92, 69, 65, 205, 163)
5, (230, 208, 112, 101, 63, 71, 257, 161)
5, (205, 228, 103, 94, 65, 65, 232, 187)
5, (207, 226, 101, 78, 68, 67, 231, 187)
5, (216, 230, 113, 85, 68, 76, 240, 190)
5, (238, 242, 115, 82, 64, 74, 252, 200)
5, (208, 216, 116, 72, 65, 69, 200, 207)
5, (199, 185, 121, 75, 72, 71, 206, 239)
5, (193, 188, 138, 74, 66, 71, 245, 271)
5, (224, 200, 149, 68, 63, 68, 243, 278)
5, (233, 240, 152, 73, 64, 72, 226, 271)
5, (228, 257, 155, 77, 67, 70, 219, 293)
5, (232, 260, 151, 77, 61, 66, 224, 302)
5, (248, 272, 140, 83, 67, 65, 190, 271)
5, (218, 273, 116, 94, 69, 72, 157, 272)
5, (192, 243, 104, 94, 65, 67, 153, 272)
5, (188, 288, 127, 90, 63, 69, 158, 274)
5, (174, 282, 133, 97, 66, 79, 166, 257)
5, (156, 284, 142, 93, 63, 89, 213, 256)
5, (163, 280, 150, 77, 59, 75, 213, 255)
5, (151, 290, 148, 79, 57, 75, 220, 329)
5, (159, 225, 123, 75, 57, 70, 212, 322)
5, (154, 231, 113, 73, 56, 60, 192, 268)
5, (149, 207, 94, 78, 56, 49, 155, 271)
5, (160, 217, 81, 89, 57, 75, 223, 271)
5, (183, 185, 94, 94, 59, 80, 226, 249)
5, (177, 241, 109, 106, 70, 93, 230, 220)
5, (186, 248, 130, 116, 68, 95, 241, 226)
