0, (183, 148, 205, 138, 113, 95, 130, 88)
0, (181, 139, 216, 140, 117, 98, 135, 88)
0, (145, 133, 174, 123, 112, 60, 98, 87)
0, (137, 131, 185, 117, 114, 58, 100, 90)
0, (138, 130, 178, 117, 105, 58, 96, 65)
0, (137, 140, 188, 142, 111, 60, 94, 80)
0, (117, 151, 174, 143, 103, 55, 87, 82)
0, (128, 143, 158, 143, 107, 55, 83, 80)
0, (136, 156, 143, 159, 121, 57, 82, 78)
0, (124, 155, 125, 151, 119, 55, 74, 74)
0, (127, 148, 96, 116, 103, 49, 69, 45)
0, (130, 140, 159, 124, 106, 48, 72, 76)
0, (205, 140, 166, 119, 100, 51, 64, 85)
0, (246, 123, 160, 86, 89, 62, 83, 88)
0, (256, 129, 163, 87, 95, 70, 91, 89)
0, (260, 140, 165, 86, 103, 72, 92, 90)
0, (258, 135, 103, 79, 103, 74, 87, 63)
0, (200, 126, 83, 89, 117, 78, 92, 50)
0, (148, 144, 80, 103, 111, 65, 62, 41)
0, (127, 141, 62, 101, 128, 62, 48, 41)
0, (142, 133, 48, 103, 127, 62, 49, 44)
0, (155, 128, 45, 103, 136, 61, 53, 46)
0, (141, 131, 57, 99, 126, 57, 50, 43)
0, (162, 119, 60, 88, 130, 59, 50, 41)
0, (173, 117, 63, 87, 108, 51, 48, 43)
0, (186, 123, 67, 81, 118, 57, 51, 42)
0, (189, 129, 66, 81, 125, 61, 50, 39)
0, (227, 157, 61, 80, 123, 56, 51, 44)
0, (214, 164, 60, 75, 114, 58, 59, 53)
0, (208, 165, 61, 91, 117, 61, 61, 52)
0, (202, 170, 53, 97, 100, 50, 56, 51)
0, (218, 188, 61, 91, 81, 45, 56, 58)
0, (217, 173, 58, 93, 108, 51, 68, 60)
0, (258, 162, 56, 98, 112, 50, 67, 57)
0, (274, 173, 58, 90, 108, 52, 74, 71)
0, (264, 157, 63, 83, 121, 54, 82, 70)
0, (272, 139, 57, 85, 127, 54, 81, 68)
0, (263, 164, 58, 82, 108, 52, 74, 73)
0, (272, 187, 64, 81, 108, 53, 72, 71)
0, (266, 181, 68, 74, 105, 49, 79, 55)
1, (274, 214, 66, 75, 106, 48, 72, 56)
1, (261, 246, 70, 71, 96, 46, 76, 55)
1, (250, 228, 67, 67, 92, 44, 71, 43)
1, (212, 255, 64, 67, 94, 44, 75, 42)
1, (287, 280, 60, 72, 102, 47, 75, 57)
1, (292, 260, 75, 71, 96, 51, 77, 60)
1, (284, 241, 73, 90, 103, 49, 74, 55)
1, (349, 263, 76, 94, 113, 53, 75, 62)
1, (355, 243, 75, 100, 114, 58, 83, 63)
1, (294, 219, 84, 100, 135, 56, 73, 50)
1, (348, 271, 78, 110, 143, 51, 73, 53)
1, (358, 317, 86, 98, 135, 57, 72, 56)
1, (301, 321, 87, 97, 157, 55, 73, 57)
1, (283, 308, 89, 87, 157, 50, 58, 58)
1, (355, 302, 77, 88, 135, 54, 63, 62)
1, (314, 263, 82, 75, 124, 61, 66, 65)
1, (306, 209, 84, 73, 127, 60, 70, 71)
1, (326, 301, 89, 73, 90, 55, 65, 64)
1, (353, 316, 96, 77, 107, 61, 67, 68)
1, (275, 365, 98, 83, 145, 64, 59, 65)
1, (295, 371, 104, 86, 146, 67, 86, 68)
1, (314, 369, 98, 94, 142, 71, 95, 66)
1, (294, 302, 96, 97, 137, 71, 98, 70)
1, (268, 301, 95, 109, 122, 67, 98, 74)
1, (293, 287, 97, 101, 92, 61, 101, 77)
1, (266, 283, 81, 99, 95, 53, 88, 78)
1, (248, 299, 80, 104, 101, 45, 76, 76)
1, (250, 333, 84, 100, 108, 47, 79, 74)
1, (290, 338, 99, 84, 108, 44, 76, 66)
1, (295, 391, 96, 87, 110, 48, 80, 64)
1, (294, 392, 111, 94, 116, 48, 68, 51)
1, (308, 393, 129, 92, 133, 67, 74, 51)
1, (305, 405, 126, 100, 134, 70, 71, 54)
2, (289, 422, 111, 102, 133, 68, 70, 57)
2, (292, 390, 123, 101, 136, 69, 61, 58)
2, (310, 455, 109, 93, 125, 68, 59, 63)
2, (315, 490, 94, 83, 99, 48, 49, 59)
2, (328, 458, 103, 72, 95, 44, 44, 56)
2, (340, 451, 120, 78, 117, 50, 62, 63)
2, (359, 407, 105, 75, 106, 47, 63, 61)
2, (383, 344, 111, 83, 105, 46, 66, 57)
2, (373, 340, 107, 86, 111, 54, 72, 58)
2, (364, 339, 108, 85, 117, 61, 80, 59)
2, (348, 322, 94, 81, 101, 61, 74, 53)
2, (304, 362, 107, 80, 103, 60, 73, 53)
2, (268, 407, 101, 69, 105, 60, 75, 55)
2, (274, 368, 117, 70, 101, 56, 71, 54)
2, (308, 397, 108, 76, 97, 55, 67, 60)
2, (291, 393, 106, 73, 97, 61, 81, 55)
2, (307, 359, 110, 80, 98, 72, 111, 63)
2, (269, 301, 115, 90, 114, 75, 125, 70)
2, (323, 347, 112, 134, 124, 82, 160, 85)
2, (303, 304, 113, 143, 126, 79, 163, 84)
2, (337, 301, 131, 145, 121, 75, 160, 89)
2, (347, 355, 127, 147, 119, 68, 146, 95)
2, (365, 404, 142, 146, 117, 64, 139, 102)
2, (326, 349, 152, 129, 118, 59, 107, 94)
2, (312, 355, 159, 156, 121, 66, 116, 93)
2, (288, 397, 147, 158, 142, 63, 113, 91)
2, (303, 374, 144, 166, 135, 59, 112, 82)
2, (315, 358, 145, 193, 124, 63, 119, 74)
2, (330, 359, 123, 180, 124, 64, 110, 71)
2, (348, 353, 119, 165, 121, 56, 105, 71)
2, (358, 303, 122, 174, 111, 61, 126, 82)
2, (373, 327, 118, 170, 121, 61, 124, 90)
2, (380, 291, 105, 140, 117, 60, 111, 89)
2, (366, 289, 128, 153, 110, 56, 118, 87)
2, (361, 279, 125, 165, 107, 70, 123, 88)
2, (357, 308, 119, 160, 104, 74, 100, 89)
2, (331, 250, 116, 151, 103, 81, 106, 83)
2, (297, 276, 157, 157, 108, 80, 108, 75)
2, (305, 348, 148, 151, 109, 85, 110, 84)
2, (303, 398, 164, 127, 128, 76, 104, 88)
3, (318, 247, 237, 218, 121, 84, 109, 110)
3, (326, 259, 225, 178, 132, 84, 110, 110)
3, (352, 273, 222, 180, 140, 84, 109, 94)
3, (351, 268, 219, 185, 131, 80, 114, 98)
3, (357, 249, 214, 174, 132, 80, 111, 120)
3, (333, 318, 197, 143, 121, 74, 112, 106)
3, (360, 272, 223, 161, 115, 78, 118, 108)
3, (369, 269, 217, 171, 96, 75, 126, 108)
3, (355, 294, 229, 197, 96, 61, 106, 111)
3, (340, 324, 220, 204, 99, 70, 108, 81)
3, (297, 257, 216, 230, 114, 72, 99, 86)
3, (309, 262, 180, 213, 106, 61, 102, 91)
3, (297, 406, 166, 122, 128, 79, 114, 87)
3, (305, 249, 168, 223, 107, 61, 98, 94)
3, (260, 444, 184, 132, 126, 76, 106, 86)
3, (329, 231, 157, 234, 112, 58, 105, 80)
3, (286, 431, 165, 130, 130, 80, 104, 91)
3, (336, 300, 180, 243, 129, 59, 155, 98)
3, (294, 383, 163, 120, 123, 74, 100, 93)
3, (361, 290, 237, 310, 116, 64, 160, 97)
3, (299, 376, 155, 126, 144, 75, 106, 95)
3, (321, 292, 294, 329, 111, 63, 151, 90)
3, (290, 340, 172, 136, 151, 64, 99, 87)
3, (338, 317, 297, 327, 114, 62, 146, 88)
3, (322, 294, 157, 137, 147, 60, 99, 84)
3, (350, 313, 294, 326, 120, 65, 141, 88)
3, (306, 291, 150, 154, 146, 52, 95, 77)
3, (370, 239, 299, 314, 92, 54, 78, 81)
3, (296, 329, 147, 169, 150, 51, 104, 78)
3, (362, 285, 252, 222, 112, 56, 77, 81)
3, (294, 295, 149, 163, 121, 41, 91, 71)
3, (382, 278, 193, 205, 168, 66, 84, 82)
3, (319, 323, 140, 160, 108, 51, 111, 74)
3, (332, 275, 186, 199, 176, 72, 109, 95)
3, (306, 310, 142, 148, 106, 53, 112, 73)
3, (333, 304, 186, 152, 168, 73, 113, 99)
3, (320, 360, 150, 141, 110, 53, 114, 82)
3, (292, 308, 181, 158, 176, 79, 111, 89)
3, (356, 323, 166, 134, 112, 53, 102, 95)
3, (276, 274, 198, 167, 180, 77, 109, 101)
3, (373, 328, 168, 134, 104, 58, 96, 94)
3, (257, 280, 183, 149, 125, 71, 112, 107)
3, (383, 300, 158, 140, 98, 54, 79, 93)
3, (298, 307, 186, 144, 114, 68, 97, 87)
3, (377, 351, 161, 149, 106, 58, 84, 97)
3, (299, 269, 186, 153, 122, 65, 83, 85)
3, (378, 283, 152, 134, 102, 62, 82, 109)
3, (304, 236, 162, 150, 122, 57, 90, 96)
3, (315, 274, 153, 125, 108, 61, 78, 87)
3, (316, 250, 141, 137, 103, 50, 91, 98)
3, (271, 241, 156, 135, 102, 56, 80, 91)
3, (324, 259, 147, 158, 104, 51, 80, 96)
3, (230, 326, 170, 135, 102, 56, 66, 95)
3, (296, 325, 150, 170, 108, 46, 65, 98)
3, (226, 283, 163, 132, 107, 56, 56, 111)
3, (296, 333, 156, 160, 106, 51, 76, 100)
3, (199, 294, 183, 138, 99, 57, 62, 96)
3, (337, 336, 180, 163, 121, 72, 93, 108)
3, (248, 319, 187, 160, 109, 62, 69, 96)
3, (316, 330, 184, 173, 122, 75, 95, 91)
3, (254, 347, 202, 151, 113, 76, 76, 94)
3, (330, 366, 180, 178, 162, 73, 94, 82)
3, (277, 276, 203, 157, 126, 84, 127, 93)
3, (347, 273, 194, 157, 174, 74, 106, 85)
3, (292, 280, 226, 156, 137, 81, 136, 71)
3, (333, 276, 190, 172, 177, 81, 144, 87)
3, (322, 322, 208, 176, 170, 78, 133, 66)
3, (290, 307, 195, 163, 163, 76, 135, 64)
4, (272, 244, 192, 109, 125, 61, 106, 120)
4, (244, 278, 174, 112, 123, 56, 108, 107)
4, (221, 278, 176, 115, 92, 63, 118, 116)
4, (235, 261, 165, 139, 96, 57, 115, 120)
4, (229, 259, 158, 167, 109, 60, 119, 114)
4, (255, 310, 158, 165, 113, 72, 141, 100)
4, (263, 286, 206, 172, 125, 74, 141, 89)
4, (271, 285, 206, 167, 123, 81, 188, 73)
4, (252, 288, 212, 160, 119, 90, 209, 71)
4, (248, 312, 221, 131, 132, 91, 217, 76)
4, (223, 272, 200, 137, 151, 92, 207, 80)
4, (236, 268, 166, 144, 138, 92, 201, 102)
4, (207, 291, 147, 155, 133, 79, 153, 101)
4, (260, 347, 141, 153, 153, 78, 134, 110)
4, (265, 330, 116, 165, 140, 79, 120, 109)
4, (271, 316, 146, 161, 117, 68, 106, 107)
4, (269, 304, 139, 150, 119, 65, 104, 104)
4, (283, 309, 152, 149, 135, 68, 111, 109)
4, (274, 232, 167, 140, 112, 60, 97, 107)
4, (277, 224, 174, 136, 106, 61, 106, 113)
4, (266, 257, 167, 149, 128, 61, 111, 115)
4, (269, 263, 167, 161, 131, 62, 114, 104)
4, (253, 222, 160, 155, 117, 60, 110, 94)
4, (226, 217, 194, 165, 123, 60, 121, 109)
4, (222, 271, 207, 168, 126, 55, 111, 102)
4, (246, 259, 212, 160, 107, 51, 101, 98)
4, (263, 262, 263, 171, 121, 55, 102, 108)
4, (262, 260, 260, 172, 140, 52, 104, 108)
4, (246, 263, 224, 163, 132, 61, 112, 84)
4, (269, 223, 223, 156, 135, 62, 115, 90)
4, (301, 220, 249, 156, 143, 72, 126, 105)
4, (298, 221, 203, 166, 147, 74, 122, 92)
4, (302, 289, 217, 174, 138, 74, 116, 90)
4, (328, 284, 239, 170, 145, 64, 94, 114)
4, (330, 270, 229, 171, 139, 59, 89, 116)
4, (346, 263, 190, 173, 160, 47, 94, 101)
4, (322, 296, 204, 193, 148, 47, 90, 102)
4, (315, 225, 217, 180, 141, 55, 92, 120)
4, (305, 228, 207, 186, 146, 77, 113, 101)
4, (303, 239, 218, 198, 142, 78, 117, 95)
5, (197, 298, 212, 148, 126, 80, 108, 96)
5, (208, 299, 213, 146, 128, 81, 105, 97)
5, (211, 363, 208, 138, 128, 91, 132, 101)
5, (177, 294, 191, 138, 111, 98, 143, 94)
5, (166, 280, 178, 138, 110, 84, 120, 77)
5, (149, 327, 184, 110, 124, 87, 141, 85)
5, (146, 315, 182, 116, 117, 81, 140, 89)
5, (152, 230, 219, 122, 104, 69, 142, 100)
5, (159, 250, 227, 117, 111, 62, 147, 97)
5, (148, 304, 211, 125, 132, 69, 156, 104)
5, (151, 243, 200, 137, 135, 92, 143, 151)
5, (177, 261, 194, 146, 135, 111, 166, 155)
5, (219, 277, 178, 142, 149, 122, 161, 145)
5, (216, 326, 186, 167, 172, 119, 154, 150)
5, (222, 271, 193, 160, 172, 121, 151, 152)
5, (225, 280, 192, 158, 162, 113, 159, 103)
5, (191, 269, 193, 157, 161, 99, 152, 113)
5, (217, 330, 203, 169, 160, 95, 168, 120)
5, (222, 269, 192, 237, 140, 105, 168, 173)
5, (220, 295, 223, 238, 143, 107, 173, 172)
5, (239, 294, 247, 245, 144, 102, 190, 183)
5, (247, 308, 245, 248, 155, 103, 198, 182)
5, (259, 255, 238, 246, 141, 111, 207, 176)
5, (257, 256, 236, 159, 130, 119, 241, 129)
5, (257, 243, 220, 166, 124, 111, 241, 144)
5, (238, 238, 193, 153, 139, 117, 233, 166)
5, (242, 278, 250, 165, 129, 159, 281, 167)
5, (213, 271, 233, 161, 146, 162, 276, 179)
5, (212, 264, 237, 172, 153, 158, 263, 175)
5, (208, 242, 246, 153, 150, 159, 259, 176)
5, (205, 288, 251, 178, 139, 156, 259, 143)
5, (211, 250, 196, 197, 151, 118, 200, 131)
5, (159, 259, 202, 202, 141, 113, 228, 118)
5, (221, 319, 208, 193, 135, 132, 252, 125)
5, (231, 321, 192, 214, 126, 130, 252, 108)
5, (234, 288, 185, 201, 142, 133, 249, 110)
5, (252, 280, 195, 168, 135, 129, 246, 132)
5, (272, 250, 184, 163, 143, 122, 198, 125)
5, (237, 253, 180, 208, 142, 89, 138, 117)
5, (231, 270, 164, 198, 144, 91, 133, 119)
5, (233, 289, 169, 192, 129, 81, 120, 122)
5, (239, 351, 160, 204, 118, 94, 133, 103)
5, (206, 371, 164, 204, 117, 90, 161, 115)
5, (234, 328, 184, 156, 140, 94, 159, 113)
5, (238, 327, 181, 147, 145, 98, 163, 122)
5, (249, 347, 181, 152, 139, 129, 209, 123)
5, (225, 294, 180, 129, 152, 117, 194, 130)
5, (241, 278, 191, 122, 139, 115, 171, 124)
5, (224, 303, 160, 127, 119, 116, 186, 119)
5, (219, 319, 178, 122, 104, 127, 227, 109)
5, (221, 283, 189, 120, 104, 112, 208, 121)
5, (228, 266, 194, 113, 95, 114, 208, 105)
5, (226, 339, 204, 106, 95, 117, 216, 106)
5, (208, 336, 260, 106, 97, 114, 206, 118)
5, (205, 309, 279, 110, 117, 99, 156, 114)
5, (254, 340, 270, 102, 121, 83, 115, 89)
5, (264, 373, 275, 114, 127, 79, 111, 94)
5, (279, 309, 265, 117, 132, 71, 104, 110)
5, (313, 296, 217, 119, 154, 69, 94, 107)
5, (332, 322, 179, 112, 142, 70, 100, 103)
5, (290, 288, 191, 112, 139, 68, 102, 107)
