0, (207, 264, 183, 166, 77, 69, 125, 105)
0, (211, 280, 200, 171, 78, 70, 117, 124)
0, (216, 366, 189, 150, 71, 70, 116, 111)
0, (208, 313, 200, 177, 81, 78, 138, 109)
0, (218, 323, 220, 204, 87, 77, 140, 104)
0, (191, 334, 219, 178, 101, 62, 104, 101)
0, (190, 322, 212, 171, 100, 57, 105, 102)
0, (178, 212, 211, 207, 102, 54, 102, 99)
0, (174, 307, 207, 195, 102, 41, 77, 100)
0, (149, 300, 182, 192, 101, 61, 86, 105)
0, (199, 293, 174, 200, 93, 61, 90, 109)
0, (209, 306, 204, 229, 106, 64, 96, 87)
0, (209, 339, 243, 200, 104, 65, 96, 86)
0, (211, 300, 252, 188, 93, 69, 117, 82)
0, (214, 305, 243, 176, 92, 64, 114, 76)
0, (178, 325, 254, 214, 116, 92, 139, 68)
0, (156, 330, 220, 190, 107, 90, 133, 62)
0, (143, 291, 180, 187, 108, 89, 134, 58)
0, (143, 291, 159, 195, 113, 88, 117, 84)
0, (145, 287, 151, 188, 110, 81, 112, 85)
0, (131, 260, 117, 132, 91, 48, 76, 80)
0, (132, 236, 137, 123, 83, 50, 76, 79)
0, (134, 229, 138, 129, 82, 52, 73, 78)
0, (111, 167, 168, 109, 76, 52, 61, 50)
0, (94, 210, 166, 85, 72, 53, 48, 45)
0, (93, 223, 167, 86, 51, 50, 46, 42)
0, (94, 218, 148, 82, 59, 47, 41, 37)
0, (112, 221, 119, 68, 58, 53, 61, 38)
0, (108, 216, 61, 78, 58, 49, 64, 32)
0, (116, 181, 68, 81, 67, 48, 71, 40)
0, (119, 273, 91, 55, 61, 47, 51, 74)
0, (119, 296, 111, 67, 66, 48, 55, 76)
1, (116, 174, 65, 73, 76, 49, 69, 40)
1, (124, 242, 74, 75, 73, 48, 71, 42)
1, (125, 274, 81, 75, 77, 42, 61, 70)
1, (124, 281, 88, 57, 76, 45, 62, 75)
1, (113, 268, 123, 77, 72, 50, 55, 76)
1, (91, 280, 128, 84, 72, 49, 52, 52)
1, (99, 309, 123, 83, 71, 47, 58, 43)
1, (133, 353, 128, 85, 71, 41, 62, 42)
1, (138, 338, 117, 83, 70, 42, 65, 47)
1, (147, 370, 115, 77, 63, 39, 71, 50)
1, (159, 364, 118, 68, 63, 49, 80, 54)
1, (180, 351, 124, 79, 63, 46, 74, 56)
1, (172, 307, 112, 80, 73, 55, 78, 56)
1, (169, 296, 110, 76, 68, 54, 73, 52)
1, (158, 303, 101, 78, 72, 56, 68, 50)
1, (150, 304, 97, 79, 76, 51, 66, 54)
2, (125, 348, 93, 74, 76, 63, 99, 57)
2, (130, 364, 92, 72, 66, 58, 95, 56)
2, (179, 428, 93, 71, 60, 56, 96, 63)
2, (223, 393, 97, 61, 53, 54, 101, 64)
2, (226, 403, 95, 77, 55, 54, 96, 60)
2, (243, 365, 99, 78, 58, 42, 65, 57)
2, (231, 411, 112, 78, 66, 49, 73, 60)
2, (230, 344, 109, 80, 73, 51, 77, 57)
2, (234, 403, 117, 88, 77, 51, 80, 57)
2, (235, 402, 118, 76, 76, 52, 84, 59)
2, (216, 453, 118, 70, 76, 54, 83, 60)
2, (230, 409, 114, 76, 72, 48, 80, 55)
2, (243, 480, 114, 71, 61, 53, 92, 53)
2, (212, 500, 101, 70, 61, 54, 109, 65)
2, (224, 491, 100, 71, 61, 56, 110, 61)
2, (240, 441, 102, 74, 70, 53, 110, 62)
2, (257, 478, 106, 67, 73, 52, 107, 64)
2, (258, 426, 104, 64, 80, 52, 103, 61)
2, (260, 361, 107, 57, 76, 48, 78, 45)
2, (263, 336, 112, 60, 71, 45, 70, 50)
2, (283, 348, 116, 62, 66, 44, 68, 55)
2, (262, 278, 109, 59, 62, 54, 85, 57)
2, (223, 250, 134, 55, 53, 49, 78, 56)
2, (229, 264, 130, 62, 50, 52, 75, 54)
2, (222, 283, 123, 57, 46, 49, 79, 50)
2, (183, 300, 113, 55, 43, 51, 87, 43)
2, (190, 316, 119, 61, 44, 49, 89, 57)
2, (214, 330, 92, 68, 46, 47, 87, 62)
2, (214, 294, 92, 70, 52, 49, 88, 63)
2, (202, 337, 99, 68, 56, 49, 89, 63)
2, (199, 301, 96, 69, 55, 49, 82, 63)
2, (223, 282, 94, 70, 53, 48, 89, 48)
2, (204, 266, 93, 72, 53, 49, 92, 41)
2, (184, 301, 92, 69, 50, 43, 90, 59)
2, (197, 252, 92, 86, 50, 83, 87, 68)
2, (223, 279, 95, 119, 52, 92, 98, 80)
2, (241, 318, 100, 135, 74, 95, 139, 81)
2, (247, 363, 113, 134, 79, 96, 148, 84)
2, (249, 369, 117, 165, 85, 96, 151, 93)
2, (268, 358, 123, 193, 93, 76, 167, 99)
2, (277, 334, 133, 236, 100, 68, 165, 97)
2, (232, 332, 135, 238, 99, 69, 127, 97)
2, (225, 327, 144, 244, 98, 72, 119, 106)
2, (236, 293, 153, 247, 106, 75, 116, 97)
2, (210, 288, 148, 259, 107, 67, 89, 100)
2, (282, 293, 151, 224, 99, 67, 94, 94)
2, (303, 294, 158, 213, 83, 58, 96, 109)
2, (314, 272, 156, 210, 85, 54, 91, 102)
2, (325, 274, 147, 192, 70, 54, 95, 99)
2, (333, 303, 148, 141, 56, 60, 107, 86)
3, (349, 323, 197, 169, 100, 74, 119, 126)
3, (319, 335, 214, 173, 79, 69, 120, 123)
3, (312, 328, 211, 175, 93, 70, 121, 142)
3, (302, 277, 180, 172, 93, 68, 112, 114)
3, (286, 274, 171, 154, 96, 68, 86, 101)
3, (180, 274, 174, 186, 99, 93, 124, 95)
3, (207, 290, 161, 215, 109, 103, 140, 114)
3, (267, 304, 142, 111, 54, 54, 99, 87)
3, (242, 345, 156, 227, 95, 100, 142, 126)
3, (245, 273, 131, 121, 64, 52, 86, 106)
3, (254, 306, 157, 228, 93, 98, 147, 124)
3, (231, 250, 123, 127, 77, 54, 82, 107)
3, (259, 308, 210, 231, 88, 98, 177, 133)
3, (228, 252, 123, 146, 84, 59, 88, 115)
3, (260, 317, 209, 205, 99, 76, 150, 132)
3, (228, 241, 127, 156, 85, 57, 87, 123)
3, (230, 265, 206, 174, 86, 64, 137, 137)
3, (242, 244, 123, 150, 85, 59, 88, 129)
3, (196, 242, 236, 179, 100, 66, 133, 113)
3, (240, 250, 122, 161, 87, 62, 89, 125)
3, (193, 287, 262, 192, 109, 67, 129, 114)
3, (243, 268, 121, 168, 80, 69, 111, 123)
3, (170, 281, 225, 194, 116, 53, 79, 113)
3, (218, 336, 127, 143, 74, 81, 147, 118)
3, (160, 261, 218, 182, 100, 57, 94, 130)
3, (228, 330, 122, 145, 75, 100, 155, 112)
3, (175, 261, 215, 207, 104, 65, 107, 114)
3, (211, 335, 139, 166, 75, 103, 155, 106)
3, (202, 249, 181, 207, 114, 94, 127, 107)
3, (286, 337, 152, 198, 79, 101, 154, 98)
3, (262, 242, 153, 216, 118, 94, 126, 120)
3, (284, 335, 147, 191, 74, 99, 141, 101)
3, (264, 265, 159, 206, 109, 94, 123, 127)
3, (308, 261, 140, 191, 81, 93, 114, 104)
3, (290, 282, 164, 213, 113, 89, 107, 112)
3, (302, 259, 153, 219, 85, 73, 102, 106)
3, (308, 280, 163, 206, 110, 90, 130, 112)
3, (301, 248, 148, 239, 83, 75, 101, 133)
3, (312, 259, 202, 216, 102, 64, 118, 115)
3, (237, 235, 135, 237, 73, 75, 107, 128)
3, (268, 291, 223, 207, 96, 62, 123, 124)
3, (285, 238, 143, 252, 80, 71, 107, 131)
3, (273, 273, 246, 210, 104, 65, 122, 127)
3, (278, 244, 163, 287, 86, 63, 92, 128)
3, (279, 273, 252, 223, 117, 66, 128, 127)
3, (271, 238, 151, 274, 99, 66, 96, 136)
3, (263, 271, 257, 240, 120, 82, 136, 124)
3, (256, 238, 142, 254, 102, 72, 126, 110)
3, (237, 271, 249, 227, 111, 78, 133, 119)
3, (273, 334, 142, 254, 108, 76, 119, 95)
3, (224, 295, 254, 216, 109, 83, 134, 117)
3, (225, 306, 131, 247, 109, 76, 126, 94)
3, (270, 333, 235, 218, 101, 80, 134, 116)
3, (251, 333, 140, 213, 98, 78, 139, 101)
3, (255, 330, 234, 204, 86, 78, 128, 111)
3, (260, 343, 194, 232, 91, 73, 135, 92)
3, (254, 337, 238, 163, 75, 54, 88, 116)
3, (300, 365, 203, 258, 91, 58, 109, 87)
3, (300, 388, 220, 169, 81, 58, 92, 128)
3, (325, 331, 209, 229, 85, 63, 139, 93)
3, (312, 355, 179, 167, 104, 58, 83, 117)
3, (331, 351, 208, 224, 74, 62, 137, 87)
3, (276, 333, 167, 170, 108, 58, 79, 111)
3, (317, 344, 213, 231, 83, 63, 126, 100)
3, (356, 342, 177, 203, 86, 71, 127, 100)
3, (335, 329, 178, 176, 85, 75, 135, 107)
3, (228, 300, 173, 180, 106, 66, 92, 121)
3, (306, 275, 184, 196, 86, 72, 125, 111)
3, (220, 282, 174, 178, 77, 57, 94, 116)
3, (301, 259, 191, 194, 84, 73, 119, 114)
3, (213, 267, 200, 209, 87, 65, 98, 116)
3, (285, 235, 167, 174, 78, 73, 116, 106)
3, (315, 270, 197, 208, 75, 87, 156, 112)
3, (310, 262, 193, 192, 78, 90, 150, 106)
3, (323, 269, 208, 175, 78, 86, 133, 101)
3, (334, 294, 225, 181, 91, 85, 136, 120)
3, (358, 338, 246, 186, 91, 84, 153, 114)
3, (280, 222, 187, 163, 92, 72, 112, 96)
3, (282, 324, 236, 178, 87, 72, 122, 105)
3, (252, 252, 211, 173, 95, 75, 107, 87)
3, (285, 328, 239, 180, 88, 73, 130, 106)
3, (291, 327, 220, 175, 86, 73, 131, 105)
3, (279, 299, 207, 173, 85, 76, 130, 91)
4, (152, 261, 180, 119, 82, 64, 116, 127)
4, (210, 275, 195, 114, 84, 60, 104, 114)
4, (210, 315, 192, 143, 89, 58, 103, 95)
4, (218, 308, 194, 143, 100, 67, 118, 107)
4, (252, 296, 192, 139, 81, 62, 114, 143)
4, (301, 281, 195, 139, 82, 58, 92, 139)
4, (265, 321, 172, 142, 83, 60, 96, 138)
4, (269, 249, 156, 111, 80, 65, 107, 167)
4, (265, 262, 154, 107, 65, 57, 106, 178)
4, (277, 267, 166, 124, 69, 67, 103, 151)
4, (258, 254, 143, 112, 74, 65, 94, 142)
4, (265, 278, 149, 109, 75, 65, 97, 141)
4, (269, 286, 165, 141, 82, 79, 102, 147)
4, (314, 311, 166, 145, 92, 86, 108, 128)
4, (310, 336, 151, 132, 115, 82, 103, 127)
4, (284, 336, 171, 143, 112, 84, 106, 129)
4, (289, 349, 202, 149, 112, 86, 111, 152)
4, (307, 354, 197, 153, 109, 83, 127, 123)
4, (256, 322, 165, 179, 105, 62, 88, 126)
4, (272, 316, 189, 200, 110, 65, 99, 132)
4, (268, 278, 196, 205, 92, 68, 100, 135)
4, (279, 278, 163, 206, 89, 68, 105, 131)
4, (281, 243, 197, 203, 97, 70, 108, 133)
4, (280, 214, 201, 212, 103, 74, 106, 141)
4, (311, 216, 178, 175, 90, 70, 106, 132)
5, (222, 221, 249, 205, 114, 75, 116, 95)
5, (200, 209, 230, 212, 113, 75, 116, 99)
5, (191, 195, 230, 187, 106, 71, 112, 107)
5, (169, 200, 192, 177, 106, 72, 119, 105)
5, (176, 228, 195, 172, 108, 82, 129, 108)
5, (174, 239, 182, 170, 86, 87, 133, 125)
5, (161, 252, 164, 152, 88, 83, 119, 113)
5, (166, 259, 146, 158, 100, 81, 116, 107)
5, (207, 276, 147, 136, 98, 79, 95, 105)
5, (204, 261, 142, 135, 88, 84, 101, 104)
5, (238, 292, 146, 144, 90, 77, 93, 118)
5, (229, 270, 157, 125, 81, 80, 94, 111)
5, (233, 279, 178, 119, 74, 82, 100, 113)
5, (210, 262, 205, 126, 75, 83, 107, 121)
5, (234, 290, 201, 133, 77, 72, 113, 136)
5, (194, 267, 200, 140, 87, 70, 107, 112)
5, (202, 255, 194, 138, 97, 67, 107, 112)
5, (196, 296, 188, 142, 99, 80, 116, 112)
5, (229, 377, 153, 136, 104, 77, 123, 128)
5, (225, 372, 152, 124, 103, 71, 100, 107)
5, (225, 352, 149, 116, 101, 72, 112, 98)
5, (226, 349, 164, 140, 100, 73, 121, 108)
5, (242, 303, 154, 135, 94, 70, 128, 110)
5, (194, 261, 158, 131, 81, 69, 111, 118)
5, (187, 236, 159, 145, 80, 69, 114, 119)
5, (182, 231, 157, 146, 68, 61, 102, 123)
5, (181, 251, 152, 135, 64, 66, 108, 121)
5, (171, 312, 143, 134, 72, 68, 135, 135)
5, (187, 309, 136, 132, 77, 67, 137, 109)
5, (197, 302, 145, 131, 85, 70, 145, 116)
5, (221, 308, 145, 120, 84, 76, 154, 120)
5, (229, 299, 139, 113, 88, 90, 178, 124)
5, (237, 247, 156, 131, 94, 84, 147, 111)
5, (241, 216, 176, 137, 97, 85, 148, 110)
5, (219, 218, 175, 138, 92, 82, 144, 104)
5, (219, 214, 180, 146, 91, 82, 141, 124)
5, (212, 211, 188, 148, 82, 66, 120, 113)
5, (187, 209, 177, 134, 75, 62, 123, 108)
5, (187, 269, 158, 133, 71, 62, 120, 112)
5, (183, 269, 152, 124, 66, 63, 123, 116)
5, (148, 278, 156, 126, 70, 69, 131, 91)
5, (165, 285, 130, 135, 95, 73, 116, 94)
5, (223, 296, 125, 145, 89, 73, 109, 95)
5, (216, 249, 142, 137, 90, 72, 109, 123)
5, (236, 310, 148, 154, 92, 69, 101, 124)
5, (263, 325, 147, 155, 92, 60, 79, 123)
5, (250, 347, 158, 155, 69, 57, 80, 135)
5, (212, 388, 174, 172, 73, 54, 84, 164)
5, (206, 357, 154, 175, 72, 56, 86, 142)
5, (188, 328, 144, 157, 76, 69, 138, 146)
5, (150, 337, 141, 165, 80, 70, 144, 156)
5, (205, 354, 135, 160, 90, 70, 150, 148)
5, (198, 292, 115, 130, 90, 74, 151, 225)
5, (203, 305, 132, 138, 88, 81, 166, 224)
5, (199, 297, 142, 143, 91, 88, 214, 224)
5, (207, 265, 163, 138, 91, 96, 225, 231)
5, (145, 282, 176, 140, 90, 96, 226, 231)
5, (142, 286, 175, 135, 85, 93, 226, 127)
5, (156, 272, 161, 136, 87, 88, 217, 132)
5, (185, 303, 165, 132, 96, 72, 136, 126)
5, (170, 309, 141, 125, 89, 60, 124, 99)
5, (188, 306, 133, 123, 83, 52, 109, 109)
5, (191, 302, 136, 129, 96, 53, 109, 148)
5, (186, 308, 135, 160, 96, 82, 157, 140)
5, (155, 281, 127, 170, 77, 87, 166, 139)
5, (170, 297, 139, 173, 77, 86, 155, 140)
5, (178, 225, 144, 176, 73, 85, 153, 136)
5, (194, 236, 143, 180, 62, 88, 156, 119)
5, (207, 253, 139, 138, 60, 73, 131, 136)
5, (211, 230, 152, 132, 58, 71, 122, 149)
5, (206, 224, 160, 119, 62, 71, 122, 158)
5, (181, 238, 153, 104, 67, 72, 121, 150)
5, (176, 243, 156, 100, 85, 74, 120, 129)
