0, (209, 141, 99, 155, 80, 72, 138, 168)
0, (209, 146, 109, 168, 90, 70, 146, 174)
0, (213, 140, 119, 175, 90, 70, 152, 195)
0, (239, 148, 143, 172, 86, 54, 122, 197)
0, (279, 142, 155, 176, 87, 54, 122, 183)
0, (272, 107, 168, 148, 140, 63, 94, 130)
0, (277, 110, 149, 135, 146, 64, 102, 161)
0, (281, 116, 143, 132, 150, 66, 95, 139)
0, (264, 100, 117, 128, 151, 68, 101, 138)
0, (207, 145, 109, 126, 152, 65, 103, 144)
0, (281, 162, 91, 114, 108, 52, 113, 166)
0, (282, 161, 98, 116, 93, 53, 101, 171)
0, (283, 167, 107, 108, 76, 49, 102, 168)
0, (271, 172, 116, 110, 78, 49, 100, 177)
0, (292, 137, 113, 107, 101, 49, 95, 169)
0, (222, 129, 116, 107, 114, 50, 83, 145)
0, (239, 135, 109, 95, 114, 58, 87, 86)
0, (239, 132, 107, 102, 119, 57, 86, 83)
0, (240, 135, 106, 101, 117, 55, 89, 88)
0, (204, 132, 108, 89, 107, 61, 106, 86)
0, (213, 117, 103, 86, 126, 60, 108, 89)
0, (179, 102, 101, 92, 131, 52, 100, 87)
0, (182, 92, 104, 98, 128, 50, 100, 84)
0, (177, 87, 97, 98, 131, 49, 94, 53)
0, (175, 93, 89, 98, 122, 40, 70, 48)
0, (152, 95, 86, 96, 105, 42, 59, 38)
0, (168, 94, 92, 89, 100, 38, 62, 81)
0, (130, 89, 77, 71, 99, 41, 64, 82)
0, (145, 100, 70, 65, 94, 47, 70, 85)
0, (154, 91, 66, 61, 99, 46, 70, 87)
0, (178, 85, 76, 74, 96, 40, 69, 90)
0, (176, 85, 72, 75, 109, 45, 70, 54)
0, (186, 105, 70, 72, 108, 45, 64, 49)
0, (192, 102, 66, 82, 116, 36, 56, 44)
0, (187, 107, 63, 83, 126, 36, 57, 40)
0, (183, 121, 51, 80, 121, 36, 55, 32)
0, (180, 123, 42, 98, 120, 30, 44, 32)
0, (172, 119, 42, 106, 122, 40, 58, 37)
0, (145, 105, 41, 100, 115, 43, 57, 33)
0, (151, 98, 42, 115, 104, 45, 62, 38)
0, (152, 92, 42, 114, 101, 45, 62, 38)
0, (150, 105, 42, 97, 113, 52, 63, 35)
0, (155, 94, 38, 103, 116, 49, 51, 31)
0, (170, 107, 41, 103, 114, 51, 52, 38)
0, (169, 122, 51, 87, 124, 54, 53, 36)
0, (175, 130, 61, 90, 134, 57, 55, 37)
0, (180, 126, 71, 93, 129, 56, 63, 40)
0, (211, 132, 77, 78, 130, 51, 69, 40)
1, (205, 132, 78, 87, 136, 53, 68, 38)
1, (211, 131, 73, 90, 137, 55, 73, 41)
1, (198, 121, 65, 84, 143, 58, 73, 40)
1, (226, 134, 62, 85, 141, 59, 73, 46)
1, (204, 138, 58, 85, 136, 60, 72, 47)
1, (213, 129, 55, 69, 133, 56, 67, 46)
1, (233, 140, 55, 61, 116, 51, 64, 45)
1, (251, 152, 60, 64, 89, 45, 74, 47)
1, (283, 140, 52, 69, 79, 43, 70, 41)
1, (287, 135, 54, 73, 77, 55, 82, 40)
2, (296, 141, 56, 80, 73, 56, 95, 42)
2, (284, 128, 55, 82, 77, 61, 91, 43)
2, (285, 112, 48, 76, 87, 61, 86, 45)
2, (227, 119, 47, 72, 80, 59, 85, 42)
2, (251, 123, 49, 73, 80, 46, 73, 47)
2, (245, 131, 47, 70, 109, 48, 63, 47)
2, (244, 140, 49, 91, 114, 48, 59, 45)
2, (241, 143, 51, 89, 110, 56, 72, 40)
2, (239, 132, 57, 88, 122, 58, 71, 42)
2, (242, 126, 48, 88, 128, 60, 73, 46)
2, (232, 117, 51, 84, 113, 59, 71, 44)
2, (241, 118, 56, 65, 110, 55, 74, 46)
2, (219, 117, 63, 64, 112, 45, 54, 47)
2, (236, 130, 59, 71, 94, 43, 64, 50)
2, (248, 131, 60, 70, 90, 55, 74, 43)
2, (249, 127, 59, 70, 79, 62, 93, 46)
2, (231, 112, 51, 70, 100, 60, 93, 48)
2, (247, 127, 44, 72, 94, 62, 96, 48)
2, (254, 109, 45, 69, 95, 64, 101, 50)
2, (213, 118, 53, 84, 93, 57, 96, 54)
2, (255, 134, 78, 98, 96, 52, 86, 72)
2, (256, 143, 84, 102, 85, 55, 84, 73)
2, (263, 144, 85, 115, 112, 59, 83, 74)
2, (249, 154, 91, 126, 111, 56, 76, 84)
2, (258, 151, 92, 119, 109, 56, 87, 98)
2, (222, 153, 81, 107, 108, 59, 100, 86)
2, (233, 139, 80, 108, 102, 62, 111, 85)
2, (207, 128, 79, 103, 83, 69, 122, 86)
2, (192, 124, 72, 100, 92, 75, 124, 76)
2, (179, 130, 72, 99, 97, 73, 115, 72)
2, (269, 112, 63, 106, 98, 70, 96, 74)
2, (286, 115, 59, 112, 97, 71, 101, 74)
2, (305, 133, 62, 106, 85, 61, 95, 74)
2, (307, 128, 61, 94, 70, 50, 89, 71)
2, (318, 112, 61, 96, 96, 55, 92, 58)
2, (253, 108, 61, 104, 102, 56, 96, 89)
2, (226, 117, 63, 95, 97, 47, 82, 94)
2, (215, 96, 72, 91, 103, 51, 72, 93)
2, (244, 101, 75, 93, 105, 52, 83, 99)
2, (254, 120, 73, 96, 101, 49, 83, 96)
2, (243, 125, 87, 129, 140, 55, 94, 81)
2, (239, 126, 91, 137, 145, 60, 100, 78)
2, (248, 127, 85, 137, 144, 60, 117, 82)
2, (241, 125, 83, 133, 151, 63, 108, 79)
2, (209, 112, 80, 131, 145, 59, 101, 79)
2, (220, 126, 71, 97, 113, 52, 86, 62)
2, (266, 120, 71, 92, 110, 48, 87, 81)
2, (255, 123, 72, 91, 106, 50, 77, 79)
3, (240, 122, 83, 106, 96, 50, 106, 80)
3, (236, 118, 87, 103, 95, 48, 106, 80)
3, (227, 102, 90, 108, 90, 51, 111, 81)
3, (179, 96, 101, 120, 93, 60, 117, 77)
3, (197, 88, 125, 133, 107, 57, 114, 76)
3, (218, 97, 129, 148, 117, 58, 96, 73)
3, (229, 109, 135, 163, 115, 73, 129, 77)
3, (226, 122, 136, 156, 108, 75, 145, 76)
3, (225, 120, 138, 169, 102, 66, 134, 57)
3, (235, 126, 142, 169, 99, 64, 136, 70)
3, (224, 118, 141, 153, 96, 75, 156, 73)
3, (225, 109, 138, 153, 96, 67, 136, 75)
3, (239, 99, 134, 162, 132, 72, 118, 78)
3, (278, 105, 120, 155, 150, 82, 120, 97)
3, (247, 104, 133, 159, 157, 82, 122, 89)
3, (237, 110, 131, 156, 165, 82, 107, 92)
3, (229, 105, 86, 111, 97, 56, 101, 98)
3, (248, 109, 129, 145, 171, 84, 124, 91)
3, (280, 102, 81, 104, 107, 55, 104, 90)
3, (263, 114, 141, 143, 151, 79, 122, 104)
3, (304, 115, 88, 116, 124, 56, 103, 86)
3, (237, 109, 142, 118, 131, 67, 118, 89)
3, (290, 109, 97, 114, 132, 59, 97, 86)
3, (243, 111, 117, 124, 121, 73, 113, 90)
3, (259, 95, 100, 113, 136, 60, 104, 89)
3, (240, 124, 131, 152, 111, 68, 132, 90)
3, (310, 112, 112, 130, 128, 61, 98, 76)
3, (226, 123, 148, 153, 96, 80, 139, 88)
3, (298, 121, 125, 123, 123, 61, 93, 81)
3, (246, 117, 148, 149, 90, 81, 147, 99)
3, (261, 109, 130, 118, 110, 54, 77, 82)
3, (227, 121, 145, 149, 96, 83, 146, 105)
3, (273, 113, 156, 116, 102, 53, 85, 83)
3, (224, 111, 131, 129, 111, 79, 144, 102)
3, (294, 118, 153, 109, 88, 59, 113, 107)
3, (225, 89, 114, 114, 106, 82, 121, 99)
3, (250, 106, 146, 89, 90, 60, 120, 97)
3, (230, 96, 97, 118, 111, 69, 89, 96)
3, (246, 116, 163, 103, 85, 61, 119, 96)
3, (163, 90, 107, 136, 120, 66, 124, 89)
3, (252, 122, 156, 98, 87, 60, 123, 100)
3, (203, 87, 118, 133, 123, 72, 126, 86)
3, (266, 117, 120, 87, 95, 63, 120, 103)
3, (203, 91, 119, 135, 112, 73, 132, 93)
3, (231, 109, 142, 121, 101, 60, 130, 93)
4, (222, 118, 120, 101, 95, 85, 139, 109)
4, (216, 111, 136, 96, 94, 85, 136, 121)
4, (218, 107, 136, 103, 91, 81, 138, 106)
4, (225, 113, 111, 111, 90, 81, 135, 106)
4, (229, 116, 127, 132, 84, 65, 116, 118)
4, (229, 112, 162, 143, 93, 46, 83, 105)
4, (244, 113, 156, 153, 108, 46, 90, 90)
4, (253, 127, 158, 151, 112, 49, 102, 91)
4, (242, 126, 159, 155, 105, 55, 108, 97)
4, (246, 118, 139, 137, 106, 56, 114, 80)
4, (245, 109, 101, 134, 101, 59, 118, 81)
4, (266, 123, 91, 118, 96, 58, 112, 79)
5, (215, 92, 107, 100, 91, 50, 76, 80)
5, (239, 115, 118, 105, 93, 56, 86, 82)
5, (223, 112, 152, 122, 88, 55, 82, 86)
5, (219, 130, 143, 128, 91, 59, 102, 89)
5, (220, 145, 147, 117, 84, 57, 102, 94)
5, (236, 147, 151, 120, 101, 55, 107, 94)
5, (224, 133, 147, 145, 157, 56, 106, 95)
5, (212, 129, 113, 129, 159, 53, 106, 89)
5, (199, 143, 153, 120, 162, 51, 97, 88)
5, (241, 131, 149, 136, 162, 55, 116, 88)
5, (232, 130, 151, 132, 151, 54, 114, 86)
5, (254, 145, 162, 103, 118, 57, 109, 90)
5, (256, 149, 168, 113, 117, 62, 117, 93)
5, (264, 122, 137, 109, 110, 62, 131, 105)
5, (246, 130, 135, 103, 116, 66, 120, 104)
5, (245, 144, 142, 103, 128, 70, 119, 106)
5, (223, 132, 125, 111, 123, 66, 119, 105)
5, (254, 134, 115, 107, 126, 67, 117, 108)
5, (257, 131, 112, 107, 126, 72, 104, 104)
5, (237, 123, 136, 99, 121, 64, 101, 110)
5, (235, 111, 155, 107, 116, 61, 99, 109)
5, (261, 108, 165, 112, 108, 63, 101, 116)
5, (233, 107, 196, 103, 108, 69, 115, 127)
5, (239, 119, 195, 113, 107, 64, 108, 107)
5, (243, 124, 180, 125, 116, 67, 104, 97)
5, (265, 141, 160, 131, 126, 79, 139, 98)
5, (221, 134, 152, 127, 121, 82, 142, 88)
5, (210, 130, 113, 136, 121, 74, 139, 85)
5, (214, 127, 112, 137, 132, 76, 138, 88)
5, (249, 129, 117, 150, 143, 85, 145, 92)
5, (225, 112, 103, 146, 139, 77, 118, 100)
5, (221, 107, 102, 140, 132, 66, 103, 95)
5, (234, 106, 108, 137, 124, 68, 96, 112)
5, (249, 95, 107, 133, 113, 67, 103, 111)
5, (228, 92, 126, 118, 108, 63, 99, 112)
5, (237, 105, 142, 109, 132, 68, 101, 107)
5, (242, 106, 144, 126, 134, 67, 106, 130)
5, (274, 114, 138, 125, 150, 68, 102, 99)
5, (288, 132, 136, 124, 152, 67, 93, 101)
5, (280, 131, 115, 108, 155, 62, 101, 100)
5, (295, 118, 130, 118, 128, 58, 103, 104)
5, (292, 126, 132, 114, 122, 66, 120, 100)
5, (255, 131, 133, 122, 129, 70, 122, 104)
5, (217, 138, 135, 121, 177, 70, 122, 103)
5, (248, 141, 129, 129, 162, 68, 113, 102)
5, (210, 140, 114, 123, 160, 69, 114, 111)
5, (220, 135, 125, 113, 162, 63, 95, 91)
5, (241, 140, 119, 120, 149, 55, 93, 84)
5, (266, 129, 119, 118, 93, 64, 106, 87)
5, (226, 122, 130, 122, 97, 64, 109, 110)
5, (242, 119, 119, 126, 99, 65, 102, 95)
5, (301, 118, 94, 136, 104, 69, 102, 100)
5, (302, 102, 94, 115, 112, 77, 110, 106)
5, (280, 92, 95, 125, 109, 81, 111, 126)
5, (281, 84, 134, 146, 110, 83, 124, 113)
5, (314, 102, 129, 142, 112, 80, 119, 113)
5, (259, 113, 138, 139, 129, 78, 117, 117)
5, (235, 111, 158, 150, 117, 71, 109, 117)
5, (263, 117, 158, 149, 113, 75, 122, 100)
5, (299, 128, 121, 136, 116, 78, 113, 91)
5, (251, 125, 126, 155, 115, 74, 118, 98)
5, (255, 130, 123, 156, 83, 71, 121, 107)
5, (256, 148, 98, 145, 87, 69, 115, 105)
5, (220, 144, 95, 138, 121, 56, 98, 97)
5, (237, 145, 93, 127, 130, 59, 118, 104)
5, (262, 140, 85, 106, 127, 60, 115, 105)
5, (252, 128, 84, 102, 128, 61, 111, 84)
5, (260, 116, 94, 123, 138, 61, 115, 87)
5, (263, 124, 118, 122, 107, 55, 117, 105)
5, (209, 116, 117, 117, 89, 48, 111, 100)
5, (208, 120, 142, 126, 98, 52, 116, 92)
5, (228, 123, 140, 122, 105, 52, 120, 99)
5, (215, 118, 141, 131, 108, 54, 120, 101)
5, (237, 122, 119, 127, 110, 55, 109, 90)
5, (235, 125, 124, 138, 125, 53, 93, 97)
5, (211, 116, 100, 138, 132, 60, 104, 100)
5, (256, 130, 103, 136, 127, 61, 118, 94)
5, (273, 126, 105, 112, 110, 58, 115, 87)
5, (261, 106, 114, 120, 115, 59, 116, 93)
5, (301, 113, 112, 106, 110, 56, 116, 85)
5, (307, 112, 111, 94, 124, 46, 96, 80)
5, (250, 105, 112, 108, 125, 45, 90, 92)
5, (241, 104, 120, 115, 128, 46, 94, 119)
5, (259, 109, 123, 113, 122, 48, 99, 109)
5, (265, 91, 118, 115, 125, 47, 92, 110)
5, (257, 106, 114, 128, 102, 49, 91, 121)
5, (257, 85, 115, 116, 105, 58, 89, 110)
5, (251, 86, 122, 134, 122, 68, 106, 84)
5, (231, 95, 130, 174, 123, 65, 101, 87)
5, (165, 104, 133, 182, 123, 70, 111, 106)
5, (165, 106, 137, 175, 141, 72, 112, 96)
5, (178, 112, 143, 177, 156, 70, 100, 96)
5, (238, 114, 166, 166, 146, 67, 95, 104)
5, (275, 115, 167, 143, 153, 73, 97, 106)
5, (310, 125, 177, 130, 147, 71, 90, 100)
5, (324, 129, 181, 141, 126, 69, 89, 100)
5, (329, 130, 170, 141, 118, 65, 93, 105)
5, (299, 130, 126, 137, 112, 57, 74, 95)
5, (271, 125, 114, 121, 100, 49, 84, 100)
5, (296, 119, 107, 137, 111, 48, 79, 95)
5, (292, 104, 101, 125, 111, 47, 85, 97)
5, (296, 101, 105, 128, 102, 56, 118, 109)
5, (330, 104, 110, 161, 106, 60, 121, 107)
5, (334, 112, 111, 168, 127, 61, 111, 99)
5, (291, 105, 110, 159, 116, 80, 125, 90)
5, (284, 111, 102, 162, 121, 80, 123, 88)
5, (284, 113, 102, 159, 120, 76, 93, 91)
5, (240, 108, 123, 126, 121, 73, 96, 94)
5, (218, 96, 122, 106, 102, 91, 125, 96)
