0, (136, 451, 195, 177, 88, 262, 277, 127)
0, (138, 445, 184, 182, 89, 270, 279, 138)
0, (141, 444, 187, 192, 89, 246, 293, 114)
0, (153, 511, 175, 206, 83, 192, 283, 118)
0, (172, 499, 161, 222, 83, 169, 275, 115)
0, (171, 448, 172, 206, 84, 223, 276, 132)
0, (181, 425, 170, 211, 79, 216, 203, 120)
0, (188, 418, 165, 202, 73, 250, 232, 120)
0, (174, 312, 177, 189, 75, 244, 265, 125)
0, (154, 284, 226, 174, 79, 240, 279, 154)
0, (153, 344, 230, 208, 78, 187, 270, 135)
0, (160, 348, 230, 235, 93, 184, 260, 136)
0, (174, 346, 253, 239, 96, 109, 221, 132)
0, (168, 370, 256, 250, 100, 117, 179, 140)
0, (158, 406, 263, 245, 96, 160, 280, 113)
0, (178, 349, 257, 215, 99, 185, 279, 115)
0, (171, 348, 252, 189, 87, 212, 293, 103)
0, (143, 368, 234, 169, 78, 209, 285, 113)
0, (142, 374, 229, 146, 69, 227, 295, 98)
0, (149, 347, 199, 147, 67, 301, 219, 96)
0, (124, 352, 197, 144, 61, 307, 274, 107)
0, (115, 358, 212, 120, 61, 286, 269, 116)
0, (162, 378, 220, 138, 68, 291, 268, 130)
0, (168, 347, 221, 151, 72, 279, 258, 125)
0, (167, 352, 225, 178, 84, 231, 226, 124)
0, (181, 400, 221, 176, 82, 244, 266, 113)
0, (179, 370, 203, 176, 78, 259, 271, 117)
0, (139, 324, 185, 167, 78, 256, 275, 98)
0, (132, 328, 197, 186, 85, 250, 271, 98)
0, (138, 361, 171, 155, 71, 201, 272, 100)
0, (185, 328, 168, 158, 80, 149, 179, 105)
0, (187, 324, 189, 164, 94, 129, 147, 96)
0, (192, 353, 210, 164, 95, 121, 136, 91)
0, (210, 337, 191, 142, 90, 123, 139, 107)
0, (198, 269, 184, 158, 91, 122, 153, 108)
0, (141, 262, 187, 160, 102, 116, 146, 102)
0, (139, 246, 193, 152, 95, 106, 169, 107)
0, (134, 306, 184, 146, 88, 104, 167, 102)
0, (101, 320, 186, 139, 100, 105, 160, 80)
0, (114, 324, 183, 115, 103, 85, 142, 75)
0, (120, 308, 180, 123, 92, 93, 182, 90)
0, (117, 307, 166, 121, 86, 102, 156, 73)
0, (133, 287, 157, 121, 92, 105, 156, 114)
0, (132, 282, 161, 113, 80, 101, 164, 118)
0, (152, 290, 169, 112, 77, 91, 180, 125)
0, (142, 309, 161, 85, 69, 76, 133, 114)
0, (141, 353, 138, 84, 74, 67, 142, 116)
0, (131, 317, 153, 87, 68, 81, 158, 78)
0, (154, 322, 148, 85, 76, 124, 172, 77)
0, (121, 329, 147, 83, 91, 129, 150, 64)
0, (120, 332, 150, 85, 97, 131, 142, 63)
0, (121, 294, 153, 75, 94, 134, 136, 57)
0, (130, 269, 134, 84, 95, 128, 121, 57)
0, (104, 345, 129, 82, 85, 89, 97, 53)
0, (112, 335, 123, 74, 70, 118, 108, 81)
0, (117, 336, 128, 72, 66, 127, 119, 108)
0, (129, 416, 136, 81, 72, 121, 127, 111)
1, (115, 457, 142, 76, 85, 129, 124, 108)
1, (118, 411, 145, 77, 84, 129, 118, 108)
1, (126, 405, 139, 80, 81, 104, 125, 96)
1, (130, 412, 136, 77, 75, 116, 116, 67)
1, (131, 370, 136, 73, 70, 119, 119, 68)
1, (131, 319, 138, 67, 54, 116, 121, 70)
1, (138, 312, 146, 67, 63, 112, 124, 70)
1, (146, 397, 146, 66, 61, 107, 112, 60)
1, (138, 384, 153, 80, 72, 86, 128, 62)
1, (140, 379, 150, 84, 74, 85, 128, 60)
1, (144, 427, 149, 83, 100, 108, 132, 55)
1, (137, 439, 152, 84, 95, 114, 132, 53)
1, (149, 375, 157, 87, 98, 116, 126, 49)
1, (158, 420, 173, 81, 98, 114, 115, 46)
1, (144, 405, 180, 82, 99, 108, 109, 45)
1, (142, 360, 175, 86, 84, 140, 110, 53)
1, (139, 395, 168, 86, 82, 144, 106, 53)
1, (122, 405, 166, 85, 84, 143, 105, 56)
1, (109, 372, 139, 78, 77, 145, 99, 55)
1, (110, 353, 125, 70, 74, 150, 106, 56)
1, (104, 363, 126, 67, 68, 128, 104, 55)
1, (115, 316, 112, 69, 68, 122, 112, 57)
1, (101, 311, 112, 70, 65, 123, 133, 56)
1, (115, 307, 116, 70, 69, 117, 137, 58)
1, (115, 379, 157, 80, 78, 127, 128, 61)
1, (122, 372, 167, 87, 79, 103, 125, 61)
1, (150, 386, 178, 86, 81, 124, 129, 60)
1, (152, 398, 186, 89, 81, 122, 111, 61)
1, (147, 367, 182, 96, 77, 128, 111, 60)
1, (159, 337, 158, 89, 71, 132, 114, 58)
1, (164, 376, 167, 80, 64, 121, 110, 59)
1, (135, 370, 155, 96, 67, 120, 116, 65)
1, (132, 391, 153, 93, 62, 120, 128, 68)
2, (138, 424, 161, 83, 61, 117, 125, 67)
2, (131, 424, 162, 87, 79, 110, 131, 67)
2, (122, 431, 183, 99, 82, 108, 129, 66)
2, (127, 458, 184, 80, 79, 81, 113, 59)
2, (130, 431, 191, 80, 101, 102, 103, 66)
2, (121, 440, 191, 83, 105, 101, 133, 71)
2, (115, 439, 186, 79, 89, 100, 133, 72)
2, (136, 407, 153, 65, 82, 120, 156, 72)
2, (125, 367, 156, 70, 91, 134, 161, 77)
2, (119, 414, 152, 85, 78, 125, 218, 81)
2, (124, 466, 153, 120, 77, 137, 202, 79)
2, (213, 420, 170, 210, 98, 140, 86, 106)
2, (143, 460, 148, 154, 84, 129, 201, 80)
2, (223, 375, 180, 208, 100, 150, 90, 118)
2, (124, 497, 151, 174, 102, 112, 193, 84)
2, (211, 362, 195, 163, 69, 149, 95, 105)
2, (138, 498, 167, 194, 95, 113, 191, 93)
2, (167, 437, 208, 212, 77, 129, 120, 116)
2, (137, 473, 159, 190, 88, 107, 155, 94)
2, (173, 349, 201, 230, 85, 124, 125, 122)
2, (144, 432, 162, 172, 86, 96, 162, 97)
2, (149, 388, 213, 233, 90, 119, 125, 138)
2, (118, 419, 183, 158, 91, 100, 180, 99)
2, (137, 432, 245, 258, 94, 145, 123, 119)
2, (116, 362, 182, 145, 75, 100, 180, 103)
2, (160, 465, 228, 263, 93, 151, 138, 121)
2, (111, 381, 163, 116, 72, 124, 193, 111)
2, (154, 383, 208, 231, 93, 154, 140, 123)
2, (129, 368, 181, 120, 75, 133, 161, 107)
2, (181, 397, 226, 244, 104, 144, 134, 135)
2, (126, 317, 190, 152, 81, 129, 157, 114)
2, (200, 427, 205, 237, 101, 134, 135, 118)
2, (128, 307, 171, 144, 70, 125, 146, 117)
2, (214, 388, 158, 215, 99, 105, 142, 121)
2, (133, 385, 184, 138, 67, 135, 142, 132)
2, (213, 372, 165, 215, 104, 104, 146, 122)
2, (124, 392, 230, 154, 108, 138, 132, 121)
2, (233, 366, 186, 223, 99, 115, 125, 122)
2, (131, 403, 214, 165, 110, 133, 152, 126)
2, (224, 343, 175, 212, 83, 120, 120, 100)
2, (121, 404, 197, 143, 109, 133, 154, 117)
2, (206, 334, 188, 195, 78, 117, 127, 99)
2, (121, 403, 197, 136, 110, 140, 146, 130)
2, (222, 364, 201, 195, 74, 116, 116, 94)
2, (116, 318, 181, 139, 112, 132, 158, 119)
2, (214, 346, 201, 187, 64, 109, 93, 95)
2, (122, 270, 165, 124, 77, 88, 159, 121)
2, (200, 389, 199, 201, 66, 93, 97, 106)
2, (125, 258, 204, 122, 66, 99, 141, 114)
2, (193, 388, 204, 172, 71, 93, 97, 105)
2, (131, 291, 237, 117, 63, 100, 136, 115)
2, (210, 328, 212, 174, 73, 137, 102, 104)
2, (134, 317, 247, 130, 74, 92, 128, 107)
2, (188, 334, 199, 180, 79, 145, 111, 107)
2, (157, 332, 242, 130, 78, 95, 129, 97)
2, (184, 338, 199, 187, 86, 144, 109, 109)
2, (161, 345, 228, 137, 81, 100, 131, 98)
2, (181, 291, 194, 151, 82, 144, 109, 101)
2, (134, 357, 193, 124, 82, 97, 136, 100)
2, (169, 290, 189, 160, 75, 143, 114, 107)
2, (128, 329, 166, 131, 95, 107, 138, 100)
2, (166, 330, 174, 160, 69, 112, 114, 105)
2, (136, 311, 159, 182, 88, 112, 159, 130)
2, (162, 288, 189, 152, 64, 121, 111, 102)
2, (135, 342, 177, 190, 86, 116, 151, 127)
2, (182, 274, 216, 154, 61, 119, 116, 106)
2, (124, 369, 168, 189, 82, 111, 148, 128)
2, (183, 260, 219, 159, 67, 118, 129, 111)
2, (134, 360, 168, 186, 84, 98, 143, 124)
2, (186, 317, 214, 157, 73, 116, 131, 108)
2, (137, 379, 156, 183, 79, 90, 154, 135)
2, (184, 286, 205, 158, 73, 107, 125, 109)
2, (149, 412, 146, 124, 76, 78, 139, 119)
2, (212, 300, 203, 169, 77, 71, 118, 110)
2, (127, 397, 144, 120, 87, 139, 136, 117)
2, (194, 335, 171, 158, 82, 82, 110, 124)
2, (137, 419, 135, 114, 97, 143, 124, 110)
2, (196, 366, 161, 164, 87, 115, 97, 104)
2, (142, 408, 136, 119, 104, 142, 133, 110)
2, (193, 327, 158, 159, 85, 118, 121, 105)
2, (171, 423, 159, 123, 97, 145, 121, 113)
2, (194, 324, 163, 153, 82, 115, 127, 120)
2, (161, 421, 178, 119, 95, 159, 122, 91)
2, (148, 380, 182, 145, 77, 107, 129, 123)
2, (169, 400, 173, 110, 81, 103, 109, 93)
2, (155, 350, 178, 144, 72, 110, 135, 125)
2, (177, 373, 177, 114, 72, 107, 118, 92)
2, (151, 349, 179, 138, 69, 78, 131, 123)
2, (188, 377, 188, 106, 68, 139, 122, 107)
2, (146, 363, 192, 123, 76, 79, 124, 124)
2, (160, 344, 177, 93, 67, 141, 118, 118)
2, (122, 419, 207, 126, 83, 92, 117, 113)
2, (155, 320, 179, 98, 89, 132, 109, 120)
2, (145, 352, 175, 124, 81, 98, 121, 118)
2, (156, 369, 189, 97, 94, 139, 106, 117)
2, (150, 376, 207, 139, 86, 96, 118, 95)
2, (149, 359, 213, 112, 96, 139, 102, 122)
2, (149, 395, 214, 124, 82, 107, 116, 92)
2, (145, 340, 201, 125, 90, 110, 93, 121)
2, (145, 398, 211, 129, 95, 113, 102, 96)
3, (184, 350, 232, 158, 88, 108, 103, 141)
3, (179, 317, 223, 152, 78, 121, 98, 141)
3, (182, 323, 229, 146, 71, 117, 104, 109)
3, (202, 338, 230, 141, 84, 114, 95, 106)
3, (196, 316, 223, 143, 95, 121, 94, 110)
3, (197, 296, 227, 148, 89, 109, 108, 138)
3, (211, 310, 255, 152, 92, 92, 120, 134)
3, (230, 329, 247, 153, 95, 96, 119, 138)
3, (230, 316, 253, 155, 84, 95, 126, 141)
3, (234, 321, 237, 158, 74, 125, 131, 147)
3, (231, 320, 231, 150, 78, 132, 130, 102)
3, (226, 368, 267, 132, 82, 135, 136, 111)
3, (204, 344, 258, 127, 75, 130, 135, 168)
3, (189, 407, 257, 132, 89, 123, 128, 164)
3, (180, 426, 267, 125, 102, 117, 120, 160)
3, (177, 439, 281, 114, 103, 111, 107, 193)
3, (165, 404, 202, 135, 98, 115, 89, 200)
3, (158, 416, 216, 144, 100, 136, 102, 154)
3, (122, 347, 204, 158, 88, 139, 103, 154)
3, (140, 343, 189, 170, 69, 115, 101, 158)
3, (153, 345, 191, 215, 71, 108, 100, 139)
3, (157, 322, 192, 262, 76, 104, 90, 120)
3, (183, 322, 175, 260, 75, 78, 71, 123)
3, (200, 372, 194, 245, 76, 75, 85, 134)
3, (224, 373, 259, 258, 83, 70, 86, 183)
3, (215, 319, 264, 279, 82, 76, 93, 166)
3, (225, 329, 276, 237, 81, 104, 98, 176)
3, (215, 352, 275, 246, 85, 104, 105, 191)
3, (213, 327, 272, 252, 86, 100, 92, 182)
3, (173, 340, 226, 238, 83, 98, 89, 120)
3, (189, 350, 238, 184, 80, 97, 92, 131)
3, (183, 349, 225, 180, 88, 57, 102, 148)
3, (187, 322, 238, 193, 83, 86, 98, 145)
3, (178, 288, 234, 196, 88, 91, 109, 148)
3, (221, 279, 235, 230, 106, 98, 106, 149)
3, (214, 298, 190, 231, 115, 107, 97, 175)
3, (209, 299, 198, 240, 109, 108, 85, 154)
3, (199, 303, 187, 233, 116, 90, 85, 134)
3, (222, 349, 185, 243, 121, 94, 72, 136)
3, (181, 327, 171, 212, 121, 112, 97, 158)
3, (171, 297, 173, 219, 111, 102, 112, 122)
3, (178, 341, 201, 210, 123, 103, 120, 118)
3, (163, 343, 200, 211, 118, 107, 116, 126)
3, (167, 319, 216, 215, 112, 102, 117, 139)
3, (190, 356, 234, 230, 92, 73, 99, 110)
3, (206, 421, 241, 211, 88, 92, 85, 112)
3, (209, 385, 208, 228, 70, 102, 75, 124)
3, (220, 377, 205, 236, 81, 102, 79, 131)
3, (206, 376, 199, 218, 79, 102, 82, 109)
3, (178, 378, 167, 195, 78, 106, 88, 118)
3, (171, 331, 155, 234, 109, 95, 86, 126)
3, (211, 351, 168, 214, 107, 110, 85, 112)
3, (207, 436, 172, 195, 96, 120, 85, 98)
4, (202, 360, 225, 157, 106, 114, 123, 138)
4, (208, 357, 235, 144, 108, 109, 128, 140)
4, (227, 328, 204, 161, 103, 97, 129, 142)
4, (236, 354, 159, 183, 99, 152, 130, 113)
4, (260, 329, 174, 181, 99, 159, 134, 113)
4, (254, 304, 179, 178, 95, 158, 125, 135)
4, (254, 321, 172, 183, 94, 159, 124, 140)
4, (248, 314, 253, 169, 88, 161, 135, 120)
4, (254, 321, 287, 149, 89, 152, 139, 120)
4, (223, 343, 288, 165, 88, 144, 144, 142)
4, (209, 355, 282, 203, 100, 146, 144, 121)
4, (193, 339, 292, 243, 106, 143, 137, 100)
4, (207, 399, 260, 291, 107, 131, 126, 105)
4, (186, 365, 239, 284, 101, 73, 135, 117)
4, (178, 372, 255, 288, 94, 97, 105, 97)
4, (189, 383, 262, 287, 86, 96, 106, 98)
4, (182, 429, 249, 253, 78, 97, 128, 102)
4, (168, 376, 217, 220, 82, 102, 132, 105)
4, (181, 412, 208, 233, 88, 105, 124, 121)
4, (172, 393, 200, 230, 95, 117, 135, 112)
4, (163, 393, 202, 230, 96, 125, 139, 114)
4, (207, 347, 208, 250, 106, 129, 124, 121)
4, (203, 346, 216, 227, 103, 130, 122, 158)
4, (204, 319, 225, 219, 97, 122, 114, 136)
4, (205, 347, 260, 215, 91, 84, 88, 140)
4, (216, 324, 262, 176, 85, 70, 81, 141)
4, (196, 321, 278, 152, 79, 64, 91, 155)
4, (201, 307, 287, 183, 79, 74, 97, 121)
4, (203, 329, 272, 189, 78, 114, 129, 120)
4, (202, 302, 211, 199, 80, 122, 157, 122)
4, (234, 323, 203, 221, 90, 133, 169, 134)
4, (219, 358, 173, 216, 90, 132, 164, 115)
4, (211, 382, 145, 224, 93, 127, 160, 116)
4, (201, 377, 183, 221, 100, 98, 142, 121)
4, (211, 371, 210, 210, 103, 95, 111, 145)
4, (177, 348, 207, 196, 96, 96, 101, 137)
4, (189, 327, 230, 190, 87, 95, 109, 134)
5, (232, 342, 259, 216, 79, 145, 185, 152)
5, (207, 351, 246, 199, 78, 100, 125, 104)
5, (202, 356, 229, 182, 57, 99, 111, 99)
5, (197, 316, 230, 177, 63, 100, 105, 95)
5, (194, 349, 214, 167, 64, 106, 110, 97)
5, (196, 357, 198, 154, 66, 116, 97, 94)
5, (201, 348, 181, 168, 68, 124, 98, 106)
5, (207, 377, 208, 167, 84, 140, 98, 125)
5, (208, 374, 238, 169, 95, 145, 102, 152)
5, (232, 356, 239, 153, 104, 142, 124, 137)
