0, (223, 220, 94, 93, 71, 47, 94, 239)
0, (250, 219, 97, 107, 81, 56, 124, 242)
0, (250, 209, 96, 103, 77, 53, 119, 238)
0, (237, 218, 107, 93, 72, 55, 120, 162)
0, (228, 231, 112, 109, 79, 58, 133, 131)
0, (241, 228, 115, 116, 88, 59, 144, 118)
0, (281, 228, 109, 132, 88, 55, 130, 117)
0, (291, 243, 100, 147, 91, 60, 139, 218)
0, (275, 220, 86, 143, 88, 58, 128, 227)
0, (264, 200, 79, 131, 85, 53, 110, 246)
0, (248, 208, 80, 138, 80, 56, 94, 253)
0, (215, 206, 95, 116, 78, 56, 83, 255)
0, (201, 199, 110, 137, 82, 57, 80, 177)
0, (222, 253, 146, 136, 81, 62, 85, 157)
0, (241, 246, 147, 139, 80, 63, 91, 147)
0, (251, 239, 146, 159, 81, 66, 100, 131)
0, (229, 236, 135, 158, 75, 61, 99, 116)
0, (226, 224, 131, 126, 63, 55, 89, 108)
0, (207, 181, 93, 127, 71, 48, 82, 102)
0, (170, 182, 97, 124, 69, 49, 77, 57)
0, (170, 181, 96, 87, 69, 39, 109, 53)
0, (141, 186, 107, 95, 74, 44, 111, 53)
0, (149, 199, 112, 96, 75, 44, 112, 50)
0, (145, 160, 108, 90, 67, 42, 113, 46)
0, (139, 209, 103, 87, 65, 40, 110, 43)
0, (136, 214, 106, 76, 72, 44, 59, 40)
0, (185, 216, 95, 57, 74, 41, 50, 37)
0, (201, 215, 80, 47, 72, 42, 54, 40)
0, (206, 211, 82, 55, 71, 40, 53, 42)
0, (211, 197, 81, 57, 77, 47, 52, 42)
0, (199, 200, 73, 55, 69, 42, 50, 38)
0, (150, 200, 79, 58, 64, 43, 48, 38)
0, (118, 188, 75, 58, 66, 41, 44, 33)
0, (116, 173, 83, 59, 75, 42, 53, 32)
0, (141, 176, 81, 60, 77, 35, 53, 34)
0, (138, 173, 85, 61, 75, 35, 53, 34)
0, (135, 185, 97, 58, 74, 34, 59, 34)
0, (152, 187, 101, 55, 79, 38, 66, 40)
0, (167, 186, 91, 52, 70, 37, 63, 37)
0, (142, 194, 93, 58, 63, 38, 64, 34)
0, (134, 192, 93, 58, 73, 43, 65, 36)
0, (156, 183, 89, 59, 76, 50, 71, 38)
0, (140, 182, 81, 67, 71, 45, 59, 33)
0, (128, 184, 83, 64, 70, 46, 54, 37)
0, (138, 151, 80, 54, 73, 45, 51, 40)
0, (156, 167, 84, 57, 66, 45, 55, 39)
0, (168, 216, 86, 68, 67, 38, 54, 44)
0, (166, 229, 89, 60, 82, 44, 56, 45)
0, (195, 236, 88, 56, 83, 42, 58, 43)
0, (190, 219, 86, 73, 79, 48, 68, 45)
0, (184, 254, 78, 79, 75, 45, 64, 44)
0, (167, 211, 59, 69, 73, 46, 53, 37)
0, (201, 202, 54, 73, 56, 43, 54, 39)
0, (196, 202, 75, 75, 53, 53, 68, 39)
0, (204, 201, 77, 61, 58, 48, 60, 37)
0, (229, 142, 92, 49, 63, 46, 60, 38)
0, (227, 185, 93, 61, 67, 45, 61, 38)
0, (205, 197, 94, 59, 72, 44, 61, 36)
0, (176, 191, 77, 61, 75, 34, 47, 36)
0, (188, 194, 82, 63, 79, 35, 53, 38)
0, (184, 205, 73, 67, 76, 36, 56, 39)
0, (177, 224, 90, 60, 77, 43, 58, 40)
0, (201, 224, 91, 56, 76, 44, 57, 40)
1, (202, 224, 93, 54, 85, 42, 60, 41)
1, (181, 227, 90, 57, 84, 44, 52, 36)
1, (144, 277, 88, 58, 88, 45, 51, 36)
1, (182, 234, 77, 61, 84, 41, 50, 40)
1, (171, 225, 80, 64, 88, 41, 51, 39)
1, (179, 231, 83, 79, 94, 50, 57, 41)
1, (182, 234, 80, 76, 88, 49, 59, 42)
1, (190, 184, 80, 74, 82, 50, 62, 42)
1, (171, 188, 77, 67, 80, 50, 63, 42)
1, (191, 181, 88, 68, 71, 51, 62, 45)
1, (186, 186, 85, 51, 53, 46, 53, 45)
1, (185, 239, 90, 55, 60, 46, 52, 46)
1, (238, 254, 88, 53, 63, 47, 52, 45)
1, (229, 258, 89, 56, 68, 46, 57, 45)
1, (192, 265, 76, 53, 74, 42, 59, 43)
1, (206, 311, 72, 52, 71, 44, 72, 46)
1, (232, 277, 72, 55, 71, 41, 74, 47)
1, (168, 242, 82, 57, 69, 38, 74, 46)
1, (170, 238, 87, 55, 71, 40, 78, 43)
1, (203, 226, 85, 52, 66, 41, 79, 40)
1, (218, 200, 93, 57, 66, 40, 65, 38)
1, (189, 201, 95, 49, 67, 40, 70, 37)
1, (187, 206, 83, 50, 64, 41, 69, 37)
1, (193, 205, 76, 53, 57, 42, 67, 41)
1, (180, 233, 82, 56, 61, 43, 68, 42)
1, (143, 184, 103, 52, 62, 40, 71, 41)
1, (169, 179, 100, 54, 66, 42, 69, 42)
1, (186, 176, 100, 59, 76, 41, 65, 43)
1, (190, 228, 103, 59, 78, 36, 67, 42)
1, (175, 232, 115, 59, 75, 37, 65, 42)
1, (179, 238, 96, 60, 75, 40, 62, 39)
1, (214, 232, 90, 56, 72, 39, 59, 40)
1, (231, 228, 93, 53, 63, 43, 67, 41)
1, (224, 254, 104, 49, 57, 43, 55, 36)
1, (221, 231, 95, 49, 56, 43, 53, 35)
1, (218, 226, 91, 50, 63, 40, 62, 41)
1, (173, 224, 99, 48, 60, 42, 60, 40)
1, (162, 267, 98, 56, 79, 38, 60, 39)
1, (162, 188, 84, 58, 81, 38, 58, 39)
1, (180, 187, 70, 58, 86, 37, 66, 44)
1, (189, 184, 84, 58, 81, 40, 58, 39)
1, (197, 222, 95, 56, 79, 37, 65, 37)
1, (175, 192, 94, 54, 70, 37, 65, 37)
1, (172, 200, 94, 56, 83, 37, 77, 38)
1, (162, 195, 95, 59, 81, 41, 75, 36)
1, (165, 271, 80, 58, 85, 39, 78, 42)
1, (145, 266, 62, 60, 87, 40, 78, 43)
2, (237, 245, 88, 109, 70, 57, 113, 294)
2, (239, 240, 89, 115, 69, 55, 107, 302)
2, (251, 235, 82, 111, 69, 46, 96, 310)
2, (271, 228, 84, 107, 81, 55, 111, 312)
2, (287, 275, 77, 117, 83, 59, 105, 334)
2, (280, 252, 94, 138, 90, 61, 103, 327)
2, (284, 245, 95, 143, 94, 58, 98, 324)
2, (284, 236, 100, 148, 92, 59, 99, 320)
2, (266, 252, 96, 139, 89, 56, 75, 349)
2, (276, 184, 106, 135, 80, 54, 88, 265)
2, (300, 166, 101, 125, 72, 54, 102, 266)
2, (275, 169, 104, 125, 83, 59, 105, 268)
2, (260, 179, 121, 125, 83, 62, 120, 290)
2, (260, 195, 128, 121, 82, 57, 128, 323)
2, (240, 192, 120, 111, 84, 65, 147, 270)
2, (211, 195, 117, 97, 87, 62, 134, 273)
2, (208, 191, 119, 97, 81, 59, 131, 279)
2, (223, 234, 118, 119, 97, 57, 119, 272)
2, (223, 199, 130, 141, 93, 61, 125, 286)
2, (248, 207, 140, 153, 99, 56, 93, 286)
2, (268, 210, 140, 173, 101, 56, 98, 280)
2, (266, 210, 139, 181, 101, 54, 96, 275)
2, (259, 195, 121, 157, 88, 52, 96, 273)
2, (280, 205, 102, 139, 95, 50, 82, 269)
2, (271, 201, 97, 134, 88, 48, 100, 268)
2, (232, 208, 108, 111, 90, 55, 99, 277)
2, (283, 228, 116, 84, 86, 58, 106, 288)
2, (334, 249, 121, 87, 87, 65, 107, 364)
2, (306, 252, 127, 95, 89, 72, 119, 295)
2, (283, 252, 117, 95, 94, 71, 105, 300)
2, (292, 263, 111, 104, 85, 64, 110, 305)
2, (241, 254, 98, 106, 82, 63, 104, 297)
2, (147, 263, 85, 55, 84, 40, 79, 43)
2, (177, 246, 95, 118, 87, 55, 101, 230)
2, (151, 263, 85, 51, 86, 38, 77, 47)
2, (196, 232, 111, 107, 79, 48, 87, 232)
2, (146, 297, 86, 47, 83, 39, 108, 73)
2, (201, 226, 110, 112, 72, 44, 83, 237)
2, (141, 236, 94, 64, 80, 38, 112, 81)
2, (193, 196, 104, 111, 72, 48, 83, 230)
2, (162, 231, 102, 85, 90, 37, 109, 80)
2, (224, 186, 105, 111, 84, 48, 87, 233)
2, (176, 217, 93, 85, 85, 39, 114, 82)
2, (206, 157, 108, 94, 84, 49, 83, 252)
2, (171, 210, 97, 89, 71, 39, 110, 81)
2, (223, 208, 81, 100, 79, 47, 85, 247)
2, (193, 217, 95, 97, 70, 38, 80, 58)
2, (216, 207, 89, 101, 77, 48, 86, 237)
2, (189, 220, 92, 89, 69, 44, 74, 44)
2, (268, 213, 96, 89, 81, 52, 92, 247)
2, (182, 201, 84, 81, 56, 48, 80, 46)
2, (251, 206, 91, 90, 82, 53, 92, 245)
2, (162, 201, 74, 88, 58, 47, 86, 76)
2, (259, 170, 89, 88, 72, 52, 92, 282)
2, (167, 234, 70, 82, 62, 50, 83, 82)
2, (238, 186, 93, 85, 69, 51, 98, 284)
2, (173, 212, 78, 83, 67, 58, 103, 96)
2, (292, 199, 90, 81, 93, 57, 118, 286)
2, (174, 206, 77, 89, 81, 54, 105, 97)
2, (241, 199, 86, 87, 102, 47, 106, 275)
2, (161, 197, 78, 88, 87, 53, 101, 213)
2, (235, 202, 92, 119, 108, 47, 106, 271)
2, (174, 255, 91, 82, 88, 55, 89, 233)
2, (229, 214, 94, 125, 109, 55, 111, 198)
2, (171, 227, 103, 85, 91, 54, 98, 240)
2, (219, 200, 115, 126, 113, 56, 108, 222)
2, (137, 217, 97, 75, 97, 53, 100, 238)
2, (164, 187, 111, 150, 104, 59, 115, 233)
2, (138, 229, 96, 84, 90, 53, 97, 241)
2, (169, 184, 111, 175, 92, 70, 114, 229)
2, (144, 274, 108, 78, 84, 56, 103, 153)
2, (174, 181, 113, 158, 76, 68, 110, 230)
2, (133, 228, 97, 74, 81, 53, 105, 104)
2, (187, 205, 115, 156, 77, 61, 106, 195)
2, (152, 230, 86, 78, 82, 54, 96, 83)
2, (193, 173, 88, 155, 74, 63, 107, 220)
2, (172, 216, 93, 84, 77, 52, 82, 289)
2, (180, 203, 97, 134, 60, 57, 81, 232)
2, (180, 229, 101, 70, 84, 54, 78, 302)
2, (174, 201, 104, 95, 69, 47, 80, 231)
2, (199, 189, 85, 69, 83, 51, 71, 309)
2, (174, 208, 101, 98, 68, 52, 85, 230)
2, (217, 188, 88, 72, 83, 51, 77, 312)
2, (170, 229, 90, 97, 62, 54, 87, 227)
2, (217, 181, 83, 107, 92, 53, 91, 316)
2, (170, 223, 95, 107, 64, 50, 85, 265)
2, (209, 224, 76, 108, 91, 48, 88, 157)
2, (161, 205, 88, 124, 79, 48, 78, 247)
2, (219, 213, 62, 109, 79, 50, 96, 125)
2, (179, 214, 78, 127, 73, 49, 81, 258)
2, (206, 209, 72, 117, 80, 46, 96, 107)
2, (241, 214, 73, 117, 69, 45, 73, 260)
2, (200, 205, 68, 117, 77, 48, 94, 125)
2, (232, 235, 83, 131, 72, 48, 80, 258)
2, (199, 217, 78, 98, 60, 48, 91, 121)
2, (235, 229, 81, 156, 72, 49, 76, 290)
2, (188, 218, 87, 96, 66, 45, 84, 232)
2, (244, 225, 81, 142, 62, 47, 90, 290)
2, (175, 202, 86, 105, 72, 48, 83, 243)
2, (265, 218, 76, 144, 58, 41, 94, 286)
2, (185, 204, 82, 116, 87, 51, 85, 244)
2, (200, 222, 84, 151, 67, 44, 96, 281)
2, (182, 203, 84, 117, 92, 54, 79, 233)
2, (201, 159, 88, 138, 72, 40, 87, 286)
2, (179, 260, 84, 112, 88, 51, 74, 232)
2, (208, 164, 96, 96, 73, 41, 104, 265)
2, (203, 228, 79, 115, 79, 52, 92, 112)
2, (211, 161, 110, 86, 69, 41, 95, 259)
2, (219, 231, 92, 103, 72, 47, 87, 162)
2, (184, 164, 115, 72, 71, 44, 97, 269)
2, (211, 227, 98, 79, 58, 48, 86, 252)
2, (212, 165, 119, 62, 73, 45, 105, 268)
2, (217, 234, 100, 85, 48, 47, 101, 265)
2, (221, 207, 114, 66, 74, 47, 107, 262)
2, (220, 221, 98, 79, 58, 49, 100, 273)
2, (219, 215, 108, 77, 70, 47, 104, 169)
2, (226, 222, 105, 75, 69, 51, 93, 275)
2, (213, 218, 100, 72, 73, 51, 104, 259)
3, (236, 271, 102, 114, 78, 61, 120, 274)
3, (224, 221, 106, 131, 77, 56, 122, 270)
3, (222, 222, 92, 126, 80, 56, 121, 264)
3, (215, 241, 93, 112, 86, 56, 145, 273)
3, (212, 270, 98, 109, 91, 60, 161, 255)
3, (193, 269, 112, 110, 92, 62, 154, 247)
3, (220, 281, 124, 90, 94, 64, 156, 258)
3, (217, 273, 128, 90, 89, 68, 158, 260)
3, (214, 260, 143, 108, 85, 68, 139, 254)
3, (215, 202, 154, 107, 78, 64, 117, 232)
3, (219, 243, 157, 133, 78, 60, 121, 231)
3, (174, 226, 143, 137, 76, 58, 116, 230)
3, (166, 234, 144, 138, 81, 57, 110, 239)
3, (208, 230, 134, 129, 81, 58, 102, 299)
3, (217, 264, 120, 131, 72, 58, 98, 287)
3, (233, 229, 139, 134, 78, 60, 98, 291)
3, (221, 219, 144, 146, 88, 66, 94, 282)
3, (237, 223, 139, 148, 89, 68, 96, 280)
3, (215, 221, 134, 148, 80, 66, 99, 336)
3, (215, 162, 125, 147, 83, 62, 102, 298)
3, (211, 237, 104, 127, 75, 59, 106, 293)
3, (214, 245, 93, 123, 64, 53, 112, 301)
3, (193, 255, 93, 126, 79, 59, 124, 321)
3, (184, 274, 91, 133, 93, 60, 129, 236)
3, (190, 311, 117, 150, 98, 64, 126, 238)
3, (190, 255, 120, 158, 99, 64, 119, 238)
3, (214, 264, 126, 142, 97, 61, 112, 231)
3, (217, 276, 136, 141, 88, 57, 93, 220)
3, (319, 276, 143, 153, 88, 56, 79, 288)
3, (314, 233, 136, 141, 83, 51, 86, 291)
3, (301, 231, 129, 132, 88, 57, 95, 295)
3, (346, 299, 132, 134, 89, 57, 103, 293)
3, (365, 279, 129, 145, 92, 57, 113, 328)
3, (286, 273, 126, 124, 92, 54, 120, 275)
3, (303, 285, 114, 113, 90, 56, 122, 270)
3, (303, 297, 108, 118, 85, 58, 125, 265)
3, (242, 220, 99, 131, 84, 57, 118, 269)
3, (218, 224, 98, 114, 82, 53, 117, 328)
4, (170, 218, 116, 133, 100, 69, 146, 363)
4, (176, 237, 124, 100, 84, 67, 151, 403)
4, (205, 209, 126, 85, 85, 62, 148, 263)
4, (196, 191, 128, 98, 80, 55, 130, 264)
4, (195, 276, 135, 104, 83, 60, 135, 271)
4, (218, 284, 135, 111, 84, 61, 141, 267)
4, (255, 273, 127, 111, 88, 63, 140, 300)
4, (225, 264, 116, 118, 83, 65, 138, 285)
4, (258, 315, 116, 115, 82, 70, 143, 287)
4, (263, 243, 112, 111, 66, 56, 102, 281)
4, (251, 240, 102, 119, 70, 55, 100, 282)
4, (210, 265, 108, 123, 76, 59, 110, 273)
5, (198, 252, 119, 103, 78, 60, 128, 381)
5, (222, 258, 117, 111, 75, 61, 130, 308)
5, (213, 193, 86, 105, 67, 52, 120, 307)
5, (202, 212, 92, 111, 80, 57, 129, 361)
5, (219, 244, 95, 112, 84, 59, 125, 333)
5, (207, 251, 85, 111, 77, 55, 123, 245)
5, (223, 249, 103, 102, 78, 53, 127, 255)
5, (237, 252, 115, 127, 85, 61, 123, 365)
5, (236, 234, 111, 131, 77, 59, 121, 304)
5, (232, 237, 118, 131, 85, 75, 141, 306)
5, (234, 190, 113, 160, 95, 76, 159, 322)
5, (207, 194, 97, 159, 97, 78, 155, 373)
5, (220, 197, 95, 138, 89, 71, 146, 312)
5, (215, 239, 92, 123, 90, 70, 147, 310)
5, (215, 209, 95, 126, 80, 60, 127, 311)
5, (212, 203, 99, 86, 73, 67, 128, 303)
5, (209, 198, 96, 89, 88, 64, 135, 313)
5, (199, 203, 90, 106, 91, 67, 137, 262)
5, (222, 159, 91, 103, 87, 66, 134, 272)
5, (227, 152, 87, 104, 91, 58, 127, 281)
5, (232, 171, 87, 100, 88, 46, 100, 289)
5, (289, 219, 94, 103, 75, 49, 109, 355)
5, (271, 207, 94, 88, 72, 52, 124, 357)
5, (280, 212, 90, 105, 76, 55, 128, 361)
5, (271, 220, 86, 133, 86, 57, 128, 360)
5, (270, 244, 100, 144, 89, 63, 132, 474)
5, (208, 215, 102, 143, 92, 66, 133, 366)
5, (217, 227, 108, 145, 102, 70, 151, 367)
