0, (217, 248, 235, 243, 104, 60, 122, 216)
0, (192, 247, 191, 223, 100, 50, 110, 335)
0, (174, 271, 175, 169, 84, 51, 112, 336)
0, (173, 298, 189, 172, 79, 57, 124, 342)
0, (183, 299, 188, 214, 90, 60, 122, 315)
0, (206, 301, 218, 240, 90, 62, 127, 372)
0, (197, 388, 225, 255, 87, 61, 132, 315)
0, (201, 402, 241, 251, 89, 61, 142, 320)
0, (204, 388, 238, 237, 95, 94, 172, 320)
0, (207, 392, 224, 230, 83, 94, 174, 316)
0, (164, 419, 182, 199, 84, 95, 161, 244)
0, (182, 364, 176, 189, 87, 98, 168, 189)
0, (176, 357, 162, 196, 98, 101, 162, 214)
0, (202, 364, 200, 192, 93, 83, 135, 237)
0, (199, 392, 217, 185, 92, 79, 136, 237)
0, (192, 348, 214, 184, 88, 77, 131, 319)
0, (170, 337, 220, 186, 95, 78, 123, 308)
0, (167, 324, 232, 196, 81, 74, 129, 276)
0, (132, 348, 205, 243, 90, 67, 127, 251)
0, (115, 302, 220, 325, 95, 72, 125, 246)
0, (128, 301, 246, 342, 89, 82, 148, 329)
0, (126, 278, 243, 340, 79, 80, 141, 340)
0, (133, 319, 249, 344, 78, 80, 141, 345)
0, (135, 308, 249, 354, 84, 105, 188, 352)
0, (140, 325, 215, 261, 85, 104, 208, 357)
0, (224, 352, 192, 245, 88, 95, 203, 181)
0, (231, 387, 202, 235, 89, 95, 201, 155)
0, (233, 400, 223, 281, 99, 100, 206, 322)
0, (224, 367, 232, 233, 84, 68, 153, 316)
0, (225, 367, 236, 237, 79, 66, 139, 317)
0, (142, 351, 231, 231, 82, 69, 124, 313)
0, (131, 312, 250, 258, 87, 70, 129, 322)
0, (137, 225, 224, 182, 75, 67, 124, 146)
0, (137, 232, 206, 172, 73, 60, 125, 134)
0, (133, 217, 236, 180, 75, 56, 115, 119)
0, (109, 179, 237, 174, 71, 54, 113, 104)
0, (106, 203, 202, 129, 64, 50, 107, 73)
0, (77, 200, 184, 124, 68, 37, 82, 55)
0, (76, 233, 179, 120, 70, 35, 73, 48)
0, (68, 229, 129, 84, 66, 37, 40, 43)
0, (66, 261, 127, 66, 62, 31, 62, 43)
0, (97, 343, 140, 70, 65, 81, 66, 47)
1, (117, 393, 155, 64, 88, 89, 91, 89)
1, (121, 393, 167, 69, 96, 91, 109, 102)
1, (141, 430, 181, 68, 96, 92, 119, 115)
1, (147, 426, 181, 73, 102, 95, 118, 115)
1, (144, 368, 175, 71, 102, 91, 142, 122)
1, (147, 313, 160, 80, 91, 88, 140, 108)
1, (143, 297, 158, 74, 81, 86, 141, 99)
1, (125, 262, 144, 73, 85, 118, 134, 85)
1, (139, 249, 153, 76, 83, 123, 148, 90)
1, (147, 244, 146, 73, 76, 104, 126, 77)
1, (135, 292, 149, 67, 69, 104, 115, 63)
1, (163, 327, 140, 63, 70, 104, 96, 66)
1, (170, 329, 137, 64, 60, 66, 106, 65)
1, (164, 364, 119, 72, 52, 51, 87, 67)
1, (165, 371, 113, 75, 52, 67, 100, 70)
1, (173, 369, 114, 74, 49, 65, 107, 71)
1, (151, 343, 121, 80, 50, 65, 110, 67)
1, (155, 354, 111, 80, 72, 69, 116, 78)
1, (156, 339, 111, 69, 76, 79, 134, 76)
1, (151, 327, 117, 65, 77, 90, 126, 73)
1, (169, 357, 121, 67, 75, 100, 129, 78)
1, (188, 346, 118, 63, 73, 102, 137, 80)
1, (183, 375, 132, 68, 56, 101, 131, 72)
1, (190, 386, 129, 68, 55, 94, 110, 65)
1, (203, 400, 130, 77, 55, 72, 124, 68)
1, (178, 394, 135, 74, 53, 58, 127, 69)
1, (180, 413, 139, 78, 52, 57, 117, 73)
2, (200, 392, 127, 78, 62, 53, 123, 74)
2, (201, 380, 132, 73, 62, 55, 132, 74)
2, (193, 382, 150, 65, 72, 54, 127, 76)
2, (213, 413, 157, 76, 78, 50, 115, 66)
2, (193, 393, 144, 69, 77, 47, 123, 56)
2, (211, 364, 164, 63, 67, 44, 106, 50)
2, (214, 386, 171, 68, 67, 40, 90, 56)
2, (214, 396, 157, 72, 67, 88, 95, 54)
2, (192, 306, 146, 68, 61, 90, 102, 53)
2, (195, 343, 161, 66, 63, 91, 92, 58)
2, (212, 402, 154, 71, 69, 95, 115, 64)
2, (217, 368, 151, 69, 66, 94, 114, 60)
2, (211, 355, 148, 66, 61, 48, 97, 58)
2, (225, 361, 146, 59, 60, 75, 107, 60)
2, (240, 370, 133, 63, 64, 82, 107, 61)
2, (199, 389, 156, 61, 62, 83, 90, 59)
2, (182, 408, 153, 57, 71, 84, 99, 62)
2, (181, 415, 157, 60, 73, 86, 99, 62)
2, (187, 433, 151, 68, 74, 66, 86, 59)
2, (190, 410, 156, 70, 78, 57, 86, 61)
2, (194, 363, 127, 67, 74, 54, 95, 58)
2, (202, 353, 149, 90, 66, 91, 104, 57)
2, (207, 352, 154, 131, 59, 102, 148, 82)
2, (218, 391, 196, 154, 69, 108, 194, 128)
2, (223, 393, 197, 206, 76, 113, 200, 131)
2, (225, 389, 201, 221, 76, 111, 196, 221)
2, (220, 408, 184, 214, 78, 93, 207, 273)
2, (208, 397, 191, 215, 83, 87, 194, 293)
2, (209, 340, 168, 250, 106, 94, 179, 337)
2, (188, 352, 169, 246, 106, 89, 184, 380)
2, (209, 343, 167, 237, 111, 97, 183, 370)
2, (211, 311, 181, 239, 115, 89, 163, 336)
2, (244, 418, 187, 224, 110, 85, 163, 332)
2, (249, 428, 204, 193, 97, 85, 166, 280)
2, (254, 427, 203, 174, 103, 87, 163, 225)
2, (226, 433, 206, 177, 100, 83, 175, 293)
2, (226, 470, 212, 192, 94, 83, 173, 301)
2, (205, 408, 197, 196, 97, 79, 162, 290)
2, (203, 424, 184, 172, 89, 66, 134, 292)
2, (208, 407, 187, 143, 69, 68, 145, 296)
2, (213, 401, 178, 151, 70, 64, 134, 203)
2, (211, 367, 192, 177, 74, 65, 136, 194)
2, (234, 332, 194, 167, 78, 67, 129, 182)
2, (241, 302, 196, 169, 75, 72, 130, 179)
2, (237, 339, 220, 169, 82, 67, 109, 187)
2, (230, 376, 233, 162, 79, 69, 108, 176)
2, (257, 371, 229, 137, 87, 77, 123, 271)
2, (254, 375, 225, 163, 94, 84, 136, 291)
2, (221, 410, 224, 157, 93, 83, 131, 285)
2, (213, 373, 200, 163, 93, 85, 126, 271)
2, (214, 306, 193, 169, 92, 88, 128, 262)
2, (178, 336, 173, 157, 112, 83, 115, 208)
2, (165, 406, 173, 135, 107, 79, 104, 247)
2, (170, 386, 180, 205, 106, 73, 100, 260)
2, (197, 399, 178, 204, 98, 69, 106, 263)
2, (198, 406, 169, 201, 118, 61, 96, 258)
2, (204, 384, 156, 252, 111, 59, 95, 330)
2, (204, 316, 182, 250, 106, 65, 124, 293)
2, (208, 318, 181, 209, 111, 65, 121, 285)
2, (202, 297, 182, 214, 124, 72, 118, 315)
2, (216, 299, 198, 209, 108, 73, 122, 368)
2, (217, 307, 217, 146, 91, 85, 124, 329)
2, (218, 301, 214, 160, 95, 83, 107, 322)
2, (245, 264, 211, 181, 99, 79, 107, 341)
2, (246, 272, 224, 182, 89, 79, 111, 337)
2, (234, 266, 212, 192, 91, 79, 108, 365)
2, (246, 264, 225, 216, 111, 86, 140, 322)
2, (243, 306, 209, 214, 120, 84, 129, 353)
2, (218, 321, 193, 196, 117, 85, 126, 344)
2, (290, 285, 184, 204, 93, 57, 97, 351)
2, (221, 367, 173, 198, 119, 78, 121, 329)
2, (305, 287, 174, 176, 90, 56, 96, 307)
2, (236, 420, 188, 211, 123, 81, 135, 323)
2, (280, 272, 189, 187, 95, 54, 99, 349)
2, (216, 417, 173, 198, 107, 57, 108, 363)
2, (280, 335, 201, 211, 99, 48, 108, 413)
2, (254, 384, 194, 195, 95, 50, 104, 339)
2, (274, 382, 205, 211, 89, 48, 110, 344)
3, (268, 260, 195, 228, 93, 57, 100, 263)
3, (292, 292, 239, 233, 109, 78, 97, 263)
3, (278, 260, 246, 236, 104, 91, 112, 270)
3, (292, 279, 269, 181, 98, 91, 114, 319)
3, (281, 313, 258, 159, 97, 88, 122, 365)
3, (291, 356, 259, 183, 100, 89, 115, 362)
3, (288, 335, 212, 175, 91, 73, 116, 358)
3, (277, 356, 215, 221, 99, 54, 97, 356)
3, (275, 397, 236, 233, 97, 52, 105, 348)
3, (299, 385, 211, 240, 96, 58, 108, 226)
3, (297, 418, 205, 232, 90, 54, 107, 225)
3, (287, 460, 212, 229, 84, 56, 114, 225)
3, (315, 457, 205, 211, 85, 58, 118, 239)
3, (321, 417, 148, 204, 89, 67, 122, 225)
3, (315, 427, 213, 215, 94, 71, 114, 254)
3, (290, 412, 276, 217, 99, 74, 121, 259)
3, (266, 397, 279, 219, 97, 75, 124, 267)
3, (233, 390, 289, 199, 86, 75, 125, 258)
3, (233, 422, 294, 201, 78, 69, 120, 312)
3, (203, 434, 275, 197, 76, 61, 115, 306)
3, (205, 402, 223, 206, 93, 60, 112, 309)
3, (242, 376, 223, 213, 92, 60, 96, 316)
3, (258, 378, 215, 217, 92, 58, 91, 316)
3, (252, 339, 215, 210, 95, 57, 78, 314)
3, (245, 308, 182, 213, 103, 56, 95, 313)
3, (262, 338, 175, 189, 86, 55, 88, 316)
3, (253, 346, 172, 172, 86, 47, 86, 308)
3, (251, 377, 163, 169, 88, 47, 90, 366)
3, (237, 376, 167, 161, 84, 50, 95, 295)
3, (265, 380, 197, 179, 75, 53, 86, 336)
3, (269, 355, 193, 180, 73, 56, 95, 335)
3, (262, 332, 186, 180, 77, 62, 101, 331)
3, (265, 277, 183, 179, 93, 61, 93, 351)
4, (255, 387, 176, 183, 86, 82, 159, 355)
4, (258, 381, 180, 181, 91, 74, 127, 346)
4, (266, 396, 173, 193, 92, 76, 130, 347)
4, (267, 364, 160, 200, 84, 70, 125, 348)
4, (304, 401, 170, 180, 79, 76, 135, 374)
4, (281, 386, 156, 191, 75, 71, 133, 325)
4, (257, 352, 160, 196, 62, 68, 130, 341)
4, (265, 395, 163, 189, 63, 66, 141, 357)
4, (237, 477, 162, 185, 64, 77, 153, 353)
4, (231, 445, 165, 183, 69, 66, 131, 330)
4, (233, 442, 166, 165, 78, 63, 129, 392)
4, (252, 451, 178, 140, 80, 64, 126, 313)
4, (244, 390, 183, 157, 74, 67, 110, 310)
4, (331, 290, 194, 146, 78, 61, 98, 319)
4, (305, 324, 189, 149, 87, 65, 81, 376)
4, (309, 324, 225, 152, 80, 67, 77, 340)
4, (305, 288, 215, 166, 80, 70, 93, 345)
4, (327, 323, 204, 155, 89, 64, 96, 331)
4, (235, 306, 198, 223, 97, 59, 92, 333)
4, (250, 263, 232, 224, 90, 56, 91, 312)
5, (207, 303, 200, 212, 133, 75, 136, 295)
5, (229, 327, 204, 218, 135, 76, 111, 245)
5, (235, 342, 206, 209, 123, 77, 110, 225)
5, (266, 402, 223, 193, 117, 79, 116, 304)
5, (239, 376, 210, 189, 120, 74, 121, 304)
5, (255, 373, 237, 175, 99, 71, 143, 305)
5, (238, 358, 231, 172, 85, 65, 145, 335)
5, (230, 349, 236, 155, 81, 62, 142, 295)
5, (181, 302, 222, 166, 89, 66, 148, 304)
5, (182, 282, 218, 174, 75, 66, 147, 348)
5, (161, 306, 226, 202, 100, 75, 138, 343)
5, (146, 322, 231, 218, 100, 75, 136, 323)
5, (166, 383, 217, 262, 119, 87, 146, 316)
5, (161, 355, 199, 255, 112, 81, 142, 243)
5, (203, 370, 205, 257, 111, 82, 137, 333)
5, (209, 357, 159, 221, 90, 70, 116, 339)
5, (217, 384, 153, 210, 103, 75, 117, 326)
5, (208, 311, 169, 180, 88, 62, 102, 331)
5, (221, 345, 175, 185, 88, 65, 114, 337)
5, (229, 332, 186, 186, 97, 80, 130, 216)
5, (269, 321, 196, 181, 101, 84, 139, 292)
5, (263, 271, 202, 172, 92, 76, 135, 291)
5, (272, 272, 199, 216, 113, 79, 134, 284)
5, (267, 290, 184, 226, 112, 82, 114, 274)
5, (248, 330, 179, 228, 117, 66, 92, 295)
5, (216, 335, 199, 260, 115, 60, 73, 276)
5, (220, 345, 195, 266, 117, 65, 74, 277)
5, (206, 335, 222, 237, 99, 71, 84, 279)
5, (216, 354, 270, 227, 106, 72, 97, 288)
5, (208, 352, 302, 227, 95, 87, 132, 244)
5, (205, 351, 312, 218, 91, 88, 142, 339)
5, (205, 374, 333, 217, 88, 89, 146, 352)
5, (205, 393, 327, 198, 97, 83, 153, 353)
5, (200, 431, 318, 210, 97, 83, 149, 353)
5, (186, 399, 282, 200, 110, 72, 125, 346)
5, (188, 417, 273, 179, 111, 70, 128, 233)
5, (212, 455, 282, 174, 133, 70, 124, 260)
5, (207, 487, 288, 160, 125, 71, 109, 260)
5, (225, 416, 259, 143, 119, 71, 115, 277)
5, (266, 453, 271, 132, 107, 73, 111, 320)
5, (253, 434, 250, 148, 103, 73, 95, 324)
5, (225, 382, 213, 152, 73, 72, 104, 294)
5, (231, 342, 172, 165, 66, 72, 126, 342)
5, (229, 346, 162, 187, 78, 70, 129, 329)
5, (203, 301, 143, 186, 83, 74, 158, 361)
5, (199, 299, 152, 176, 86, 73, 159, 337)
5, (197, 285, 145, 198, 89, 73, 153, 385)
5, (216, 322, 185, 206, 102, 71, 135, 356)
5, (216, 313, 189, 185, 97, 73, 149, 438)
5, (190, 371, 193, 195, 97, 64, 117, 379)
5, (194, 379, 190, 189, 106, 67, 130, 400)
5, (209, 384, 196, 164, 107, 69, 144, 472)
5, (187, 344, 173, 179, 101, 72, 147, 464)
5, (155, 345, 174, 191, 102, 64, 127, 386)
5, (175, 346, 172, 199, 105, 68, 152, 406)
5, (207, 344, 167, 209, 93, 66, 159, 472)
5, (219, 345, 168, 203, 86, 65, 153, 355)
5, (229, 382, 186, 191, 82, 72, 153, 360)
5, (279, 376, 184, 198, 82, 77, 164, 379)
5, (279, 298, 189, 191, 85, 70, 143, 410)
5, (278, 292, 192, 185, 88, 71, 122, 298)
5, (257, 318, 185, 194, 88, 65, 120, 302)
5, (292, 282, 201, 201, 83, 58, 121, 339)
5, (254, 271, 218, 211, 83, 55, 103, 390)
5, (246, 283, 230, 219, 89, 63, 118, 340)
5, (240, 282, 220, 265, 92, 65, 125, 341)
5, (276, 230, 217, 260, 95, 91, 154, 342)
5, (237, 274, 182, 244, 99, 90, 154, 386)
5, (233, 352, 159, 249, 113, 90, 157, 426)
5, (229, 349, 149, 240, 110, 89, 146, 430)
5, (244, 357, 181, 188, 108, 90, 139, 440)
5, (234, 368, 216, 197, 119, 64, 97, 473)
5, (229, 404, 268, 202, 123, 65, 107, 448)
5, (243, 341, 271, 167, 110, 71, 104, 329)
5, (240, 338, 269, 197, 99, 69, 112, 334)
5, (238, 341, 268, 206, 95, 63, 118, 382)
5, (213, 337, 249, 192, 79, 66, 125, 352)
5, (205, 273, 192, 188, 72, 70, 120, 301)
5, (220, 282, 190, 189, 65, 61, 114, 306)
5, (229, 322, 242, 145, 71, 66, 130, 335)
5, (224, 383, 226, 150, 78, 78, 160, 343)
5, (224, 382, 222, 142, 79, 79, 154, 324)
5, (254, 398, 225, 144, 86, 80, 154, 323)
5, (233, 395, 225, 174, 89, 84, 174, 330)
