0, (258, 80, 178, 158, 200, 67, 97, 93)
0, (269, 95, 168, 140, 194, 71, 100, 84)
0, (254, 97, 180, 131, 195, 74, 106, 84)
0, (266, 96, 152, 138, 194, 74, 94, 86)
0, (344, 109, 234, 158, 125, 80, 115, 91)
0, (319, 108, 255, 157, 104, 70, 114, 92)
0, (285, 97, 259, 171, 102, 62, 106, 92)
0, (281, 96, 247, 175, 110, 55, 101, 117)
0, (283, 103, 267, 176, 133, 63, 106, 120)
0, (189, 93, 192, 126, 114, 51, 72, 109)
0, (177, 84, 171, 118, 114, 51, 70, 109)
0, (187, 90, 173, 105, 118, 68, 92, 111)
0, (222, 91, 184, 97, 126, 68, 91, 107)
0, (240, 88, 168, 113, 109, 64, 86, 98)
0, (224, 90, 168, 120, 110, 71, 104, 98)
0, (244, 87, 166, 136, 120, 73, 112, 95)
0, (261, 93, 173, 170, 120, 66, 103, 112)
0, (236, 93, 161, 176, 110, 65, 102, 91)
0, (225, 89, 154, 174, 98, 75, 119, 94)
0, (228, 99, 168, 171, 106, 72, 105, 93)
0, (205, 109, 171, 165, 100, 72, 102, 94)
0, (164, 100, 165, 154, 101, 68, 107, 92)
0, (159, 100, 164, 143, 96, 67, 110, 94)
0, (160, 116, 190, 149, 111, 67, 110, 87)
0, (160, 110, 171, 148, 113, 68, 111, 85)
0, (196, 109, 164, 141, 115, 68, 113, 87)
0, (191, 106, 151, 110, 116, 65, 104, 58)
0, (192, 109, 153, 111, 121, 68, 98, 48)
0, (163, 88, 105, 75, 109, 63, 90, 45)
0, (152, 79, 105, 79, 109, 61, 88, 46)
0, (82, 69, 90, 82, 107, 56, 73, 34)
0, (80, 68, 90, 93, 118, 67, 68, 31)
0, (67, 63, 90, 96, 118, 67, 66, 34)
0, (91, 76, 90, 106, 114, 56, 40, 32)
0, (99, 94, 86, 99, 115, 50, 40, 32)
0, (108, 95, 81, 98, 114, 51, 39, 32)
0, (125, 101, 68, 87, 99, 38, 39, 33)
0, (128, 104, 43, 87, 108, 34, 54, 32)
0, (120, 97, 39, 74, 111, 43, 67, 36)
0, (126, 85, 40, 82, 105, 46, 63, 38)
0, (126, 99, 43, 84, 114, 49, 65, 40)
0, (145, 105, 47, 83, 115, 52, 74, 40)
0, (158, 101, 50, 92, 113, 53, 75, 42)
0, (155, 130, 52, 90, 117, 62, 72, 39)
0, (166, 128, 56, 91, 112, 64, 74, 37)
0, (175, 118, 54, 87, 109, 64, 74, 39)
0, (152, 122, 47, 86, 109, 67, 66, 36)
0, (144, 131, 51, 72, 102, 69, 65, 36)
0, (146, 112, 56, 76, 100, 57, 55, 43)
0, (153, 118, 51, 58, 113, 57, 69, 48)
0, (160, 113, 52, 88, 106, 59, 76, 48)
0, (157, 108, 52, 91, 113, 56, 80, 52)
0, (166, 97, 51, 89, 113, 51, 72, 52)
0, (179, 97, 48, 91, 113, 53, 73, 49)
0, (178, 107, 47, 99, 110, 53, 60, 49)
0, (141, 113, 43, 89, 150, 48, 56, 40)
0, (113, 99, 45, 99, 152, 50, 61, 35)
0, (129, 98, 57, 99, 154, 51, 66, 34)
0, (150, 93, 61, 107, 151, 51, 70, 40)
0, (154, 89, 62, 108, 166, 57, 77, 45)
0, (170, 87, 59, 104, 126, 62, 74, 44)
0, (210, 90, 60, 88, 116, 56, 74, 42)
0, (214, 111, 46, 85, 113, 57, 75, 44)
0, (202, 106, 44, 82, 118, 57, 74, 37)
0, (208, 112, 45, 76, 124, 51, 70, 37)
0, (192, 106, 56, 90, 155, 52, 62, 44)
0, (208, 100, 53, 91, 163, 54, 59, 46)
0, (202, 104, 66, 92, 144, 54, 60, 42)
0, (158, 107, 58, 96, 132, 49, 59, 39)
0, (172, 109, 59, 98, 135, 60, 74, 41)
0, (188, 96, 48, 87, 119, 67, 88, 48)
0, (190, 104, 52, 94, 120, 61, 76, 46)
0, (202, 107, 55, 94, 123, 59, 78, 40)
0, (198, 121, 55, 92, 127, 59, 82, 42)
0, (216, 126, 57, 94, 103, 65, 93, 45)
1, (160, 111, 50, 78, 110, 52, 58, 49)
1, (160, 117, 49, 78, 102, 51, 51, 46)
1, (154, 118, 44, 86, 107, 52, 52, 43)
1, (237, 124, 55, 71, 136, 50, 72, 44)
1, (200, 124, 53, 79, 143, 52, 64, 46)
1, (173, 106, 56, 92, 124, 54, 65, 42)
1, (167, 109, 60, 93, 115, 60, 72, 43)
1, (163, 101, 46, 91, 122, 62, 71, 43)
1, (208, 118, 57, 93, 124, 64, 78, 46)
1, (206, 128, 54, 81, 126, 58, 75, 44)
1, (215, 138, 51, 78, 130, 66, 83, 45)
1, (221, 150, 50, 89, 130, 65, 68, 38)
1, (230, 147, 50, 76, 123, 62, 71, 38)
1, (226, 145, 45, 72, 119, 58, 83, 38)
1, (231, 137, 45, 78, 114, 61, 82, 40)
1, (226, 132, 46, 91, 119, 46, 73, 36)
1, (192, 102, 54, 94, 129, 49, 71, 38)
1, (190, 96, 51, 94, 125, 58, 88, 41)
1, (216, 133, 53, 83, 96, 67, 93, 45)
1, (209, 144, 52, 78, 95, 64, 78, 40)
1, (214, 136, 87, 120, 109, 68, 117, 55)
1, (257, 122, 106, 150, 98, 75, 162, 58)
1, (243, 120, 110, 147, 102, 80, 184, 61)
1, (246, 118, 115, 153, 108, 77, 193, 63)
1, (235, 111, 129, 184, 112, 79, 197, 66)
1, (210, 105, 109, 184, 105, 77, 180, 64)
1, (201, 108, 99, 168, 122, 85, 161, 65)
1, (248, 103, 108, 179, 127, 82, 136, 64)
1, (265, 99, 105, 179, 124, 85, 135, 65)
1, (267, 102, 104, 169, 143, 93, 157, 76)
1, (284, 118, 107, 148, 153, 96, 153, 68)
1, (263, 131, 99, 143, 143, 89, 147, 82)
1, (215, 136, 94, 149, 139, 88, 141, 86)
2, (208, 165, 92, 160, 163, 86, 134, 88)
2, (261, 180, 75, 179, 155, 83, 119, 83)
2, (266, 179, 85, 213, 142, 80, 126, 84)
2, (260, 119, 201, 158, 86, 73, 124, 98)
2, (247, 169, 95, 225, 146, 76, 114, 75)
2, (272, 133, 199, 177, 105, 71, 120, 87)
2, (275, 172, 90, 214, 140, 73, 118, 74)
2, (280, 153, 199, 176, 123, 69, 121, 90)
2, (278, 150, 104, 224, 112, 77, 121, 78)
2, (264, 154, 198, 195, 128, 61, 121, 113)
2, (224, 138, 126, 207, 105, 65, 105, 73)
2, (282, 144, 189, 175, 125, 59, 120, 118)
2, (200, 127, 119, 181, 115, 65, 92, 72)
2, (299, 129, 146, 160, 128, 52, 101, 103)
2, (216, 142, 123, 187, 112, 58, 93, 65)
2, (284, 113, 139, 159, 130, 52, 107, 104)
2, (200, 131, 128, 200, 112, 64, 110, 62)
2, (281, 113, 136, 169, 142, 54, 105, 100)
2, (198, 134, 118, 195, 124, 58, 121, 52)
2, (299, 115, 144, 184, 150, 56, 112, 101)
2, (214, 130, 97, 216, 127, 68, 132, 51)
2, (259, 111, 141, 194, 154, 63, 116, 93)
2, (221, 128, 95, 217, 139, 71, 137, 56)
2, (238, 111, 162, 217, 151, 71, 126, 98)
2, (211, 141, 92, 199, 144, 75, 132, 54)
2, (239, 115, 196, 231, 149, 72, 123, 109)
2, (230, 150, 99, 198, 148, 72, 122, 78)
2, (264, 130, 199, 228, 122, 69, 122, 110)
2, (234, 145, 127, 203, 145, 69, 105, 79)
2, (225, 130, 193, 199, 115, 72, 110, 81)
2, (235, 144, 137, 173, 141, 65, 98, 81)
2, (228, 131, 191, 193, 110, 69, 108, 80)
2, (262, 158, 147, 165, 126, 60, 93, 77)
2, (236, 135, 178, 176, 121, 79, 116, 83)
2, (269, 145, 151, 184, 136, 57, 87, 76)
2, (261, 136, 138, 137, 113, 79, 134, 104)
2, (263, 151, 143, 195, 138, 66, 81, 63)
2, (213, 107, 143, 139, 112, 80, 136, 104)
2, (257, 156, 121, 172, 137, 66, 94, 71)
2, (214, 122, 145, 128, 98, 78, 139, 105)
2, (266, 152, 111, 164, 149, 59, 85, 72)
2, (264, 128, 126, 150, 98, 74, 141, 107)
2, (239, 143, 113, 166, 145, 59, 84, 71)
2, (281, 125, 113, 167, 99, 63, 150, 109)
2, (240, 129, 110, 148, 129, 60, 96, 73)
2, (295, 119, 114, 166, 95, 63, 138, 85)
2, (232, 127, 118, 109, 121, 48, 88, 63)
2, (325, 128, 103, 162, 105, 66, 147, 85)
2, (246, 122, 115, 105, 104, 47, 83, 79)
2, (331, 121, 110, 181, 107, 81, 184, 103)
2, (229, 116, 124, 131, 105, 53, 106, 77)
2, (327, 121, 138, 183, 115, 81, 180, 115)
2, (231, 114, 113, 152, 110, 65, 121, 82)
2, (324, 145, 137, 157, 103, 75, 159, 108)
2, (257, 117, 101, 150, 120, 75, 121, 83)
2, (336, 150, 142, 160, 106, 77, 158, 102)
2, (244, 115, 113, 144, 120, 75, 124, 81)
2, (325, 145, 133, 152, 111, 73, 149, 102)
2, (215, 136, 115, 150, 123, 79, 130, 58)
2, (325, 148, 131, 134, 118, 58, 93, 84)
2, (223, 141, 102, 126, 108, 78, 120, 75)
2, (293, 159, 128, 113, 108, 62, 97, 79)
2, (219, 135, 117, 80, 112, 73, 109, 76)
2, (283, 140, 129, 127, 110, 73, 119, 82)
2, (202, 146, 123, 75, 113, 61, 102, 84)
2, (248, 141, 125, 118, 102, 75, 120, 83)
2, (220, 142, 107, 84, 111, 70, 114, 90)
2, (247, 149, 131, 118, 101, 76, 120, 89)
2, (243, 124, 107, 93, 110, 76, 122, 91)
2, (238, 139, 136, 110, 104, 76, 121, 91)
3, (167, 135, 220, 192, 104, 62, 93, 98)
3, (172, 132, 197, 185, 108, 63, 95, 80)
3, (180, 142, 183, 160, 116, 62, 94, 83)
3, (194, 144, 171, 114, 104, 59, 93, 113)
3, (203, 121, 190, 122, 125, 71, 109, 101)
3, (215, 111, 167, 123, 131, 71, 106, 98)
3, (229, 140, 161, 132, 126, 66, 102, 103)
3, (229, 133, 177, 141, 118, 65, 103, 120)
3, (252, 128, 179, 157, 127, 70, 101, 91)
3, (237, 130, 150, 152, 154, 57, 101, 88)
3, (231, 129, 160, 163, 142, 51, 101, 92)
3, (233, 91, 181, 185, 138, 50, 107, 106)
3, (260, 91, 164, 207, 150, 66, 111, 88)
3, (230, 84, 169, 196, 158, 73, 115, 91)
3, (217, 87, 165, 198, 120, 79, 97, 121)
3, (222, 95, 172, 198, 125, 78, 95, 117)
3, (208, 98, 148, 182, 136, 84, 89, 99)
3, (230, 139, 140, 144, 121, 81, 89, 105)
3, (237, 144, 130, 150, 104, 73, 99, 110)
3, (257, 161, 147, 163, 104, 65, 103, 77)
3, (315, 165, 145, 163, 104, 68, 102, 81)
3, (350, 167, 144, 165, 95, 68, 104, 80)
3, (318, 136, 138, 181, 118, 58, 101, 97)
3, (306, 138, 169, 227, 124, 57, 97, 94)
3, (304, 121, 163, 222, 120, 58, 94, 96)
3, (263, 105, 159, 214, 123, 54, 95, 92)
3, (223, 108, 167, 221, 126, 52, 100, 110)
3, (254, 104, 172, 208, 122, 54, 112, 89)
3, (267, 99, 149, 170, 140, 56, 99, 84)
3, (251, 97, 152, 158, 138, 58, 109, 87)
3, (231, 100, 140, 160, 136, 66, 113, 99)
3, (259, 98, 134, 141, 130, 65, 106, 79)
3, (254, 105, 132, 138, 115, 63, 90, 83)
3, (259, 104, 130, 128, 90, 69, 112, 85)
3, (272, 104, 121, 159, 108, 74, 162, 101)
3, (292, 112, 134, 173, 108, 66, 156, 89)
3, (304, 108, 151, 177, 107, 65, 159, 97)
3, (356, 112, 168, 180, 120, 73, 165, 100)
3, (350, 113, 169, 170, 111, 68, 157, 108)
3, (349, 103, 172, 146, 95, 64, 99, 89)
3, (354, 91, 166, 131, 99, 74, 108, 92)
3, (336, 110, 177, 145, 101, 75, 111, 89)
4, (302, 100, 143, 101, 116, 65, 135, 101)
4, (279, 100, 146, 131, 117, 66, 145, 113)
4, (241, 78, 129, 138, 109, 67, 149, 111)
4, (252, 82, 221, 143, 100, 66, 121, 87)
4, (255, 83, 237, 149, 104, 63, 126, 109)
4, (248, 88, 253, 147, 88, 61, 111, 108)
4, (265, 94, 254, 120, 86, 58, 92, 98)
4, (222, 93, 258, 133, 90, 60, 97, 102)
4, (211, 89, 214, 135, 114, 60, 106, 114)
4, (254, 105, 194, 121, 111, 50, 95, 95)
4, (283, 108, 165, 123, 117, 50, 95, 96)
4, (290, 105, 158, 127, 123, 64, 131, 100)
4, (273, 104, 149, 107, 134, 66, 128, 109)
4, (273, 109, 111, 108, 117, 66, 122, 89)
4, (239, 91, 126, 106, 125, 69, 121, 94)
4, (217, 88, 125, 104, 136, 75, 125, 116)
4, (205, 92, 129, 114, 126, 62, 91, 116)
4, (216, 95, 129, 129, 111, 62, 85, 102)
4, (203, 99, 123, 139, 111, 65, 89, 104)
4, (224, 105, 119, 145, 111, 64, 97, 121)
4, (204, 104, 121, 149, 93, 58, 91, 98)
4, (200, 100, 111, 152, 112, 60, 92, 89)
4, (207, 99, 108, 142, 131, 86, 108, 95)
4, (223, 99, 106, 128, 158, 93, 125, 117)
4, (272, 107, 102, 123, 147, 91, 118, 97)
4, (279, 104, 86, 113, 151, 93, 131, 98)
4, (273, 109, 99, 117, 148, 96, 139, 114)
4, (269, 113, 132, 117, 147, 73, 127, 106)
4, (277, 123, 170, 121, 117, 59, 117, 80)
4, (262, 118, 165, 163, 118, 69, 132, 84)
4, (248, 129, 203, 176, 121, 70, 121, 102)
4, (247, 124, 223, 194, 109, 63, 109, 83)
4, (231, 124, 219, 225, 102, 62, 114, 86)
4, (232, 133, 202, 220, 95, 67, 103, 102)
5, (203, 110, 150, 102, 127, 88, 157, 103)
5, (210, 108, 138, 104, 114, 88, 158, 105)
5, (251, 95, 149, 118, 113, 63, 106, 129)
5, (249, 124, 144, 121, 121, 69, 107, 119)
5, (296, 119, 137, 123, 130, 66, 105, 122)
5, (288, 112, 140, 126, 112, 58, 88, 123)
5, (288, 114, 138, 126, 117, 53, 83, 144)
5, (280, 139, 111, 118, 115, 55, 81, 112)
5, (273, 109, 106, 121, 118, 54, 75, 110)
5, (235, 111, 102, 134, 114, 62, 82, 109)
5, (230, 125, 117, 155, 129, 61, 95, 117)
5, (229, 135, 113, 153, 126, 60, 101, 89)
5, (228, 116, 129, 142, 130, 69, 117, 86)
5, (230, 124, 132, 148, 132, 76, 139, 100)
5, (220, 123, 130, 135, 127, 76, 148, 104)
5, (214, 111, 122, 120, 127, 80, 145, 93)
5, (205, 96, 126, 120, 131, 80, 141, 94)
5, (168, 96, 102, 127, 129, 76, 137, 112)
5, (215, 93, 127, 126, 114, 69, 121, 122)
5, (211, 104, 176, 147, 147, 64, 106, 117)
5, (210, 104, 168, 145, 140, 62, 107, 126)
5, (215, 106, 164, 141, 150, 62, 105, 123)
5, (287, 117, 163, 135, 158, 75, 120, 109)
5, (251, 111, 169, 130, 166, 72, 112, 90)
5, (241, 114, 123, 108, 135, 71, 118, 114)
5, (266, 117, 131, 90, 131, 71, 112, 103)
5, (313, 120, 129, 100, 121, 87, 134, 106)
5, (277, 104, 138, 101, 112, 77, 106, 105)
5, (290, 112, 102, 115, 107, 82, 112, 136)
5, (300, 99, 102, 111, 112, 84, 123, 116)
5, (296, 94, 99, 111, 111, 84, 126, 114)
5, (336, 114, 128, 101, 106, 64, 97, 118)
5, (311, 111, 122, 104, 107, 61, 132, 136)
5, (300, 106, 125, 93, 106, 65, 135, 100)
