0, (190, 194, 110, 94, 73, 51, 94, 260)
0, (168, 203, 111, 108, 74, 54, 107, 297)
0, (182, 210, 111, 99, 73, 60, 111, 257)
0, (202, 215, 115, 112, 74, 61, 114, 267)
0, (186, 222, 113, 108, 77, 65, 107, 267)
0, (182, 213, 121, 115, 68, 61, 101, 264)
0, (185, 207, 119, 99, 77, 58, 90, 306)
0, (214, 210, 107, 105, 78, 65, 123, 273)
0, (192, 196, 105, 106, 75, 68, 124, 264)
0, (191, 186, 101, 108, 67, 61, 128, 330)
0, (199, 153, 82, 117, 71, 64, 131, 338)
0, (192, 165, 82, 121, 60, 69, 162, 274)
0, (140, 160, 85, 115, 63, 58, 143, 262)
0, (160, 165, 83, 123, 70, 59, 144, 312)
0, (148, 171, 89, 121, 72, 65, 144, 245)
0, (161, 149, 93, 108, 69, 64, 146, 263)
0, (160, 188, 105, 117, 70, 58, 110, 333)
0, (170, 185, 113, 120, 81, 58, 100, 354)
0, (202, 190, 112, 116, 71, 58, 109, 313)
0, (198, 185, 105, 114, 69, 51, 105, 308)
0, (193, 233, 106, 123, 68, 47, 100, 313)
0, (191, 188, 124, 117, 69, 47, 104, 271)
0, (186, 194, 159, 110, 61, 57, 107, 249)
0, (128, 205, 156, 95, 60, 63, 131, 236)
0, (138, 202, 165, 107, 62, 62, 131, 237)
0, (127, 144, 173, 120, 77, 72, 141, 288)
0, (125, 165, 157, 117, 74, 73, 138, 253)
0, (131, 162, 117, 145, 70, 73, 159, 253)
0, (173, 143, 121, 152, 73, 68, 145, 266)
0, (165, 177, 121, 152, 80, 80, 160, 265)
0, (154, 175, 113, 133, 69, 80, 156, 163)
0, (155, 164, 129, 137, 74, 80, 155, 147)
0, (155, 227, 124, 102, 75, 72, 132, 128)
0, (135, 226, 121, 103, 79, 71, 119, 97)
0, (139, 203, 117, 89, 73, 56, 83, 74)
0, (145, 200, 112, 87, 71, 46, 66, 52)
0, (146, 195, 87, 78, 71, 41, 61, 52)
0, (132, 147, 85, 82, 67, 41, 53, 44)
0, (106, 156, 98, 62, 58, 35, 43, 44)
0, (103, 165, 95, 93, 69, 41, 60, 80)
0, (113, 175, 97, 98, 73, 41, 66, 90)
0, (123, 181, 98, 95, 69, 47, 66, 92)
1, (118, 164, 98, 90, 69, 46, 67, 93)
1, (115, 164, 96, 93, 73, 43, 62, 91)
1, (118, 154, 91, 63, 79, 39, 44, 62)
1, (107, 142, 90, 59, 72, 39, 35, 47)
1, (113, 150, 99, 59, 73, 32, 39, 40)
1, (113, 195, 109, 58, 75, 32, 37, 36)
1, (114, 187, 96, 54, 78, 42, 39, 33)
1, (102, 194, 98, 57, 65, 46, 51, 30)
1, (112, 206, 95, 69, 71, 46, 55, 40)
1, (97, 240, 87, 84, 79, 48, 55, 39)
1, (118, 207, 73, 85, 84, 49, 57, 42)
1, (113, 223, 95, 88, 83, 44, 58, 44)
1, (115, 218, 96, 83, 79, 43, 54, 46)
1, (126, 260, 97, 76, 75, 43, 51, 42)
1, (121, 238, 98, 67, 74, 41, 48, 46)
1, (121, 237, 107, 75, 86, 42, 50, 45)
1, (123, 221, 91, 74, 83, 49, 61, 50)
1, (124, 287, 92, 77, 83, 47, 60, 47)
1, (103, 247, 91, 68, 91, 46, 67, 46)
1, (119, 232, 86, 63, 87, 46, 71, 45)
1, (104, 244, 84, 65, 75, 48, 73, 47)
1, (107, 241, 79, 64, 73, 39, 61, 42)
1, (110, 215, 76, 62, 84, 42, 73, 46)
1, (114, 217, 80, 62, 81, 42, 71, 46)
1, (108, 215, 82, 60, 88, 45, 73, 45)
1, (103, 193, 72, 52, 82, 44, 71, 43)
1, (105, 203, 73, 53, 83, 45, 71, 42)
1, (100, 173, 65, 50, 76, 44, 59, 40)
1, (94, 189, 60, 60, 80, 46, 53, 38)
1, (109, 182, 64, 59, 68, 42, 47, 37)
1, (117, 189, 61, 52, 67, 42, 56, 42)
1, (112, 199, 60, 58, 88, 50, 61, 45)
1, (116, 234, 66, 72, 90, 52, 61, 42)
1, (127, 222, 65, 80, 85, 49, 66, 43)
1, (124, 230, 55, 80, 87, 50, 68, 46)
1, (121, 230, 56, 83, 91, 51, 69, 44)
1, (145, 236, 55, 88, 72, 44, 64, 43)
1, (146, 227, 50, 80, 74, 49, 70, 47)
1, (137, 226, 64, 64, 71, 50, 68, 46)
1, (132, 230, 67, 63, 78, 50, 64, 46)
1, (126, 221, 72, 63, 81, 50, 55, 43)
1, (95, 259, 105, 56, 85, 52, 60, 43)
2, (116, 232, 110, 51, 88, 45, 56, 38)
2, (115, 234, 110, 54, 93, 43, 55, 43)
2, (105, 230, 113, 59, 94, 45, 58, 44)
2, (112, 232, 113, 65, 99, 43, 56, 45)
2, (111, 230, 91, 63, 96, 40, 48, 45)
2, (116, 236, 99, 64, 88, 38, 45, 49)
2, (114, 234, 94, 62, 79, 40, 53, 44)
2, (111, 236, 89, 61, 74, 39, 53, 38)
2, (127, 299, 92, 52, 58, 35, 53, 38)
2, (138, 262, 86, 47, 60, 38, 54, 40)
2, (111, 243, 67, 43, 58, 38, 53, 38)
2, (118, 236, 60, 50, 60, 38, 44, 41)
2, (155, 284, 69, 47, 54, 36, 41, 44)
2, (139, 244, 59, 46, 52, 37, 48, 43)
2, (136, 235, 66, 48, 56, 42, 60, 45)
2, (152, 234, 70, 57, 59, 41, 58, 45)
2, (155, 269, 90, 55, 62, 39, 60, 45)
2, (136, 210, 83, 53, 64, 45, 67, 44)
2, (138, 174, 86, 52, 71, 45, 62, 43)
2, (142, 198, 86, 64, 63, 38, 50, 39)
2, (128, 209, 84, 58, 61, 39, 62, 41)
2, (131, 187, 64, 63, 61, 40, 66, 41)
2, (118, 188, 61, 71, 66, 34, 58, 43)
2, (128, 204, 78, 73, 63, 33, 62, 46)
2, (122, 182, 90, 61, 65, 39, 64, 47)
2, (142, 220, 93, 63, 68, 45, 62, 49)
2, (144, 224, 104, 55, 72, 46, 54, 47)
2, (155, 226, 109, 47, 75, 46, 55, 52)
2, (146, 211, 103, 44, 77, 45, 53, 51)
2, (144, 243, 91, 63, 93, 49, 53, 50)
2, (131, 217, 90, 71, 121, 45, 45, 45)
2, (121, 202, 80, 75, 117, 44, 49, 46)
2, (104, 196, 77, 72, 114, 47, 52, 39)
2, (102, 216, 68, 74, 119, 51, 52, 35)
2, (107, 176, 65, 62, 108, 42, 46, 35)
2, (102, 170, 61, 48, 74, 41, 51, 37)
2, (93, 176, 61, 43, 73, 41, 48, 36)
2, (104, 237, 65, 47, 69, 44, 57, 46)
2, (108, 233, 63, 43, 71, 46, 72, 47)
2, (102, 238, 66, 42, 68, 48, 74, 49)
2, (96, 227, 69, 53, 76, 52, 89, 49)
2, (106, 267, 71, 57, 78, 56, 91, 51)
2, (100, 220, 79, 58, 83, 54, 88, 43)
2, (106, 224, 87, 58, 72, 53, 80, 48)
2, (109, 230, 86, 66, 80, 52, 81, 46)
2, (122, 281, 84, 59, 79, 49, 64, 45)
2, (140, 231, 81, 59, 83, 49, 65, 48)
2, (146, 232, 66, 63, 82, 49, 64, 48)
2, (142, 266, 58, 73, 76, 46, 65, 45)
2, (139, 265, 63, 65, 80, 44, 63, 44)
2, (130, 229, 69, 67, 83, 44, 61, 43)
2, (99, 272, 70, 71, 78, 42, 76, 41)
2, (104, 270, 81, 68, 75, 38, 79, 39)
2, (100, 253, 92, 57, 83, 45, 81, 37)
2, (107, 314, 93, 61, 82, 49, 79, 44)
2, (126, 305, 95, 67, 77, 49, 82, 43)
2, (130, 284, 96, 62, 79, 46, 68, 44)
2, (113, 293, 93, 58, 84, 48, 62, 45)
2, (131, 283, 87, 62, 79, 43, 57, 45)
2, (137, 232, 83, 61, 69, 41, 62, 44)
2, (119, 228, 80, 53, 71, 42, 63, 42)
2, (116, 240, 78, 51, 72, 44, 63, 41)
2, (140, 269, 79, 57, 72, 42, 63, 38)
2, (133, 277, 77, 55, 70, 40, 60, 38)
2, (130, 258, 87, 53, 72, 42, 73, 54)
2, (137, 294, 79, 59, 68, 41, 71, 54)
2, (141, 267, 84, 63, 68, 39, 73, 56)
2, (125, 239, 87, 63, 69, 40, 71, 59)
2, (132, 221, 96, 64, 72, 44, 81, 62)
2, (122, 248, 90, 67, 71, 44, 74, 53)
2, (114, 247, 95, 61, 72, 43, 68, 55)
2, (115, 256, 90, 56, 68, 51, 73, 54)
2, (134, 259, 100, 59, 60, 50, 75, 54)
2, (123, 256, 98, 74, 72, 54, 71, 55)
2, (127, 250, 93, 72, 90, 52, 63, 49)
2, (131, 209, 90, 72, 89, 54, 72, 52)
2, (133, 213, 102, 75, 90, 49, 65, 51)
2, (110, 261, 89, 72, 90, 48, 66, 49)
2, (120, 267, 89, 58, 79, 41, 61, 47)
2, (114, 261, 92, 65, 57, 40, 61, 46)
2, (113, 271, 95, 67, 65, 47, 57, 45)
2, (122, 275, 92, 66, 72, 49, 60, 42)
2, (136, 227, 93, 69, 84, 50, 60, 41)
2, (124, 239, 83, 73, 87, 55, 68, 37)
2, (152, 276, 81, 67, 89, 59, 71, 39)
2, (151, 267, 77, 66, 85, 54, 69, 35)
2, (147, 261, 74, 74, 82, 54, 72, 40)
2, (147, 271, 75, 74, 67, 53, 74, 43)
2, (168, 275, 86, 82, 69, 49, 70, 47)
2, (161, 229, 87, 84, 68, 45, 75, 48)
2, (159, 225, 88, 104, 72, 43, 74, 48)
2, (203, 302, 104, 158, 70, 53, 78, 254)
2, (166, 257, 84, 120, 72, 46, 72, 80)
2, (203, 287, 100, 158, 74, 50, 83, 248)
2, (180, 265, 79, 133, 73, 47, 69, 107)
2, (190, 283, 99, 157, 72, 50, 87, 159)
2, (157, 248, 74, 126, 72, 52, 79, 110)
2, (154, 282, 74, 147, 82, 53, 92, 240)
2, (140, 236, 79, 128, 101, 58, 72, 112)
2, (155, 284, 71, 128, 80, 59, 106, 234)
2, (137, 250, 83, 114, 99, 61, 73, 114)
2, (139, 247, 83, 132, 81, 61, 119, 225)
2, (168, 262, 83, 89, 95, 58, 71, 93)
2, (144, 240, 91, 136, 85, 59, 114, 220)
2, (158, 240, 86, 71, 95, 61, 74, 96)
2, (141, 243, 87, 138, 79, 54, 110, 211)
2, (167, 238, 103, 112, 84, 64, 105, 265)
2, (143, 274, 91, 138, 71, 53, 101, 107)
2, (162, 208, 89, 100, 73, 53, 84, 183)
2, (168, 207, 91, 102, 77, 52, 84, 128)
2, (141, 277, 101, 101, 78, 57, 98, 97)
3, (159, 229, 110, 129, 86, 73, 128, 219)
3, (149, 238, 112, 135, 86, 72, 125, 266)
3, (160, 227, 99, 165, 102, 64, 121, 266)
3, (161, 249, 93, 155, 97, 67, 128, 268)
3, (144, 216, 98, 155, 89, 60, 110, 266)
3, (131, 218, 124, 164, 82, 48, 100, 276)
3, (128, 209, 126, 154, 86, 48, 110, 246)
3, (125, 207, 136, 133, 65, 50, 120, 222)
3, (135, 194, 140, 134, 66, 45, 114, 225)
3, (143, 194, 139, 134, 72, 43, 112, 240)
3, (169, 200, 138, 168, 74, 48, 122, 233)
3, (183, 232, 158, 178, 73, 51, 106, 298)
3, (171, 236, 154, 172, 74, 57, 116, 302)
3, (189, 222, 150, 180, 80, 61, 126, 305)
3, (207, 219, 166, 228, 95, 62, 125, 290)
3, (205, 217, 158, 196, 89, 64, 128, 283)
3, (194, 196, 136, 191, 89, 65, 154, 258)
3, (208, 200, 132, 216, 92, 59, 140, 251)
3, (194, 207, 151, 221, 89, 58, 132, 242)
3, (190, 219, 150, 194, 78, 62, 141, 252)
3, (171, 214, 150, 205, 82, 61, 135, 260)
3, (171, 218, 189, 196, 83, 56, 115, 316)
3, (164, 200, 189, 185, 90, 62, 144, 314)
3, (174, 181, 197, 176, 94, 62, 146, 322)
3, (175, 156, 185, 149, 94, 65, 158, 345)
3, (217, 154, 185, 137, 90, 57, 156, 377)
3, (221, 131, 165, 153, 87, 58, 154, 266)
3, (222, 128, 159, 129, 85, 64, 142, 284)
3, (207, 153, 143, 145, 88, 67, 139, 285)
3, (202, 173, 144, 154, 80, 61, 117, 275)
3, (155, 202, 139, 170, 81, 62, 108, 275)
3, (166, 214, 126, 181, 94, 64, 100, 271)
3, (167, 228, 140, 193, 89, 57, 103, 275)
3, (187, 223, 138, 192, 78, 51, 102, 268)
3, (192, 295, 145, 198, 77, 59, 142, 334)
3, (196, 275, 151, 263, 88, 63, 148, 291)
3, (200, 266, 140, 258, 82, 61, 149, 291)
3, (197, 275, 131, 254, 84, 59, 146, 278)
3, (176, 269, 133, 245, 91, 61, 142, 283)
3, (171, 213, 134, 242, 90, 52, 102, 232)
3, (182, 212, 125, 164, 78, 48, 96, 237)
3, (153, 219, 125, 166, 76, 47, 97, 233)
3, (193, 206, 128, 159, 71, 42, 75, 235)
3, (199, 202, 118, 168, 66, 44, 83, 234)
3, (199, 210, 121, 159, 70, 47, 84, 256)
3, (194, 208, 119, 160, 73, 49, 82, 249)
3, (222, 222, 121, 176, 80, 61, 88, 258)
3, (190, 223, 124, 188, 90, 69, 105, 249)
3, (188, 217, 128, 214, 97, 68, 112, 260)
3, (173, 171, 129, 222, 94, 70, 112, 290)
3, (171, 229, 130, 213, 94, 68, 107, 282)
3, (160, 210, 123, 202, 95, 60, 100, 276)
3, (164, 198, 114, 207, 88, 55, 90, 280)
3, (194, 207, 107, 196, 85, 53, 81, 288)
3, (207, 198, 85, 194, 96, 51, 80, 258)
3, (215, 159, 115, 211, 103, 52, 91, 260)
3, (197, 237, 129, 198, 99, 49, 89, 263)
3, (190, 269, 131, 179, 100, 45, 78, 263)
3, (164, 285, 141, 162, 96, 46, 79, 231)
3, (163, 285, 151, 148, 88, 40, 74, 135)
3, (175, 308, 134, 119, 79, 40, 69, 250)
3, (185, 260, 123, 141, 74, 38, 68, 251)
3, (197, 232, 121, 147, 67, 46, 92, 257)
3, (191, 222, 121, 131, 76, 51, 95, 260)
3, (188, 250, 117, 137, 78, 53, 97, 252)
3, (164, 235, 106, 131, 80, 60, 95, 153)
3, (180, 236, 106, 94, 83, 63, 97, 246)
3, (197, 234, 125, 115, 83, 57, 78, 240)
3, (203, 228, 115, 165, 74, 52, 74, 250)
4, (133, 257, 134, 184, 75, 61, 112, 214)
4, (128, 258, 134, 148, 72, 56, 117, 216)
4, (160, 204, 130, 138, 63, 55, 127, 240)
4, (155, 207, 132, 129, 72, 60, 145, 296)
4, (161, 208, 132, 126, 80, 62, 138, 247)
4, (161, 212, 116, 108, 79, 61, 140, 255)
4, (161, 290, 122, 140, 86, 62, 138, 325)
4, (132, 255, 123, 147, 84, 61, 133, 303)
4, (135, 245, 174, 146, 80, 60, 121, 260)
4, (167, 250, 170, 150, 77, 55, 115, 268)
4, (189, 254, 185, 172, 85, 54, 119, 314)
4, (201, 246, 181, 156, 77, 49, 115, 247)
4, (197, 258, 185, 141, 81, 55, 119, 253)
4, (208, 267, 139, 145, 81, 55, 115, 259)
4, (211, 267, 138, 162, 79, 55, 114, 335)
4, (220, 299, 127, 151, 67, 50, 104, 291)
4, (211, 223, 118, 149, 69, 55, 109, 290)
4, (225, 209, 112, 147, 87, 52, 107, 302)
4, (218, 200, 104, 142, 85, 57, 118, 345)
4, (208, 206, 119, 113, 84, 60, 135, 275)
4, (197, 203, 114, 91, 84, 69, 147, 270)
4, (193, 235, 139, 97, 85, 68, 145, 318)
4, (181, 236, 143, 103, 61, 68, 149, 335)
4, (189, 273, 144, 124, 72, 60, 139, 272)
4, (170, 266, 126, 125, 75, 53, 128, 263)
4, (173, 223, 133, 134, 78, 41, 114, 280)
4, (191, 197, 138, 128, 76, 44, 120, 294)
4, (228, 203, 135, 151, 81, 41, 111, 261)
4, (271, 181, 134, 137, 70, 44, 116, 272)
4, (275, 183, 143, 149, 80, 55, 117, 299)
4, (267, 178, 141, 150, 89, 55, 115, 343)
4, (255, 199, 108, 148, 91, 55, 107, 280)
4, (231, 219, 110, 149, 91, 57, 107, 289)
4, (170, 194, 118, 153, 90, 69, 123, 305)
4, (175, 213, 114, 153, 84, 61, 114, 307)
4, (169, 260, 99, 151, 90, 66, 122, 240)
4, (176, 244, 101, 163, 90, 63, 123, 249)
4, (169, 217, 94, 175, 86, 62, 125, 255)
4, (180, 209, 81, 194, 101, 50, 110, 268)
4, (157, 191, 96, 189, 105, 57, 113, 263)
4, (189, 139, 105, 188, 90, 55, 105, 261)
4, (205, 229, 125, 186, 91, 62, 110, 252)
4, (200, 227, 135, 155, 94, 66, 116, 252)
4, (206, 229, 137, 126, 82, 68, 126, 255)
4, (214, 233, 128, 113, 68, 66, 124, 219)
4, (220, 236, 132, 103, 67, 63, 129, 218)
4, (206, 173, 125, 108, 79, 61, 129, 232)
4, (217, 174, 119, 121, 73, 58, 128, 238)
4, (194, 202, 131, 116, 71, 63, 110, 215)
4, (189, 212, 128, 130, 78, 60, 110, 216)
4, (162, 246, 117, 138, 87, 65, 121, 223)
5, (232, 281, 134, 143, 80, 61, 117, 290)
5, (218, 284, 129, 158, 82, 75, 167, 302)
5, (247, 276, 127, 169, 85, 76, 169, 319)
5, (236, 283, 143, 165, 80, 78, 170, 360)
5, (190, 259, 133, 180, 91, 78, 165, 301)
5, (208, 247, 141, 165, 99, 83, 183, 288)
5, (214, 228, 133, 146, 97, 76, 141, 352)
5, (195, 231, 136, 148, 90, 77, 139, 333)
5, (192, 220, 159, 152, 95, 73, 143, 346)
5, (207, 230, 162, 135, 82, 85, 170, 360)
5, (187, 264, 157, 126, 84, 86, 158, 368)
5, (190, 234, 175, 127, 87, 80, 155, 290)
5, (183, 224, 178, 114, 89, 75, 152, 294)
5, (194, 225, 134, 100, 85, 78, 153, 226)
5, (225, 231, 125, 101, 83, 59, 118, 283)
5, (221, 206, 139, 116, 78, 53, 111, 321)
5, (219, 225, 123, 138, 80, 66, 131, 332)
5, (205, 228, 119, 132, 84, 71, 128, 384)
5, (198, 257, 150, 144, 75, 68, 122, 389)
5, (167, 271, 155, 148, 81, 68, 118, 336)
5, (188, 256, 146, 135, 75, 77, 136, 271)
5, (168, 243, 149, 108, 70, 72, 123, 336)
5, (178, 254, 162, 117, 69, 64, 116, 264)
5, (179, 215, 137, 101, 67, 66, 115, 252)
5, (205, 260, 133, 101, 65, 75, 135, 255)
5, (184, 261, 133, 116, 76, 84, 126, 333)
5, (184, 277, 126, 129, 86, 82, 112, 257)
5, (179, 276, 121, 129, 83, 87, 133, 273)
5, (190, 335, 116, 125, 87, 85, 137, 370)
5, (225, 282, 114, 141, 87, 81, 118, 366)
5, (229, 271, 130, 156, 78, 70, 111, 298)
5, (239, 261, 142, 154, 70, 68, 114, 361)
5, (239, 275, 140, 150, 70, 63, 89, 402)
5, (233, 237, 148, 175, 75, 68, 90, 321)
5, (174, 237, 157, 159, 81, 68, 91, 331)
5, (195, 240, 142, 147, 86, 58, 77, 406)
5, (180, 228, 133, 145, 85, 58, 77, 347)
5, (194, 226, 117, 144, 84, 59, 82, 295)
5, (219, 193, 113, 116, 80, 55, 103, 357)
5, (203, 185, 101, 118, 71, 48, 100, 379)
5, (173, 278, 92, 102, 65, 44, 100, 300)
5, (200, 285, 88, 98, 73, 47, 105, 316)
5, (194, 274, 93, 119, 81, 54, 112, 310)
5, (212, 309, 99, 117, 81, 56, 96, 300)
5, (222, 334, 109, 118, 81, 74, 138, 265)
5, (222, 254, 119, 120, 78, 77, 157, 283)
5, (208, 245, 120, 138, 83, 76, 155, 339)
5, (204, 259, 126, 116, 78, 73, 156, 339)
5, (201, 253, 120, 117, 78, 78, 166, 326)
5, (190, 215, 138, 144, 78, 66, 138, 381)
5, (195, 223, 141, 177, 83, 69, 117, 363)
5, (188, 307, 143, 176, 80, 67, 113, 300)
5, (193, 294, 140, 187, 77, 64, 106, 298)
5, (138, 257, 146, 190, 71, 60, 108, 297)
