0, (198, 106, 213, 130, 156, 79, 110, 152)
0, (148, 115, 207, 131, 152, 85, 124, 132)
0, (161, 115, 167, 125, 150, 75, 118, 121)
0, (159, 125, 161, 119, 145, 63, 102, 117)
0, (170, 119, 127, 105, 141, 63, 105, 118)
0, (152, 119, 118, 122, 125, 67, 100, 92)
0, (171, 103, 118, 112, 126, 54, 81, 84)
0, (165, 98, 131, 111, 101, 56, 91, 85)
0, (195, 77, 143, 110, 93, 53, 87, 78)
0, (207, 85, 164, 111, 108, 57, 83, 80)
0, (213, 90, 181, 97, 113, 67, 121, 81)
0, (204, 102, 189, 99, 115, 69, 124, 81)
0, (202, 111, 181, 98, 112, 68, 120, 81)
0, (197, 110, 181, 97, 117, 70, 130, 112)
0, (179, 110, 166, 116, 135, 69, 147, 105)
0, (186, 101, 142, 125, 129, 55, 116, 103)
0, (185, 92, 159, 122, 119, 52, 109, 105)
0, (196, 90, 183, 137, 138, 50, 106, 113)
0, (193, 85, 189, 135, 140, 57, 112, 85)
0, (188, 81, 196, 122, 102, 55, 110, 96)
0, (195, 81, 193, 110, 103, 57, 111, 99)
0, (196, 84, 187, 136, 141, 66, 118, 103)
0, (214, 82, 171, 117, 130, 67, 124, 112)
0, (209, 103, 171, 127, 128, 64, 115, 107)
0, (227, 107, 167, 135, 131, 66, 107, 93)
0, (215, 101, 165, 138, 148, 64, 106, 88)
0, (228, 97, 149, 115, 118, 54, 96, 89)
0, (198, 106, 140, 108, 118, 54, 86, 63)
0, (188, 101, 123, 94, 125, 52, 79, 65)
0, (163, 98, 116, 86, 129, 56, 80, 63)
0, (156, 98, 105, 73, 108, 58, 87, 59)
0, (173, 103, 103, 80, 112, 61, 86, 51)
0, (181, 95, 99, 92, 120, 63, 88, 49)
0, (168, 80, 91, 127, 127, 62, 89, 44)
0, (162, 81, 85, 124, 124, 56, 65, 35)
0, (160, 85, 76, 122, 120, 56, 53, 36)
0, (112, 79, 63, 119, 116, 53, 56, 33)
0, (103, 106, 64, 108, 128, 52, 60, 33)
0, (120, 104, 52, 76, 112, 51, 60, 33)
0, (136, 115, 52, 79, 110, 47, 59, 36)
0, (150, 115, 53, 82, 109, 44, 62, 32)
0, (151, 116, 50, 79, 106, 43, 64, 33)
0, (140, 85, 42, 74, 90, 38, 57, 32)
0, (119, 88, 39, 67, 89, 33, 52, 31)
0, (99, 73, 38, 70, 88, 34, 59, 30)
0, (62, 70, 38, 76, 91, 34, 51, 31)
1, (60, 86, 51, 87, 91, 34, 45, 32)
1, (65, 85, 50, 100, 91, 39, 52, 35)
1, (84, 80, 50, 96, 109, 45, 59, 38)
1, (87, 97, 60, 90, 112, 57, 64, 41)
1, (108, 98, 61, 86, 112, 59, 71, 43)
1, (114, 88, 52, 83, 121, 59, 73, 43)
1, (159, 102, 53, 70, 115, 60, 70, 42)
1, (183, 114, 59, 79, 91, 65, 75, 40)
1, (196, 103, 51, 83, 90, 57, 70, 38)
1, (202, 117, 53, 82, 88, 55, 70, 36)
1, (209, 128, 62, 80, 106, 60, 70, 40)
1, (187, 137, 69, 88, 118, 61, 72, 41)
1, (187, 142, 65, 82, 124, 55, 65, 43)
1, (189, 140, 65, 77, 126, 59, 67, 44)
1, (177, 129, 61, 74, 126, 60, 60, 44)
1, (181, 123, 54, 87, 111, 60, 66, 42)
1, (195, 120, 41, 76, 112, 60, 62, 40)
1, (188, 105, 39, 80, 106, 58, 59, 41)
1, (194, 107, 41, 83, 104, 54, 57, 39)
1, (198, 116, 44, 87, 118, 55, 68, 40)
2, (192, 111, 46, 72, 131, 51, 60, 36)
2, (175, 97, 49, 92, 125, 51, 68, 36)
2, (169, 110, 48, 87, 128, 49, 68, 33)
2, (207, 111, 48, 92, 126, 48, 71, 36)
2, (223, 111, 46, 88, 124, 47, 67, 36)
2, (216, 114, 41, 95, 105, 47, 69, 37)
2, (213, 113, 39, 81, 98, 49, 83, 36)
2, (203, 104, 43, 79, 100, 50, 85, 36)
2, (183, 115, 34, 78, 121, 50, 78, 34)
2, (153, 117, 33, 90, 117, 51, 75, 33)
2, (161, 118, 35, 88, 115, 51, 84, 37)
2, (159, 118, 37, 86, 111, 45, 63, 35)
2, (185, 115, 32, 86, 106, 44, 63, 34)
2, (157, 113, 37, 87, 112, 49, 65, 33)
2, (164, 112, 43, 84, 107, 49, 67, 34)
2, (172, 105, 46, 80, 107, 48, 56, 33)
2, (173, 113, 42, 80, 105, 51, 62, 37)
2, (168, 115, 45, 86, 103, 52, 60, 36)
2, (157, 105, 48, 80, 81, 52, 70, 38)
2, (148, 97, 42, 84, 100, 52, 69, 36)
2, (131, 98, 39, 90, 106, 50, 70, 33)
2, (153, 87, 45, 88, 104, 48, 76, 33)
2, (139, 88, 48, 92, 107, 47, 75, 34)
2, (142, 87, 41, 96, 109, 45, 66, 32)
2, (153, 84, 41, 84, 88, 44, 63, 33)
2, (211, 119, 50, 81, 84, 51, 67, 38)
2, (211, 126, 48, 83, 85, 51, 57, 33)
2, (203, 127, 45, 82, 88, 51, 56, 33)
2, (246, 141, 47, 81, 87, 50, 58, 38)
2, (270, 146, 53, 90, 94, 51, 62, 43)
2, (243, 116, 44, 95, 96, 47, 54, 40)
2, (245, 120, 44, 97, 96, 47, 57, 42)
2, (254, 117, 51, 98, 125, 55, 67, 43)
2, (236, 97, 55, 102, 138, 53, 64, 39)
2, (211, 116, 57, 104, 137, 57, 67, 36)
2, (231, 125, 65, 111, 134, 55, 68, 35)
2, (219, 125, 64, 106, 134, 53, 70, 37)
2, (216, 128, 62, 99, 110, 47, 65, 40)
2, (183, 136, 62, 110, 100, 54, 66, 38)
2, (205, 122, 58, 104, 96, 51, 60, 37)
2, (204, 111, 50, 89, 95, 51, 57, 37)
2, (202, 104, 55, 108, 102, 53, 49, 34)
2, (199, 113, 51, 110, 97, 50, 47, 30)
2, (203, 110, 48, 93, 107, 53, 55, 32)
2, (180, 103, 50, 103, 104, 53, 67, 33)
2, (141, 118, 50, 112, 108, 54, 66, 32)
2, (186, 118, 42, 102, 117, 54, 73, 35)
2, (194, 113, 46, 99, 116, 54, 76, 36)
2, (192, 111, 53, 117, 104, 47, 71, 36)
2, (191, 115, 52, 111, 116, 49, 68, 34)
2, (189, 126, 56, 99, 109, 46, 67, 34)
2, (197, 132, 56, 94, 98, 54, 73, 33)
2, (209, 129, 58, 96, 98, 61, 79, 35)
2, (223, 135, 53, 79, 93, 66, 91, 35)
2, (219, 132, 61, 88, 87, 64, 93, 36)
2, (238, 119, 64, 95, 92, 65, 95, 36)
2, (198, 113, 67, 96, 84, 63, 102, 49)
2, (188, 117, 69, 108, 104, 74, 171, 83)
2, (175, 116, 68, 117, 102, 71, 171, 86)
2, (185, 126, 90, 113, 101, 70, 171, 87)
2, (165, 125, 97, 129, 97, 75, 179, 90)
2, (205, 126, 104, 145, 110, 77, 183, 85)
2, (231, 114, 113, 164, 121, 66, 116, 67)
2, (238, 113, 116, 163, 119, 64, 110, 67)
2, (259, 110, 95, 157, 117, 66, 109, 67)
2, (257, 101, 90, 142, 127, 60, 98, 63)
2, (247, 88, 83, 129, 137, 56, 76, 65)
2, (223, 90, 70, 103, 116, 55, 87, 49)
2, (225, 86, 68, 96, 115, 57, 86, 51)
2, (191, 83, 82, 104, 123, 56, 86, 50)
2, (206, 97, 86, 107, 115, 61, 92, 73)
2, (180, 100, 86, 103, 91, 55, 90, 72)
2, (177, 112, 89, 107, 106, 54, 93, 76)
2, (198, 125, 95, 115, 112, 60, 91, 74)
2, (262, 142, 99, 115, 104, 60, 89, 78)
2, (252, 134, 91, 165, 104, 58, 87, 82)
2, (251, 134, 92, 179, 147, 60, 86, 83)
2, (241, 128, 92, 170, 143, 64, 74, 80)
2, (269, 134, 84, 174, 135, 64, 75, 78)
2, (240, 115, 92, 175, 135, 65, 79, 76)
2, (236, 110, 97, 143, 144, 70, 94, 53)
2, (237, 111, 104, 134, 103, 70, 97, 66)
2, (279, 121, 109, 141, 87, 74, 114, 79)
2, (237, 98, 113, 137, 93, 66, 110, 79)
2, (207, 102, 114, 173, 118, 62, 106, 78)
3, (237, 100, 122, 126, 137, 53, 99, 87)
3, (232, 115, 153, 117, 152, 59, 93, 89)
3, (240, 125, 146, 144, 159, 60, 84, 86)
3, (243, 104, 152, 152, 140, 61, 77, 84)
3, (225, 107, 144, 177, 155, 59, 75, 84)
3, (220, 108, 165, 193, 154, 63, 83, 69)
3, (199, 102, 177, 189, 141, 65, 105, 68)
3, (181, 104, 180, 170, 124, 65, 108, 70)
3, (183, 110, 190, 188, 128, 59, 108, 72)
3, (216, 109, 202, 170, 120, 65, 116, 82)
3, (199, 105, 189, 154, 126, 62, 100, 71)
3, (208, 110, 170, 149, 132, 59, 85, 74)
3, (209, 92, 167, 151, 139, 65, 83, 79)
3, (208, 100, 164, 125, 125, 65, 89, 90)
3, (186, 114, 147, 121, 121, 64, 80, 77)
3, (215, 118, 137, 119, 124, 64, 84, 76)
3, (237, 112, 145, 123, 123, 59, 80, 77)
3, (249, 130, 142, 129, 110, 45, 89, 97)
3, (231, 126, 132, 119, 115, 51, 91, 89)
3, (247, 112, 143, 128, 116, 45, 95, 90)
3, (277, 111, 144, 118, 104, 47, 92, 94)
3, (258, 108, 133, 124, 96, 51, 96, 92)
3, (252, 91, 140, 117, 98, 52, 102, 82)
3, (282, 85, 161, 118, 126, 51, 105, 79)
3, (269, 103, 178, 135, 129, 49, 97, 77)
3, (218, 101, 182, 156, 131, 48, 98, 72)
3, (229, 102, 162, 152, 132, 44, 96, 91)
3, (235, 110, 170, 154, 140, 45, 99, 74)
3, (210, 122, 154, 155, 137, 50, 109, 78)
3, (215, 109, 125, 136, 128, 50, 104, 78)
3, (221, 109, 123, 114, 127, 52, 103, 83)
3, (204, 104, 138, 117, 135, 52, 110, 85)
3, (200, 131, 124, 129, 140, 50, 100, 92)
3, (190, 130, 123, 139, 114, 46, 81, 88)
3, (179, 137, 122, 136, 117, 50, 92, 94)
3, (179, 134, 116, 151, 122, 52, 100, 111)
3, (182, 136, 101, 153, 122, 57, 91, 94)
3, (199, 110, 107, 139, 111, 59, 97, 88)
3, (222, 92, 101, 128, 110, 57, 94, 98)
3, (246, 78, 126, 132, 103, 63, 102, 107)
3, (273, 77, 142, 116, 95, 59, 96, 96)
3, (280, 78, 146, 104, 78, 55, 96, 96)
3, (221, 106, 130, 178, 118, 68, 97, 76)
3, (266, 72, 144, 107, 84, 60, 87, 98)
3, (258, 117, 133, 188, 114, 67, 99, 76)
3, (249, 72, 146, 107, 94, 59, 92, 88)
3, (258, 106, 143, 184, 116, 57, 83, 70)
3, (225, 75, 125, 103, 101, 49, 83, 70)
3, (257, 105, 151, 179, 118, 64, 85, 70)
3, (217, 92, 113, 121, 106, 63, 103, 75)
3, (276, 98, 144, 141, 97, 64, 82, 70)
3, (229, 93, 110, 120, 113, 64, 98, 74)
3, (295, 108, 135, 138, 90, 63, 93, 88)
3, (262, 96, 129, 121, 97, 61, 96, 77)
3, (231, 89, 117, 117, 106, 63, 96, 71)
4, (189, 78, 144, 115, 105, 49, 75, 104)
4, (194, 99, 136, 108, 136, 57, 89, 78)
4, (196, 99, 139, 110, 130, 53, 90, 81)
4, (213, 105, 125, 125, 127, 56, 93, 89)
4, (189, 119, 124, 123, 132, 58, 101, 87)
4, (236, 124, 128, 133, 131, 56, 101, 86)
4, (238, 116, 137, 141, 105, 50, 88, 90)
4, (231, 112, 128, 120, 110, 51, 83, 100)
4, (244, 108, 128, 126, 117, 57, 83, 102)
4, (239, 102, 159, 145, 126, 56, 72, 96)
4, (206, 92, 153, 142, 126, 59, 77, 98)
4, (221, 103, 152, 136, 137, 55, 80, 113)
4, (216, 102, 153, 143, 124, 56, 76, 98)
4, (217, 101, 161, 142, 125, 55, 82, 94)
4, (264, 98, 152, 151, 105, 52, 86, 95)
4, (271, 104, 165, 148, 132, 53, 91, 109)
4, (252, 85, 163, 153, 114, 54, 90, 90)
4, (251, 84, 162, 148, 126, 50, 91, 92)
4, (241, 97, 164, 159, 135, 42, 86, 89)
4, (194, 90, 144, 142, 142, 53, 107, 95)
4, (196, 99, 125, 135, 133, 54, 101, 77)
4, (273, 104, 128, 138, 133, 55, 98, 76)
4, (296, 101, 128, 142, 126, 57, 99, 79)
4, (337, 96, 117, 108, 108, 56, 95, 110)
4, (330, 97, 109, 114, 115, 48, 91, 98)
4, (324, 86, 116, 135, 129, 42, 99, 98)
4, (282, 78, 120, 151, 129, 42, 107, 101)
4, (266, 101, 129, 164, 131, 48, 119, 108)
4, (195, 111, 129, 174, 142, 53, 131, 71)
4, (203, 122, 136, 174, 167, 60, 124, 76)
4, (219, 117, 145, 169, 150, 62, 119, 99)
4, (218, 117, 135, 164, 147, 62, 115, 97)
4, (214, 102, 130, 148, 156, 61, 108, 87)
4, (233, 105, 123, 141, 173, 60, 96, 86)
4, (240, 92, 127, 128, 138, 55, 90, 86)
5, (186, 75, 121, 105, 93, 57, 96, 114)
5, (188, 70, 121, 107, 104, 67, 96, 111)
5, (199, 66, 135, 102, 104, 67, 100, 108)
5, (217, 63, 135, 99, 108, 62, 94, 114)
5, (257, 61, 132, 101, 90, 61, 114, 106)
5, (266, 51, 121, 113, 102, 59, 104, 89)
5, (259, 55, 121, 110, 98, 51, 99, 92)
5, (280, 53, 107, 105, 121, 53, 95, 97)
5, (255, 59, 107, 103, 122, 53, 106, 90)
5, (231, 73, 108, 105, 124, 60, 118, 99)
5, (247, 74, 102, 99, 119, 58, 119, 89)
5, (246, 73, 90, 97, 124, 56, 119, 89)
5, (218, 75, 98, 112, 97, 58, 127, 85)
5, (219, 72, 94, 117, 91, 56, 115, 86)
5, (232, 85, 89, 113, 86, 44, 91, 79)
5, (209, 87, 88, 109, 94, 46, 87, 78)
5, (219, 88, 86, 116, 96, 47, 89, 75)
5, (232, 90, 76, 96, 105, 43, 82, 91)
5, (258, 94, 74, 105, 103, 45, 83, 109)
5, (218, 78, 71, 111, 112, 43, 73, 101)
5, (213, 76, 71, 108, 119, 40, 73, 107)
5, (211, 80, 107, 110, 105, 38, 75, 111)
5, (203, 76, 115, 127, 101, 47, 85, 113)
5, (201, 76, 113, 127, 107, 53, 91, 105)
5, (198, 74, 114, 116, 105, 52, 87, 105)
5, (204, 85, 111, 118, 110, 51, 91, 99)
5, (234, 88, 96, 104, 112, 52, 88, 99)
5, (225, 98, 89, 84, 113, 47, 106, 106)
5, (210, 97, 89, 83, 127, 39, 100, 91)
5, (246, 97, 101, 97, 138, 41, 109, 97)
5, (229, 86, 140, 106, 116, 48, 117, 103)
5, (219, 94, 145, 118, 120, 53, 133, 134)
5, (225, 88, 148, 118, 136, 57, 129, 121)
5, (228, 92, 163, 107, 130, 59, 129, 121)
5, (194, 90, 172, 97, 121, 61, 121, 118)
5, (208, 97, 152, 99, 143, 66, 113, 136)
5, (185, 92, 148, 112, 144, 67, 98, 103)
5, (215, 103, 143, 117, 130, 63, 75, 101)
5, (242, 104, 129, 118, 120, 62, 77, 112)
5, (253, 105, 108, 116, 115, 59, 78, 122)
5, (272, 108, 101, 101, 94, 50, 72, 99)
5, (266, 100, 93, 108, 92, 50, 74, 98)
5, (254, 94, 99, 112, 93, 55, 91, 124)
5, (230, 95, 95, 113, 109, 55, 96, 133)
5, (236, 97, 110, 129, 131, 54, 96, 126)
5, (196, 86, 115, 132, 129, 55, 103, 135)
5, (207, 106, 114, 111, 127, 54, 101, 145)
5, (185, 105, 111, 103, 124, 51, 86, 121)
5, (161, 99, 142, 112, 114, 55, 97, 105)
5, (202, 96, 130, 95, 81, 54, 95, 105)
5, (233, 103, 136, 116, 95, 57, 90, 106)
5, (230, 93, 133, 109, 96, 60, 93, 89)
5, (243, 87, 134, 123, 100, 59, 96, 88)
5, (263, 91, 117, 112, 103, 56, 82, 100)
5, (268, 93, 121, 121, 101, 58, 96, 95)
5, (261, 89, 108, 98, 97, 54, 94, 76)
5, (253, 76, 104, 103, 123, 48, 83, 78)
5, (299, 93, 100, 88, 120, 49, 86, 82)
5, (300, 95, 81, 107, 111, 46, 88, 66)
5, (273, 88, 74, 95, 113, 51, 87, 71)
5, (256, 89, 79, 98, 132, 52, 86, 72)
5, (262, 100, 94, 98, 125, 51, 89, 69)
5, (222, 101, 94, 99, 131, 52, 98, 95)
5, (220, 99, 100, 88, 132, 56, 96, 96)
5, (197, 102, 103, 90, 133, 61, 105, 96)
5, (194, 103, 101, 92, 117, 64, 120, 101)
5, (189, 101, 96, 120, 105, 68, 140, 111)
5, (175, 95, 101, 135, 100, 65, 128, 87)
5, (159, 96, 107, 131, 109, 60, 123, 81)
5, (149, 98, 111, 134, 128, 50, 109, 79)
5, (157, 94, 123, 140, 120, 49, 93, 98)
5, (175, 93, 131, 135, 127, 46, 68, 90)
5, (156, 83, 142, 115, 128, 47, 75, 93)
5, (189, 78, 145, 116, 126, 52, 80, 104)
