0, (206, 113, 155, 183, 92, 51, 92, 104)
0, (206, 115, 145, 143, 76, 49, 80, 108)
0, (204, 111, 141, 118, 66, 50, 73, 71)
0, (196, 108, 141, 147, 70, 47, 79, 100)
0, (162, 111, 154, 141, 72, 45, 74, 101)
0, (236, 133, 157, 168, 74, 46, 81, 110)
0, (226, 132, 162, 169, 88, 47, 87, 104)
0, (233, 132, 170, 180, 93, 51, 90, 123)
0, (234, 128, 180, 155, 98, 62, 87, 100)
0, (236, 124, 158, 161, 101, 61, 87, 102)
0, (185, 108, 146, 132, 103, 60, 69, 98)
0, (197, 112, 155, 157, 100, 60, 74, 101)
0, (190, 115, 162, 158, 97, 70, 98, 90)
0, (191, 129, 165, 166, 91, 61, 100, 107)
0, (188, 126, 154, 169, 88, 61, 103, 111)
0, (160, 116, 146, 159, 85, 57, 102, 103)
0, (149, 111, 140, 165, 78, 54, 93, 103)
0, (158, 117, 130, 158, 78, 55, 78, 94)
0, (159, 112, 146, 157, 77, 59, 76, 66)
0, (175, 130, 164, 168, 76, 61, 73, 101)
0, (169, 128, 167, 168, 78, 63, 75, 101)
0, (144, 130, 164, 130, 75, 67, 71, 100)
0, (168, 126, 155, 124, 74, 72, 80, 97)
0, (205, 117, 124, 135, 73, 67, 74, 99)
0, (208, 115, 99, 107, 72, 65, 72, 46)
0, (212, 138, 134, 109, 84, 67, 71, 42)
0, (208, 130, 133, 108, 81, 62, 70, 36)
0, (190, 127, 130, 102, 84, 37, 40, 37)
0, (156, 132, 125, 63, 83, 55, 72, 67)
0, (138, 120, 127, 64, 83, 60, 79, 68)
0, (145, 106, 88, 64, 70, 56, 78, 70)
0, (146, 116, 80, 58, 63, 58, 80, 70)
0, (133, 114, 79, 55, 64, 63, 99, 70)
0, (192, 131, 72, 52, 60, 51, 82, 64)
0, (196, 127, 59, 58, 59, 45, 77, 95)
0, (188, 123, 48, 71, 72, 49, 88, 96)
0, (219, 122, 53, 85, 86, 49, 90, 99)
0, (225, 127, 54, 87, 83, 45, 76, 102)
0, (172, 102, 57, 87, 82, 40, 72, 90)
0, (167, 168, 61, 86, 86, 40, 72, 54)
0, (177, 206, 66, 68, 74, 47, 79, 53)
0, (151, 213, 61, 53, 59, 47, 93, 48)
0, (138, 228, 61, 66, 65, 47, 88, 42)
0, (187, 236, 59, 74, 63, 49, 92, 42)
0, (199, 253, 64, 77, 58, 53, 96, 43)
0, (199, 225, 59, 98, 73, 43, 81, 38)
0, (207, 231, 57, 99, 80, 43, 60, 36)
0, (207, 219, 63, 94, 83, 45, 63, 38)
1, (163, 234, 61, 98, 87, 47, 64, 38)
1, (182, 197, 56, 107, 94, 44, 61, 42)
1, (199, 203, 62, 92, 84, 46, 62, 45)
1, (186, 185, 66, 94, 79, 45, 69, 47)
1, (220, 266, 69, 103, 71, 41, 65, 48)
1, (246, 268, 72, 96, 68, 40, 65, 47)
1, (232, 254, 76, 85, 57, 38, 60, 40)
1, (230, 275, 73, 81, 59, 41, 74, 42)
1, (241, 295, 73, 85, 63, 40, 67, 45)
1, (230, 222, 61, 80, 79, 41, 67, 42)
1, (206, 213, 63, 83, 87, 42, 64, 41)
1, (198, 256, 58, 90, 100, 43, 68, 47)
1, (194, 244, 58, 97, 102, 47, 60, 44)
1, (195, 227, 58, 92, 98, 48, 66, 42)
1, (174, 240, 62, 80, 86, 47, 66, 41)
1, (171, 263, 67, 76, 84, 48, 72, 45)
2, (192, 239, 67, 65, 68, 47, 69, 43)
2, (225, 237, 68, 57, 65, 40, 60, 42)
2, (213, 247, 70, 55, 63, 39, 54, 39)
2, (223, 277, 67, 60, 58, 44, 64, 40)
2, (219, 246, 65, 63, 52, 40, 60, 35)
2, (199, 242, 71, 76, 60, 42, 62, 34)
2, (157, 225, 71, 77, 57, 40, 64, 37)
2, (156, 211, 67, 76, 71, 43, 62, 38)
2, (155, 238, 71, 76, 81, 52, 97, 38)
2, (177, 237, 76, 90, 81, 51, 94, 36)
2, (205, 220, 70, 80, 75, 50, 98, 38)
2, (230, 233, 74, 77, 78, 54, 100, 38)
2, (237, 255, 73, 82, 72, 51, 101, 36)
2, (227, 198, 72, 81, 69, 39, 60, 38)
2, (224, 202, 61, 64, 79, 41, 67, 43)
2, (195, 201, 74, 71, 82, 47, 73, 41)
2, (152, 222, 67, 73, 83, 45, 72, 40)
2, (157, 214, 71, 67, 80, 46, 71, 43)
2, (157, 193, 69, 64, 76, 45, 79, 43)
2, (161, 189, 68, 61, 68, 45, 80, 37)
2, (191, 191, 65, 56, 68, 44, 70, 43)
2, (194, 211, 77, 65, 62, 43, 68, 65)
2, (204, 190, 104, 88, 67, 51, 85, 76)
2, (301, 200, 117, 97, 75, 51, 78, 79)
2, (298, 196, 123, 112, 73, 48, 75, 81)
2, (285, 215, 126, 113, 74, 48, 76, 98)
2, (303, 242, 121, 113, 73, 52, 78, 94)
2, (292, 249, 100, 111, 83, 43, 63, 86)
2, (214, 248, 85, 107, 80, 53, 83, 85)
2, (214, 256, 76, 98, 78, 57, 88, 85)
2, (212, 237, 60, 98, 73, 52, 91, 81)
2, (179, 233, 55, 93, 75, 47, 90, 78)
2, (221, 236, 65, 77, 64, 47, 93, 80)
2, (217, 236, 85, 100, 62, 42, 82, 81)
2, (280, 230, 89, 103, 63, 48, 111, 109)
2, (282, 240, 90, 104, 62, 50, 115, 102)
2, (306, 202, 109, 136, 75, 56, 116, 99)
2, (293, 190, 105, 144, 72, 59, 113, 102)
2, (295, 192, 94, 132, 71, 59, 109, 100)
2, (243, 188, 89, 129, 69, 54, 79, 93)
2, (250, 239, 91, 140, 72, 53, 75, 103)
2, (249, 207, 77, 117, 68, 51, 74, 111)
2, (229, 222, 77, 109, 64, 44, 73, 107)
2, (219, 214, 80, 119, 60, 41, 72, 110)
2, (202, 244, 98, 138, 63, 37, 75, 105)
2, (236, 205, 99, 128, 60, 38, 70, 95)
2, (213, 205, 95, 119, 65, 43, 91, 85)
2, (210, 181, 97, 130, 79, 47, 95, 85)
2, (199, 183, 105, 130, 78, 51, 101, 82)
2, (260, 165, 94, 130, 82, 55, 102, 65)
2, (267, 140, 104, 148, 90, 60, 124, 76)
2, (264, 135, 111, 148, 87, 57, 114, 77)
2, (270, 153, 105, 137, 80, 56, 112, 78)
2, (298, 157, 107, 133, 80, 55, 111, 80)
2, (268, 158, 106, 113, 84, 51, 103, 79)
3, (284, 199, 106, 143, 79, 52, 84, 141)
3, (258, 201, 111, 144, 77, 46, 85, 115)
3, (251, 186, 99, 134, 71, 48, 90, 109)
3, (259, 181, 105, 134, 70, 48, 93, 111)
3, (245, 171, 99, 119, 69, 44, 80, 127)
3, (236, 184, 117, 125, 70, 45, 79, 99)
3, (230, 175, 119, 133, 68, 52, 100, 97)
3, (220, 206, 128, 119, 66, 47, 92, 103)
3, (189, 208, 153, 117, 75, 45, 86, 110)
3, (182, 207, 153, 135, 83, 48, 87, 100)
3, (260, 184, 148, 128, 85, 46, 91, 101)
3, (263, 192, 162, 122, 82, 36, 72, 110)
3, (264, 212, 154, 140, 89, 50, 106, 131)
3, (285, 216, 129, 133, 89, 52, 107, 123)
3, (311, 220, 134, 138, 82, 56, 108, 113)
3, (246, 218, 136, 147, 75, 61, 110, 109)
3, (278, 211, 118, 142, 78, 62, 110, 113)
3, (304, 152, 120, 123, 87, 52, 76, 95)
3, (283, 207, 121, 130, 89, 51, 73, 94)
3, (279, 202, 143, 126, 90, 48, 77, 99)
3, (310, 208, 135, 123, 95, 53, 88, 97)
3, (358, 207, 143, 126, 99, 54, 90, 99)
3, (360, 243, 147, 142, 91, 55, 88, 89)
3, (365, 199, 161, 142, 86, 61, 95, 91)
3, (353, 207, 146, 148, 92, 68, 102, 91)
3, (346, 239, 158, 146, 93, 66, 99, 111)
3, (272, 235, 154, 146, 84, 66, 97, 96)
3, (251, 230, 168, 159, 80, 72, 105, 93)
3, (246, 237, 161, 154, 78, 70, 99, 97)
3, (237, 233, 169, 140, 69, 62, 87, 108)
3, (228, 217, 99, 108, 87, 48, 74, 60)
3, (217, 193, 167, 147, 56, 63, 79, 88)
3, (226, 228, 112, 124, 84, 43, 63, 60)
3, (188, 196, 164, 145, 62, 61, 74, 93)
3, (267, 234, 125, 139, 84, 49, 63, 81)
3, (168, 229, 145, 119, 81, 54, 68, 90)
3, (267, 233, 114, 150, 86, 55, 71, 84)
3, (179, 215, 134, 132, 79, 57, 79, 91)
3, (251, 218, 129, 155, 77, 57, 74, 91)
3, (183, 217, 126, 125, 82, 69, 92, 104)
3, (238, 204, 133, 142, 71, 55, 72, 91)
3, (211, 218, 122, 152, 86, 63, 85, 103)
3, (250, 197, 125, 136, 69, 56, 70, 91)
3, (221, 221, 133, 199, 89, 63, 83, 99)
3, (232, 190, 120, 126, 69, 60, 108, 92)
3, (209, 191, 132, 195, 85, 64, 92, 102)
3, (215, 188, 123, 109, 65, 60, 119, 95)
3, (215, 197, 149, 190, 94, 57, 87, 113)
3, (216, 188, 110, 101, 72, 64, 118, 86)
3, (235, 196, 160, 195, 90, 51, 80, 86)
3, (220, 163, 110, 115, 78, 75, 127, 86)
3, (208, 208, 164, 166, 85, 52, 84, 86)
3, (216, 197, 122, 135, 83, 76, 130, 83)
3, (246, 204, 162, 113, 78, 57, 89, 84)
3, (189, 196, 116, 137, 79, 67, 107, 93)
3, (261, 193, 189, 151, 65, 57, 79, 87)
3, (217, 192, 111, 152, 86, 65, 90, 92)
3, (263, 192, 176, 160, 61, 58, 79, 105)
3, (213, 190, 109, 165, 84, 67, 102, 102)
3, (253, 195, 159, 161, 60, 49, 77, 106)
3, (217, 183, 175, 159, 73, 62, 90, 105)
3, (256, 178, 157, 170, 70, 53, 85, 108)
3, (209, 149, 169, 138, 67, 67, 93, 106)
3, (248, 176, 151, 192, 90, 61, 108, 109)
3, (221, 181, 168, 136, 68, 68, 93, 90)
3, (263, 136, 124, 166, 96, 63, 110, 109)
3, (214, 190, 176, 121, 72, 65, 90, 89)
3, (269, 174, 121, 154, 91, 63, 112, 82)
3, (246, 190, 184, 143, 87, 70, 103, 80)
3, (261, 174, 131, 149, 94, 68, 112, 81)
4, (218, 226, 121, 132, 91, 57, 96, 125)
4, (196, 227, 132, 123, 91, 57, 95, 128)
4, (193, 222, 128, 141, 89, 57, 91, 134)
4, (203, 215, 111, 132, 85, 57, 90, 146)
4, (205, 245, 93, 133, 70, 49, 83, 136)
4, (201, 227, 95, 147, 75, 58, 95, 120)
4, (200, 215, 96, 142, 78, 60, 94, 117)
4, (212, 248, 96, 121, 74, 64, 99, 118)
4, (182, 247, 114, 151, 70, 59, 86, 117)
4, (230, 218, 117, 145, 67, 65, 98, 117)
4, (226, 222, 127, 129, 61, 56, 87, 110)
4, (230, 256, 108, 128, 72, 54, 88, 121)
4, (235, 184, 107, 118, 69, 53, 85, 116)
4, (256, 199, 103, 84, 74, 62, 89, 105)
4, (240, 194, 102, 82, 73, 66, 115, 116)
4, (269, 198, 93, 87, 74, 67, 115, 113)
4, (283, 183, 106, 87, 54, 69, 117, 109)
4, (270, 194, 105, 97, 61, 73, 115, 107)
4, (269, 186, 99, 96, 61, 69, 125, 114)
4, (235, 199, 104, 98, 65, 59, 86, 99)
4, (247, 205, 138, 109, 73, 61, 78, 112)
4, (229, 197, 130, 108, 79, 57, 74, 107)
4, (237, 216, 131, 108, 78, 49, 73, 123)
4, (213, 226, 127, 107, 77, 54, 48, 107)
4, (204, 213, 119, 116, 81, 66, 59, 111)
4, (162, 207, 77, 119, 99, 86, 90, 107)
4, (224, 199, 81, 125, 103, 91, 89, 133)
4, (245, 191, 102, 147, 104, 91, 94, 123)
4, (260, 181, 105, 156, 101, 85, 98, 121)
4, (273, 191, 111, 159, 100, 77, 105, 118)
5, (227, 196, 125, 118, 89, 63, 107, 111)
5, (238, 194, 127, 105, 89, 67, 106, 113)
5, (244, 188, 99, 114, 87, 57, 100, 116)
5, (247, 176, 96, 136, 90, 57, 97, 107)
5, (266, 219, 109, 146, 96, 55, 82, 99)
5, (268, 224, 122, 175, 95, 49, 71, 104)
5, (272, 230, 125, 177, 81, 42, 77, 112)
5, (268, 237, 126, 186, 74, 42, 76, 109)
5, (261, 276, 128, 195, 77, 44, 76, 112)
5, (252, 247, 146, 184, 73, 45, 74, 104)
5, (256, 241, 145, 161, 71, 55, 95, 99)
5, (240, 235, 147, 158, 84, 60, 98, 93)
5, (227, 227, 147, 145, 88, 57, 95, 92)
5, (208, 257, 152, 115, 85, 58, 98, 93)
5, (211, 268, 128, 129, 78, 62, 97, 96)
5, (196, 261, 122, 143, 88, 72, 105, 107)
5, (206, 263, 122, 144, 95, 86, 121, 105)
5, (224, 271, 128, 141, 90, 86, 121, 108)
5, (233, 165, 134, 140, 89, 87, 118, 118)
5, (209, 159, 137, 124, 100, 93, 126, 125)
5, (196, 168, 134, 113, 91, 90, 127, 102)
5, (228, 174, 124, 110, 72, 72, 105, 103)
5, (237, 167, 126, 107, 72, 78, 112, 108)
5, (264, 175, 125, 127, 71, 77, 116, 104)
5, (278, 215, 112, 126, 48, 72, 121, 124)
5, (272, 210, 109, 125, 52, 60, 98, 125)
5, (269, 197, 109, 123, 57, 67, 103, 127)
5, (264, 204, 130, 155, 66, 62, 97, 119)
5, (254, 196, 117, 172, 76, 62, 95, 111)
5, (255, 213, 126, 172, 75, 58, 80, 101)
5, (270, 225, 142, 174, 76, 63, 93, 103)
5, (276, 229, 163, 201, 75, 56, 84, 99)
5, (252, 235, 148, 172, 73, 57, 85, 108)
5, (241, 297, 149, 134, 63, 56, 83, 114)
5, (250, 253, 146, 136, 73, 52, 84, 134)
5, (244, 244, 133, 137, 78, 61, 110, 137)
5, (203, 243, 113, 91, 78, 59, 108, 142)
5, (222, 236, 99, 104, 71, 56, 112, 141)
5, (247, 197, 110, 118, 69, 65, 114, 145)
5, (231, 226, 109, 137, 61, 73, 123, 103)
5, (219, 224, 109, 161, 51, 62, 94, 94)
5, (243, 226, 110, 178, 52, 63, 93, 93)
5, (241, 219, 118, 169, 63, 63, 87, 103)
5, (217, 215, 136, 177, 72, 54, 96, 93)
5, (239, 171, 137, 173, 75, 43, 102, 106)
5, (265, 189, 149, 155, 76, 40, 95, 111)
5, (245, 214, 143, 139, 74, 44, 96, 122)
5, (254, 236, 135, 149, 71, 42, 98, 112)
5, (268, 247, 108, 137, 74, 50, 117, 122)
5, (263, 253, 134, 122, 76, 50, 97, 117)
5, (264, 257, 119, 103, 82, 51, 96, 133)
5, (314, 282, 127, 102, 83, 50, 97, 123)
5, (302, 290, 134, 98, 77, 50, 95, 123)
5, (284, 253, 136, 108, 85, 52, 78, 108)
5, (292, 263, 130, 114, 87, 52, 79, 110)
5, (282, 258, 133, 131, 82, 50, 81, 87)
5, (224, 251, 131, 137, 89, 51, 85, 82)
5, (238, 224, 134, 136, 96, 58, 99, 85)
5, (245, 223, 145, 131, 97, 58, 92, 108)
