0, (321, 288, 237, 154, 90, 56, 73, 190)
0, (313, 276, 267, 173, 92, 64, 87, 194)
0, (326, 239, 251, 177, 109, 75, 101, 191)
0, (222, 220, 253, 175, 118, 76, 107, 112)
0, (228, 353, 271, 173, 116, 77, 108, 110)
0, (233, 353, 224, 157, 106, 71, 108, 102)
0, (238, 361, 207, 137, 115, 68, 99, 95)
0, (229, 376, 225, 129, 104, 52, 88, 99)
0, (198, 478, 227, 117, 95, 48, 84, 99)
0, (184, 400, 217, 113, 96, 46, 83, 100)
0, (201, 432, 199, 97, 86, 45, 91, 97)
0, (189, 443, 178, 87, 69, 38, 83, 93)
0, (181, 435, 150, 93, 64, 40, 76, 88)
0, (191, 390, 144, 96, 89, 42, 71, 63)
0, (190, 393, 124, 99, 88, 44, 70, 56)
0, (151, 368, 108, 100, 88, 46, 70, 92)
0, (151, 346, 121, 110, 84, 48, 69, 95)
0, (147, 375, 130, 103, 85, 50, 67, 96)
0, (197, 307, 138, 94, 69, 55, 68, 97)
0, (206, 293, 139, 98, 74, 54, 70, 95)
0, (205, 284, 147, 90, 74, 53, 62, 59)
0, (210, 287, 134, 88, 78, 50, 58, 53)
0, (234, 294, 130, 86, 92, 47, 55, 76)
0, (199, 403, 110, 79, 101, 40, 51, 72)
0, (194, 424, 111, 79, 100, 41, 60, 78)
0, (198, 437, 100, 97, 105, 47, 67, 77)
0, (197, 425, 111, 90, 111, 46, 69, 79)
0, (195, 405, 109, 97, 112, 53, 73, 68)
0, (204, 301, 112, 99, 105, 58, 80, 66)
0, (199, 264, 130, 93, 102, 60, 76, 62)
0, (190, 258, 131, 77, 95, 57, 70, 64)
0, (185, 263, 120, 82, 97, 57, 71, 60)
0, (185, 269, 114, 76, 87, 50, 69, 45)
0, (159, 267, 110, 86, 85, 50, 68, 66)
0, (202, 335, 93, 89, 85, 47, 73, 72)
0, (224, 325, 86, 101, 89, 43, 67, 71)
0, (221, 325, 89, 99, 74, 43, 68, 72)
0, (225, 356, 94, 93, 67, 40, 63, 79)
1, (259, 338, 170, 137, 81, 45, 87, 117)
1, (234, 362, 186, 136, 78, 50, 93, 119)
1, (329, 364, 183, 150, 70, 50, 92, 203)
1, (328, 337, 160, 151, 71, 45, 78, 184)
1, (265, 443, 107, 91, 70, 43, 72, 76)
1, (263, 422, 104, 90, 75, 48, 72, 72)
1, (263, 425, 107, 97, 89, 53, 78, 85)
1, (281, 440, 103, 96, 98, 59, 87, 86)
1, (263, 461, 105, 97, 100, 66, 94, 84)
1, (248, 374, 92, 91, 96, 64, 93, 80)
1, (235, 338, 98, 107, 93, 62, 110, 93)
1, (262, 332, 98, 153, 116, 68, 114, 89)
1, (256, 307, 122, 176, 119, 64, 109, 92)
1, (256, 288, 131, 188, 120, 58, 106, 100)
1, (237, 288, 131, 195, 117, 59, 122, 97)
1, (307, 320, 136, 192, 118, 60, 100, 91)
2, (188, 234, 148, 133, 110, 64, 99, 179)
2, (233, 230, 147, 134, 93, 54, 94, 218)
2, (245, 319, 153, 145, 92, 53, 111, 219)
2, (248, 383, 195, 175, 88, 56, 112, 215)
2, (268, 370, 200, 156, 84, 51, 102, 210)
2, (275, 374, 188, 155, 76, 50, 103, 207)
2, (244, 412, 203, 156, 75, 53, 111, 136)
2, (251, 397, 203, 170, 80, 50, 97, 122)
2, (270, 327, 142, 161, 97, 54, 97, 93)
2, (286, 349, 138, 149, 97, 57, 98, 99)
2, (296, 290, 138, 151, 97, 60, 101, 110)
2, (337, 291, 137, 179, 111, 57, 79, 110)
2, (291, 310, 131, 193, 116, 57, 86, 109)
2, (301, 305, 127, 182, 107, 55, 84, 102)
2, (314, 287, 110, 189, 130, 57, 87, 92)
2, (330, 306, 96, 196, 131, 62, 99, 92)
2, (287, 301, 138, 198, 125, 61, 96, 97)
2, (265, 244, 145, 182, 132, 69, 105, 97)
2, (257, 300, 139, 183, 141, 73, 104, 99)
2, (215, 308, 152, 171, 127, 74, 109, 123)
2, (184, 294, 169, 152, 124, 68, 100, 112)
2, (223, 288, 141, 116, 118, 68, 97, 110)
2, (242, 317, 129, 118, 103, 67, 96, 105)
2, (246, 309, 146, 128, 87, 60, 98, 103)
2, (348, 353, 141, 143, 73, 52, 90, 81)
2, (364, 357, 148, 148, 75, 57, 91, 100)
2, (368, 395, 148, 141, 81, 63, 99, 105)
2, (365, 376, 147, 139, 81, 56, 93, 110)
2, (386, 362, 146, 146, 101, 62, 89, 111)
2, (291, 339, 143, 145, 108, 67, 86, 107)
2, (260, 338, 131, 169, 112, 70, 81, 81)
2, (294, 311, 143, 166, 115, 67, 79, 86)
2, (303, 319, 169, 177, 122, 66, 74, 84)
2, (301, 288, 173, 175, 105, 62, 75, 88)
2, (312, 325, 178, 166, 89, 56, 79, 108)
2, (323, 327, 169, 135, 78, 45, 79, 117)
2, (270, 316, 163, 150, 84, 66, 115, 107)
2, (259, 290, 156, 145, 108, 77, 121, 106)
2, (235, 310, 155, 132, 114, 81, 123, 102)
2, (222, 272, 149, 121, 115, 87, 128, 97)
2, (209, 260, 154, 154, 126, 93, 146, 91)
2, (222, 256, 156, 143, 120, 79, 124, 91)
2, (218, 266, 154, 151, 99, 72, 122, 88)
2, (228, 242, 167, 175, 98, 68, 124, 98)
2, (254, 222, 173, 178, 98, 61, 115, 94)
2, (274, 240, 177, 166, 94, 58, 91, 96)
2, (264, 254, 189, 164, 94, 70, 94, 101)
3, (275, 207, 171, 123, 90, 62, 96, 201)
3, (244, 206, 151, 122, 91, 62, 83, 176)
3, (216, 230, 143, 122, 98, 63, 102, 181)
3, (192, 228, 141, 136, 100, 67, 108, 180)
3, (281, 276, 208, 174, 83, 64, 96, 111)
3, (278, 281, 235, 169, 83, 60, 102, 112)
3, (297, 301, 221, 161, 70, 73, 131, 115)
3, (271, 322, 216, 154, 67, 66, 119, 126)
3, (215, 345, 204, 187, 66, 64, 115, 113)
3, (202, 308, 205, 176, 65, 61, 116, 110)
3, (224, 301, 184, 179, 85, 65, 114, 99)
3, (216, 264, 229, 215, 91, 47, 96, 119)
3, (203, 245, 236, 217, 96, 57, 102, 101)
3, (199, 359, 237, 195, 100, 57, 100, 97)
3, (215, 374, 236, 244, 107, 58, 102, 103)
3, (203, 377, 224, 226, 90, 76, 130, 115)
3, (214, 421, 222, 191, 83, 74, 119, 108)
3, (214, 410, 227, 186, 91, 69, 113, 107)
3, (229, 297, 219, 177, 88, 67, 116, 106)
3, (227, 285, 208, 115, 87, 70, 112, 103)
3, (231, 320, 212, 149, 93, 53, 99, 132)
3, (202, 275, 174, 169, 124, 61, 93, 117)
3, (214, 322, 171, 179, 118, 58, 93, 121)
3, (216, 333, 175, 179, 119, 63, 98, 130)
3, (211, 366, 181, 186, 114, 65, 104, 132)
3, (245, 321, 178, 201, 109, 66, 88, 104)
3, (250, 307, 163, 192, 83, 58, 92, 104)
3, (258, 305, 201, 179, 87, 63, 100, 121)
3, (275, 328, 222, 181, 99, 62, 94, 120)
3, (330, 332, 227, 174, 107, 54, 99, 122)
3, (316, 357, 230, 132, 108, 49, 97, 112)
3, (331, 356, 265, 146, 105, 51, 96, 142)
3, (331, 344, 239, 153, 111, 52, 87, 127)
3, (317, 306, 217, 152, 109, 58, 95, 122)
3, (260, 260, 205, 154, 103, 63, 85, 117)
3, (237, 258, 212, 158, 103, 65, 96, 118)
3, (265, 324, 156, 135, 100, 63, 92, 105)
3, (280, 334, 139, 137, 85, 58, 96, 104)
3, (296, 342, 154, 196, 80, 49, 97, 104)
3, (300, 372, 177, 185, 78, 52, 130, 127)
3, (301, 363, 169, 183, 72, 46, 117, 124)
3, (274, 369, 179, 185, 78, 49, 117, 100)
3, (284, 353, 187, 180, 81, 50, 118, 97)
3, (252, 343, 187, 117, 69, 52, 110, 101)
3, (236, 315, 174, 130, 77, 45, 80, 82)
3, (271, 330, 160, 134, 87, 49, 80, 81)
3, (262, 266, 157, 125, 84, 53, 83, 82)
3, (225, 250, 159, 140, 83, 55, 90, 93)
3, (231, 265, 150, 146, 95, 73, 146, 91)
3, (256, 289, 146, 138, 92, 80, 156, 77)
3, (216, 271, 156, 140, 88, 77, 155, 92)
3, (207, 271, 153, 150, 84, 74, 152, 99)
3, (218, 266, 155, 137, 85, 71, 148, 115)
3, (209, 274, 164, 128, 73, 56, 96, 110)
3, (190, 243, 179, 129, 72, 62, 81, 114)
3, (208, 251, 178, 135, 75, 68, 84, 110)
3, (234, 270, 176, 127, 75, 68, 87, 115)
3, (241, 274, 190, 151, 82, 68, 87, 99)
4, (304, 279, 197, 130, 91, 57, 85, 174)
4, (329, 289, 185, 121, 77, 57, 80, 174)
4, (317, 286, 160, 121, 77, 49, 84, 178)
4, (286, 198, 170, 134, 75, 53, 90, 177)
4, (162, 381, 127, 152, 110, 56, 105, 109)
4, (191, 327, 127, 158, 107, 61, 116, 132)
4, (207, 339, 132, 169, 103, 58, 100, 141)
4, (208, 342, 172, 172, 95, 55, 98, 145)
4, (223, 345, 184, 184, 95, 57, 100, 147)
4, (224, 277, 215, 170, 97, 62, 106, 134)
4, (224, 256, 217, 179, 87, 63, 104, 119)
4, (262, 242, 228, 171, 82, 64, 97, 123)
5, (288, 332, 228, 162, 89, 61, 118, 191)
5, (181, 277, 170, 138, 82, 61, 101, 102)
5, (307, 295, 235, 164, 88, 52, 108, 210)
5, (182, 286, 149, 133, 76, 61, 99, 97)
5, (311, 321, 246, 153, 73, 49, 113, 156)
5, (177, 227, 160, 133, 75, 60, 102, 121)
5, (315, 337, 226, 147, 77, 52, 112, 163)
5, (192, 217, 131, 115, 76, 57, 101, 108)
5, (305, 309, 201, 152, 74, 56, 119, 168)
5, (222, 226, 140, 113, 83, 65, 105, 117)
5, (282, 280, 202, 118, 69, 52, 108, 202)
5, (222, 230, 168, 120, 80, 70, 119, 119)
5, (185, 246, 198, 127, 86, 53, 91, 171)
5, (244, 346, 168, 141, 86, 72, 131, 133)
5, (226, 225, 196, 133, 89, 61, 90, 172)
5, (225, 338, 176, 135, 90, 72, 128, 106)
5, (274, 287, 183, 130, 86, 60, 95, 172)
5, (204, 339, 172, 132, 91, 73, 131, 106)
5, (281, 279, 179, 134, 92, 59, 82, 184)
5, (191, 340, 174, 155, 104, 87, 145, 96)
5, (242, 334, 158, 172, 113, 83, 141, 99)
5, (218, 284, 177, 193, 120, 81, 129, 108)
5, (232, 284, 176, 199, 117, 83, 131, 116)
5, (229, 323, 199, 202, 112, 85, 132, 115)
5, (234, 315, 190, 193, 93, 66, 109, 110)
5, (185, 347, 213, 169, 81, 65, 108, 132)
5, (174, 324, 197, 118, 65, 64, 111, 117)
5, (176, 330, 196, 101, 72, 60, 109, 113)
5, (176, 301, 172, 97, 69, 64, 116, 108)
5, (200, 306, 183, 81, 69, 72, 149, 121)
5, (198, 314, 137, 89, 68, 64, 135, 113)
5, (202, 277, 141, 131, 88, 67, 136, 105)
5, (222, 285, 134, 139, 94, 69, 136, 103)
5, (279, 276, 141, 142, 97, 62, 131, 106)
5, (263, 297, 153, 160, 100, 59, 98, 130)
5, (258, 261, 170, 161, 102, 59, 97, 111)
5, (263, 256, 162, 141, 85, 56, 91, 114)
5, (239, 233, 162, 161, 85, 58, 97, 121)
5, (202, 237, 171, 158, 89, 59, 120, 146)
5, (212, 252, 160, 144, 91, 46, 110, 117)
5, (240, 243, 178, 182, 92, 47, 109, 122)
5, (248, 264, 182, 178, 92, 47, 114, 153)
5, (247, 289, 182, 156, 85, 51, 118, 149)
5, (232, 289, 184, 165, 88, 50, 94, 123)
5, (244, 290, 200, 170, 85, 53, 91, 120)
5, (235, 296, 199, 146, 90, 59, 98, 129)
5, (219, 288, 216, 142, 98, 62, 91, 94)
5, (243, 293, 250, 170, 115, 69, 93, 101)
5, (230, 283, 244, 162, 108, 72, 97, 101)
5, (226, 256, 238, 175, 111, 78, 94, 116)
5, (252, 250, 239, 191, 103, 74, 86, 117)
5, (258, 263, 245, 202, 96, 73, 99, 112)
5, (232, 278, 257, 204, 75, 59, 83, 117)
5, (233, 356, 263, 228, 78, 61, 83, 137)
5, (201, 341, 252, 211, 72, 58, 88, 126)
5, (159, 336, 234, 188, 82, 57, 87, 106)
5, (174, 330, 236, 187, 82, 58, 85, 111)
5, (197, 326, 178, 160, 86, 61, 90, 118)
5, (243, 246, 168, 127, 93, 62, 100, 102)
5, (242, 268, 172, 190, 102, 60, 106, 104)
5, (236, 301, 183, 217, 96, 65, 115, 107)
5, (227, 318, 141, 208, 94, 66, 118, 121)
5, (226, 367, 143, 207, 104, 65, 119, 102)
5, (193, 361, 143, 202, 101, 63, 128, 95)
5, (180, 357, 139, 152, 100, 63, 126, 104)
5, (174, 333, 123, 121, 101, 60, 117, 110)
