0, (219, 342, 211, 210, 108, 80, 163, 379)
0, (225, 355, 199, 206, 93, 84, 174, 353)
0, (216, 355, 199, 206, 86, 79, 172, 427)
0, (233, 375, 203, 185, 82, 77, 181, 354)
0, (234, 412, 192, 182, 90, 76, 179, 343)
0, (283, 442, 182, 188, 93, 72, 167, 323)
0, (268, 454, 165, 165, 99, 70, 156, 316)
0, (257, 462, 172, 165, 107, 71, 156, 338)
0, (254, 461, 163, 142, 102, 70, 131, 327)
0, (268, 411, 153, 143, 97, 80, 127, 331)
0, (225, 373, 233, 144, 94, 84, 127, 323)
0, (234, 340, 231, 147, 93, 84, 127, 389)
0, (222, 354, 241, 147, 83, 83, 116, 284)
0, (217, 428, 247, 156, 80, 73, 103, 266)
0, (234, 424, 253, 174, 84, 62, 107, 253)
0, (240, 449, 183, 184, 84, 54, 93, 252)
0, (238, 432, 191, 196, 77, 49, 94, 292)
0, (241, 413, 178, 199, 76, 48, 98, 292)
0, (240, 349, 162, 212, 78, 55, 105, 294)
0, (213, 384, 149, 196, 60, 58, 104, 295)
0, (201, 360, 187, 203, 48, 57, 106, 308)
0, (228, 364, 193, 233, 90, 69, 120, 256)
0, (273, 359, 195, 255, 103, 80, 127, 272)
0, (311, 376, 205, 258, 111, 85, 141, 288)
0, (340, 362, 205, 260, 121, 86, 146, 296)
0, (349, 351, 184, 272, 133, 90, 147, 289)
0, (328, 361, 181, 244, 116, 83, 135, 231)
0, (297, 356, 168, 213, 108, 74, 124, 300)
1, (269, 315, 167, 200, 102, 67, 107, 291)
1, (238, 291, 171, 214, 103, 69, 105, 289)
1, (224, 300, 176, 193, 90, 64, 99, 286)
1, (207, 312, 170, 212, 86, 66, 98, 272)
1, (193, 354, 188, 209, 86, 72, 97, 155)
1, (169, 348, 193, 206, 87, 69, 94, 130)
1, (153, 345, 199, 190, 82, 64, 77, 117)
1, (132, 315, 189, 157, 79, 60, 75, 102)
1, (125, 253, 189, 117, 79, 54, 78, 88)
1, (115, 169, 173, 121, 79, 44, 84, 82)
1, (115, 136, 160, 117, 81, 43, 71, 70)
1, (120, 102, 147, 109, 70, 42, 77, 50)
1, (122, 220, 154, 102, 71, 46, 98, 73)
1, (130, 237, 154, 89, 67, 49, 94, 87)
1, (194, 258, 152, 80, 77, 49, 88, 89)
1, (192, 265, 153, 64, 77, 50, 90, 89)
1, (194, 269, 149, 71, 82, 55, 89, 93)
1, (197, 240, 138, 65, 82, 63, 84, 77)
2, (197, 298, 126, 65, 90, 61, 84, 57)
2, (149, 292, 135, 65, 88, 58, 79, 49)
2, (140, 303, 131, 60, 87, 61, 91, 51)
2, (151, 300, 124, 43, 84, 56, 86, 43)
2, (146, 348, 105, 45, 81, 44, 71, 40)
2, (159, 363, 122, 47, 73, 42, 71, 38)
2, (143, 374, 113, 49, 59, 43, 73, 43)
2, (144, 438, 109, 51, 60, 36, 55, 40)
2, (138, 447, 113, 51, 74, 41, 60, 45)
2, (139, 402, 133, 61, 83, 46, 72, 54)
2, (123, 385, 123, 61, 87, 51, 79, 57)
2, (135, 376, 119, 60, 86, 55, 83, 57)
2, (141, 314, 123, 67, 78, 53, 82, 56)
2, (127, 308, 125, 71, 67, 56, 88, 57)
2, (136, 307, 101, 63, 55, 52, 91, 51)
2, (136, 281, 103, 62, 55, 52, 87, 49)
2, (130, 271, 109, 64, 63, 49, 85, 46)
2, (133, 316, 108, 54, 68, 54, 99, 50)
2, (163, 338, 111, 51, 69, 48, 100, 48)
2, (157, 374, 132, 59, 75, 53, 90, 50)
2, (157, 384, 136, 60, 74, 54, 100, 47)
2, (153, 416, 127, 59, 70, 52, 99, 49)
2, (174, 382, 127, 64, 77, 51, 92, 48)
2, (148, 382, 124, 68, 75, 51, 85, 47)
2, (161, 351, 98, 62, 76, 53, 98, 48)
2, (173, 349, 92, 61, 80, 55, 89, 50)
2, (173, 332, 115, 82, 90, 56, 87, 47)
2, (192, 337, 124, 82, 95, 58, 84, 47)
2, (212, 340, 140, 76, 97, 60, 87, 48)
2, (200, 323, 153, 73, 96, 54, 70, 42)
2, (205, 297, 161, 83, 92, 50, 67, 41)
2, (238, 316, 153, 62, 82, 47, 76, 45)
2, (212, 316, 145, 59, 71, 42, 75, 45)
2, (203, 295, 145, 62, 71, 39, 69, 44)
2, (222, 338, 140, 70, 68, 40, 75, 45)
2, (235, 344, 124, 61, 71, 60, 109, 51)
2, (204, 308, 118, 61, 71, 70, 124, 53)
2, (217, 303, 130, 63, 72, 72, 135, 57)
2, (208, 316, 126, 64, 67, 73, 136, 59)
2, (192, 322, 120, 56, 67, 72, 134, 59)
2, (175, 317, 143, 57, 67, 58, 119, 56)
2, (185, 335, 144, 56, 64, 44, 104, 54)
2, (153, 343, 142, 52, 62, 41, 97, 47)
2, (148, 333, 137, 56, 60, 43, 98, 43)
2, (159, 293, 140, 60, 63, 44, 108, 48)
2, (185, 290, 124, 61, 65, 48, 107, 52)
2, (200, 299, 134, 64, 71, 51, 106, 49)
2, (205, 277, 122, 69, 67, 50, 101, 49)
2, (206, 313, 116, 71, 77, 56, 106, 50)
2, (197, 409, 125, 74, 76, 63, 98, 48)
2, (164, 428, 121, 76, 72, 59, 85, 40)
2, (133, 404, 118, 78, 77, 59, 91, 64)
2, (144, 407, 123, 80, 84, 63, 99, 71)
2, (142, 428, 116, 79, 90, 65, 97, 72)
2, (191, 324, 132, 74, 99, 59, 97, 72)
2, (192, 341, 141, 68, 98, 60, 98, 73)
2, (197, 380, 146, 67, 89, 60, 95, 54)
2, (197, 365, 145, 62, 86, 54, 87, 42)
2, (209, 317, 150, 49, 85, 46, 95, 45)
2, (188, 378, 143, 50, 75, 47, 91, 51)
2, (196, 333, 134, 53, 74, 49, 108, 68)
2, (208, 299, 119, 51, 84, 53, 111, 67)
2, (203, 324, 116, 46, 82, 56, 108, 71)
2, (228, 343, 117, 53, 75, 62, 107, 71)
2, (208, 271, 99, 59, 70, 58, 105, 66)
2, (195, 298, 102, 60, 76, 54, 97, 46)
2, (186, 316, 107, 57, 66, 53, 91, 58)
2, (217, 299, 106, 60, 76, 57, 92, 75)
2, (205, 258, 96, 65, 72, 52, 101, 82)
2, (217, 264, 105, 72, 72, 68, 178, 101)
2, (232, 230, 103, 97, 69, 71, 184, 150)
2, (240, 290, 111, 115, 75, 75, 216, 244)
2, (239, 302, 128, 135, 73, 72, 223, 274)
2, (225, 319, 138, 163, 73, 77, 251, 288)
2, (218, 375, 143, 160, 75, 69, 221, 302)
2, (219, 423, 146, 147, 81, 69, 217, 287)
2, (230, 371, 138, 155, 86, 65, 196, 282)
2, (218, 361, 125, 169, 83, 62, 194, 254)
2, (218, 355, 133, 179, 93, 51, 150, 237)
2, (216, 317, 120, 188, 95, 51, 131, 216)
2, (221, 269, 134, 203, 96, 54, 132, 214)
2, (209, 260, 149, 193, 89, 52, 116, 107)
2, (191, 292, 154, 174, 85, 59, 110, 96)
2, (228, 279, 145, 135, 75, 59, 101, 270)
2, (250, 291, 172, 167, 78, 60, 100, 281)
2, (234, 294, 170, 152, 73, 58, 108, 289)
2, (252, 336, 182, 167, 74, 67, 145, 310)
2, (265, 331, 194, 196, 96, 75, 148, 310)
2, (226, 340, 196, 215, 98, 74, 148, 184)
2, (201, 367, 186, 193, 97, 68, 143, 164)
2, (216, 374, 181, 201, 97, 74, 166, 292)
2, (209, 356, 163, 202, 102, 63, 145, 335)
2, (196, 334, 145, 179, 90, 51, 139, 339)
2, (234, 345, 150, 158, 89, 54, 141, 340)
2, (248, 285, 130, 188, 86, 61, 152, 342)
2, (281, 281, 122, 203, 89, 53, 116, 321)
2, (288, 317, 120, 211, 90, 52, 108, 307)
2, (292, 322, 134, 239, 93, 57, 116, 308)
2, (273, 308, 122, 239, 89, 57, 114, 309)
2, (312, 350, 139, 218, 89, 50, 109, 308)
2, (274, 355, 135, 226, 94, 56, 122, 237)
2, (253, 358, 144, 219, 104, 60, 141, 283)
2, (257, 371, 148, 191, 102, 53, 135, 290)
2, (299, 368, 161, 211, 104, 57, 139, 334)
2, (309, 386, 147, 207, 112, 61, 144, 344)
2, (309, 373, 151, 185, 112, 54, 130, 332)
2, (322, 341, 169, 233, 94, 55, 107, 359)
2, (345, 323, 182, 249, 95, 61, 110, 355)
2, (333, 344, 185, 242, 97, 58, 112, 336)
2, (306, 281, 192, 240, 89, 61, 106, 326)
3, (225, 350, 220, 185, 92, 92, 239, 311)
3, (228, 323, 232, 180, 82, 81, 187, 320)
3, (244, 357, 259, 165, 81, 84, 179, 321)
3, (246, 353, 251, 201, 115, 82, 160, 364)
3, (251, 346, 213, 198, 121, 81, 153, 369)
3, (237, 340, 196, 169, 115, 56, 101, 354)
3, (233, 388, 190, 166, 116, 57, 96, 356)
3, (285, 413, 179, 173, 131, 63, 95, 369)
3, (309, 431, 191, 130, 102, 58, 87, 461)
3, (289, 398, 178, 129, 93, 56, 78, 397)
3, (283, 409, 190, 158, 88, 60, 74, 404)
3, (289, 373, 192, 167, 102, 62, 77, 411)
3, (252, 348, 198, 169, 88, 58, 84, 451)
3, (254, 393, 197, 184, 97, 66, 111, 324)
3, (249, 416, 203, 186, 97, 69, 109, 330)
3, (255, 399, 192, 191, 97, 68, 111, 330)
3, (309, 440, 184, 189, 100, 66, 114, 368)
3, (341, 439, 178, 178, 106, 63, 117, 337)
3, (327, 377, 169, 184, 108, 57, 90, 341)
3, (341, 374, 177, 191, 115, 54, 91, 336)
3, (360, 372, 185, 157, 121, 52, 87, 342)
3, (310, 323, 190, 185, 121, 75, 115, 310)
3, (327, 286, 164, 192, 114, 72, 111, 348)
3, (309, 309, 167, 217, 120, 70, 112, 367)
3, (302, 287, 167, 210, 131, 71, 123, 379)
3, (286, 280, 158, 212, 125, 69, 123, 368)
3, (340, 283, 162, 212, 119, 46, 105, 379)
3, (291, 279, 167, 228, 122, 46, 106, 424)
3, (317, 313, 162, 216, 109, 50, 109, 387)
3, (350, 311, 153, 212, 83, 48, 96, 391)
3, (346, 317, 186, 218, 91, 53, 94, 399)
3, (328, 342, 202, 213, 90, 64, 119, 455)
3, (322, 404, 215, 193, 95, 64, 110, 396)
3, (322, 340, 225, 167, 97, 60, 108, 387)
3, (317, 349, 217, 199, 103, 67, 134, 381)
3, (323, 417, 193, 195, 98, 68, 143, 379)
3, (299, 402, 184, 196, 93, 58, 134, 284)
3, (306, 383, 184, 212, 84, 77, 162, 291)
3, (288, 433, 184, 213, 90, 79, 162, 291)
3, (275, 441, 198, 202, 94, 74, 142, 285)
3, (305, 378, 192, 198, 90, 84, 174, 290)
3, (296, 375, 192, 175, 98, 88, 177, 336)
3, (309, 409, 185, 152, 105, 76, 155, 344)
3, (331, 394, 177, 162, 101, 79, 160, 341)
3, (312, 380, 183, 156, 97, 88, 178, 339)
3, (293, 389, 190, 161, 107, 78, 138, 343)
3, (336, 424, 178, 162, 98, 74, 118, 287)
3, (325, 418, 171, 160, 89, 81, 125, 313)
3, (303, 394, 190, 157, 93, 101, 152, 328)
3, (311, 425, 197, 145, 93, 94, 144, 324)
3, (338, 416, 192, 162, 88, 94, 157, 352)
3, (317, 413, 191, 175, 88, 96, 157, 359)
3, (310, 347, 190, 173, 86, 89, 148, 392)
3, (316, 349, 178, 158, 81, 62, 117, 382)
3, (322, 311, 161, 187, 82, 59, 98, 386)
3, (305, 343, 185, 181, 80, 70, 144, 375)
3, (290, 325, 197, 203, 79, 64, 140, 375)
3, (281, 339, 197, 205, 80, 63, 139, 361)
3, (286, 327, 193, 208, 80, 67, 142, 359)
3, (290, 318, 186, 189, 79, 72, 149, 355)
3, (286, 304, 171, 188, 78, 58, 96, 344)
3, (308, 269, 179, 179, 86, 66, 104, 331)
3, (320, 275, 201, 236, 85, 68, 110, 323)
4, (236, 350, 203, 179, 88, 117, 276, 401)
4, (229, 354, 216, 181, 90, 104, 257, 438)
4, (245, 350, 227, 186, 102, 110, 259, 350)
4, (180, 331, 219, 142, 101, 93, 205, 338)
4, (174, 307, 208, 147, 108, 79, 155, 364)
4, (189, 341, 229, 124, 114, 78, 148, 380)
4, (203, 344, 233, 185, 106, 81, 156, 396)
4, (197, 373, 217, 192, 105, 73, 120, 408)
4, (226, 430, 218, 197, 111, 74, 117, 398)
4, (224, 435, 220, 227, 111, 78, 133, 390)
4, (228, 422, 197, 232, 109, 87, 138, 460)
4, (259, 435, 174, 201, 122, 92, 137, 398)
4, (252, 418, 203, 199, 129, 84, 138, 396)
4, (238, 336, 211, 204, 127, 83, 141, 414)
4, (245, 409, 206, 173, 123, 74, 137, 463)
4, (234, 393, 236, 174, 119, 74, 158, 341)
4, (252, 383, 238, 158, 109, 70, 152, 333)
4, (244, 380, 227, 163, 92, 73, 146, 351)
4, (234, 399, 219, 178, 88, 74, 149, 441)
4, (237, 311, 212, 176, 90, 86, 159, 368)
4, (245, 347, 208, 185, 91, 91, 156, 384)
4, (207, 388, 245, 213, 80, 90, 154, 395)
4, (249, 390, 262, 203, 78, 99, 186, 381)
4, (257, 381, 261, 193, 79, 99, 191, 357)
4, (262, 406, 265, 189, 96, 107, 179, 391)
4, (372, 376, 245, 204, 101, 99, 172, 374)
4, (354, 311, 215, 171, 106, 98, 168, 364)
4, (342, 311, 184, 174, 105, 89, 142, 389)
4, (351, 346, 187, 215, 102, 93, 164, 348)
4, (346, 332, 186, 229, 92, 78, 167, 315)
4, (237, 348, 199, 202, 86, 74, 167, 325)
4, (227, 387, 188, 206, 78, 85, 198, 321)
4, (216, 375, 207, 215, 101, 107, 224, 438)
4, (197, 362, 200, 167, 108, 109, 247, 390)
4, (187, 343, 175, 175, 99, 103, 250, 392)
4, (166, 321, 158, 173, 95, 106, 258, 400)
4, (211, 328, 219, 167, 95, 98, 240, 451)
5, (246, 397, 179, 177, 109, 72, 126, 318)
5, (238, 369, 209, 194, 123, 71, 127, 322)
5, (233, 410, 216, 183, 112, 75, 149, 346)
5, (267, 397, 211, 198, 108, 76, 159, 371)
5, (266, 415, 227, 209, 126, 83, 163, 309)
5, (250, 371, 250, 180, 112, 70, 151, 300)
5, (256, 411, 227, 184, 101, 71, 151, 304)
5, (258, 393, 219, 190, 101, 65, 122, 285)
5, (230, 407, 221, 191, 108, 83, 131, 272)
5, (214, 367, 233, 184, 91, 74, 123, 333)
5, (212, 377, 221, 181, 86, 80, 141, 339)
5, (234, 359, 222, 152, 82, 83, 166, 335)
5, (236, 347, 221, 145, 92, 88, 178, 333)
5, (290, 411, 228, 124, 85, 69, 161, 370)
5, (290, 421, 224, 129, 90, 73, 160, 274)
5, (275, 401, 206, 167, 96, 68, 145, 267)
5, (255, 386, 221, 197, 106, 70, 128, 275)
5, (265, 378, 217, 201, 114, 71, 150, 357)
5, (217, 332, 255, 207, 117, 76, 149, 361)
5, (218, 325, 240, 230, 112, 73, 152, 361)
5, (224, 341, 238, 293, 118, 74, 159, 368)
5, (222, 335, 215, 277, 126, 76, 182, 378)
5, (228, 403, 226, 284, 114, 75, 160, 342)
5, (220, 394, 192, 280, 110, 69, 159, 346)
5, (210, 397, 192, 253, 110, 68, 158, 348)
5, (221, 402, 191, 154, 110, 70, 164, 350)
5, (241, 419, 189, 199, 98, 75, 145, 331)
5, (283, 358, 174, 184, 98, 66, 143, 334)
5, (276, 313, 177, 191, 101, 73, 159, 243)
5, (293, 346, 182, 188, 103, 81, 165, 242)
5, (284, 359, 198, 182, 96, 79, 157, 257)
5, (294, 338, 196, 143, 101, 75, 151, 319)
5, (262, 340, 200, 163, 97, 83, 156, 274)
5, (271, 449, 170, 168, 101, 78, 146, 296)
5, (253, 428, 156, 180, 104, 74, 137, 302)
5, (279, 455, 162, 191, 109, 79, 142, 438)
5, (246, 449, 162, 205, 102, 74, 142, 394)
5, (210, 448, 155, 202, 107, 70, 123, 388)
5, (219, 365, 196, 200, 98, 71, 130, 382)
5, (243, 367, 201, 192, 90, 68, 139, 424)
5, (220, 296, 177, 201, 79, 63, 141, 389)
5, (226, 321, 199, 199, 72, 62, 140, 390)
5, (231, 328, 207, 205, 71, 65, 151, 402)
5, (223, 357, 179, 199, 77, 67, 150, 400)
5, (198, 375, 178, 206, 84, 73, 167, 449)
5, (227, 380, 205, 183, 96, 79, 156, 352)
5, (216, 398, 185, 163, 108, 79, 153, 371)
5, (222, 496, 206, 146, 106, 72, 149, 371)
5, (238, 459, 198, 143, 103, 86, 187, 386)
5, (261, 432, 209, 152, 104, 100, 226, 381)
5, (217, 430, 218, 162, 105, 96, 249, 370)
5, (238, 429, 213, 195, 98, 102, 246, 356)
5, (240, 299, 185, 191, 112, 116, 267, 375)
5, (221, 311, 188, 188, 108, 109, 256, 434)
5, (252, 340, 185, 210, 102, 110, 260, 366)
5, (258, 356, 193, 198, 91, 121, 273, 368)
