0, (168, 269, 143, 124, 64, 61, 124, 265)
0, (170, 246, 135, 154, 66, 52, 120, 136)
0, (164, 236, 126, 158, 68, 54, 123, 236)
0, (135, 208, 128, 166, 76, 46, 105, 256)
0, (152, 189, 131, 164, 70, 50, 105, 257)
0, (156, 175, 131, 142, 67, 49, 98, 255)
0, (144, 180, 131, 104, 76, 58, 134, 254)
0, (144, 234, 139, 112, 80, 57, 135, 157)
0, (152, 246, 137, 104, 75, 57, 134, 234)
0, (155, 256, 109, 141, 99, 65, 143, 242)
0, (181, 258, 111, 140, 99, 81, 204, 241)
0, (171, 260, 121, 139, 92, 81, 187, 244)
0, (177, 204, 111, 135, 93, 78, 177, 248)
0, (199, 238, 127, 161, 102, 85, 189, 171)
0, (195, 234, 146, 135, 79, 80, 199, 268)
0, (191, 234, 146, 136, 80, 70, 155, 283)
0, (213, 226, 141, 136, 79, 63, 145, 283)
0, (205, 206, 141, 127, 77, 63, 144, 280)
0, (184, 224, 137, 114, 66, 56, 127, 263)
0, (173, 229, 112, 109, 68, 63, 124, 132)
0, (163, 230, 125, 105, 66, 57, 103, 88)
0, (134, 231, 126, 109, 67, 57, 100, 69)
0, (134, 226, 120, 107, 69, 56, 99, 62)
0, (121, 135, 100, 68, 72, 53, 98, 52)
0, (133, 184, 99, 62, 67, 38, 53, 45)
0, (109, 190, 73, 62, 70, 39, 48, 43)
0, (134, 200, 79, 56, 90, 43, 50, 41)
0, (134, 199, 77, 61, 94, 45, 52, 39)
0, (134, 209, 91, 62, 89, 43, 47, 37)
0, (130, 184, 90, 61, 98, 52, 70, 38)
0, (129, 178, 87, 60, 101, 50, 75, 36)
0, (107, 170, 75, 56, 83, 46, 74, 37)
0, (105, 173, 74, 59, 76, 46, 71, 37)
0, (104, 170, 57, 56, 82, 51, 76, 40)
0, (89, 143, 66, 58, 93, 45, 64, 37)
0, (95, 185, 66, 56, 92, 44, 57, 39)
0, (97, 182, 66, 56, 93, 45, 54, 39)
0, (100, 180, 65, 49, 91, 45, 74, 43)
0, (108, 180, 71, 58, 83, 44, 74, 43)
0, (115, 179, 63, 56, 57, 43, 68, 43)
0, (129, 200, 65, 63, 51, 45, 70, 41)
0, (118, 209, 69, 78, 51, 45, 72, 39)
0, (115, 222, 72, 77, 66, 46, 59, 35)
0, (112, 220, 72, 72, 71, 41, 53, 36)
0, (104, 218, 73, 74, 70, 39, 60, 34)
0, (76, 157, 74, 67, 72, 38, 60, 34)
0, (105, 212, 75, 53, 85, 45, 67, 36)
0, (107, 200, 73, 61, 78, 42, 67, 37)
0, (115, 198, 68, 61, 74, 43, 73, 34)
0, (130, 196, 63, 57, 86, 44, 65, 39)
0, (131, 198, 64, 61, 86, 43, 65, 42)
0, (114, 215, 64, 59, 75, 36, 59, 41)
0, (147, 213, 72, 49, 75, 37, 54, 41)
0, (145, 215, 75, 52, 72, 36, 50, 44)
0, (126, 216, 81, 57, 62, 36, 61, 43)
0, (130, 206, 75, 52, 60, 39, 59, 39)
0, (127, 122, 73, 50, 58, 37, 58, 39)
0, (106, 192, 80, 65, 64, 35, 57, 37)
0, (130, 196, 84, 63, 68, 37, 55, 33)
0, (131, 203, 81, 58, 67, 36, 50, 37)
0, (127, 210, 86, 58, 65, 35, 52, 42)
0, (127, 206, 84, 62, 69, 38, 59, 43)
0, (125, 151, 68, 56, 63, 41, 57, 45)
0, (90, 199, 59, 57, 61, 42, 67, 47)
1, (87, 194, 56, 57, 61, 45, 67, 43)
1, (100, 198, 56, 62, 67, 50, 68, 41)
1, (98, 210, 56, 58, 66, 49, 64, 39)
1, (91, 204, 57, 56, 78, 53, 71, 37)
1, (92, 157, 56, 57, 91, 53, 68, 34)
1, (114, 204, 68, 68, 93, 49, 67, 32)
1, (116, 202, 67, 65, 92, 42, 62, 31)
1, (119, 188, 66, 68, 90, 43, 66, 32)
1, (120, 187, 70, 66, 78, 37, 62, 36)
1, (138, 182, 72, 75, 62, 37, 59, 37)
1, (128, 188, 60, 66, 70, 35, 58, 37)
1, (134, 184, 60, 65, 74, 40, 72, 41)
1, (146, 193, 63, 73, 91, 43, 71, 42)
1, (150, 203, 65, 73, 95, 42, 67, 41)
1, (135, 206, 79, 62, 102, 38, 65, 41)
2, (136, 228, 80, 70, 92, 43, 69, 43)
2, (139, 235, 81, 72, 91, 39, 56, 39)
2, (135, 227, 77, 63, 74, 34, 58, 37)
2, (126, 262, 91, 60, 76, 36, 59, 37)
2, (142, 264, 81, 63, 70, 40, 58, 38)
2, (149, 240, 82, 56, 74, 39, 51, 35)
2, (131, 232, 82, 51, 77, 40, 55, 36)
2, (129, 246, 95, 53, 79, 43, 53, 36)
2, (154, 211, 85, 67, 78, 41, 49, 33)
2, (142, 229, 84, 71, 78, 40, 50, 31)
2, (137, 193, 89, 70, 80, 40, 49, 30)
2, (144, 206, 96, 73, 77, 42, 49, 29)
2, (140, 206, 92, 75, 75, 41, 53, 34)
2, (111, 223, 82, 64, 68, 43, 60, 36)
2, (113, 201, 77, 59, 71, 44, 64, 40)
2, (100, 204, 70, 67, 69, 41, 71, 40)
2, (125, 197, 68, 67, 76, 40, 69, 41)
2, (140, 192, 64, 60, 75, 41, 66, 38)
2, (145, 216, 67, 65, 81, 44, 72, 38)
2, (142, 216, 70, 61, 82, 43, 67, 33)
2, (149, 212, 76, 50, 81, 47, 64, 37)
2, (135, 210, 74, 47, 77, 51, 67, 39)
2, (115, 227, 74, 51, 77, 49, 64, 40)
2, (117, 192, 79, 47, 92, 42, 49, 39)
2, (120, 187, 82, 49, 93, 46, 55, 41)
2, (126, 201, 89, 49, 90, 46, 57, 40)
2, (111, 198, 87, 48, 83, 49, 116, 51)
2, (129, 219, 81, 59, 86, 53, 126, 51)
2, (119, 205, 78, 87, 72, 56, 132, 55)
2, (115, 204, 84, 109, 64, 53, 142, 58)
2, (108, 197, 80, 116, 67, 51, 153, 64)
2, (122, 194, 76, 119, 73, 43, 116, 83)
2, (118, 156, 81, 123, 79, 60, 124, 280)
2, (122, 156, 100, 132, 75, 64, 140, 301)
2, (124, 158, 103, 125, 78, 74, 164, 307)
2, (129, 145, 111, 133, 84, 81, 162, 309)
2, (124, 213, 112, 131, 87, 85, 167, 303)
2, (164, 214, 118, 121, 81, 74, 156, 268)
2, (204, 214, 102, 115, 70, 45, 100, 239)
2, (175, 220, 110, 116, 79, 72, 155, 260)
2, (209, 209, 102, 139, 74, 46, 104, 246)
2, (179, 225, 103, 115, 74, 66, 124, 259)
2, (205, 241, 141, 147, 75, 45, 104, 288)
2, (177, 227, 87, 105, 65, 61, 114, 262)
2, (157, 182, 144, 138, 71, 61, 114, 225)
2, (178, 193, 92, 111, 59, 54, 101, 263)
2, (156, 186, 140, 140, 67, 75, 136, 227)
2, (149, 183, 90, 112, 54, 54, 104, 140)
2, (224, 190, 136, 178, 85, 80, 139, 232)
2, (173, 172, 83, 101, 57, 58, 101, 110)
2, (232, 190, 139, 172, 96, 80, 133, 242)
2, (185, 173, 83, 99, 60, 56, 95, 253)
2, (234, 139, 101, 191, 98, 83, 133, 251)
2, (191, 283, 97, 102, 57, 51, 100, 263)
2, (227, 165, 112, 203, 104, 73, 110, 245)
2, (194, 267, 103, 116, 60, 60, 117, 273)
2, (245, 185, 121, 201, 132, 66, 90, 247)
2, (201, 266, 101, 123, 73, 62, 115, 274)
2, (192, 185, 141, 181, 122, 60, 83, 244)
2, (173, 264, 100, 115, 68, 55, 97, 275)
2, (169, 195, 138, 172, 111, 58, 99, 330)
2, (166, 297, 104, 122, 73, 59, 116, 273)
2, (179, 194, 136, 141, 108, 58, 102, 277)
2, (154, 204, 98, 130, 76, 60, 109, 295)
2, (193, 209, 134, 144, 97, 59, 110, 277)
2, (147, 206, 90, 114, 73, 56, 100, 294)
2, (191, 209, 138, 168, 73, 58, 106, 284)
2, (128, 208, 91, 112, 72, 55, 97, 298)
2, (181, 225, 128, 160, 78, 57, 104, 349)
2, (138, 259, 97, 126, 74, 54, 96, 297)
2, (185, 219, 136, 188, 84, 56, 96, 344)
2, (164, 217, 103, 119, 65, 58, 96, 200)
2, (184, 213, 142, 193, 86, 61, 94, 347)
2, (174, 233, 105, 124, 63, 60, 110, 277)
2, (184, 167, 135, 186, 86, 62, 98, 346)
2, (196, 236, 117, 132, 69, 58, 108, 287)
2, (190, 141, 122, 165, 68, 57, 117, 348)
2, (213, 233, 121, 131, 59, 56, 108, 287)
2, (206, 172, 109, 148, 68, 63, 120, 358)
2, (209, 230, 118, 129, 57, 60, 111, 287)
2, (206, 176, 94, 113, 63, 62, 119, 269)
2, (211, 230, 113, 132, 64, 51, 90, 331)
2, (198, 191, 86, 106, 63, 64, 123, 267)
2, (204, 209, 115, 124, 87, 50, 80, 273)
2, (187, 194, 82, 141, 65, 64, 123, 269)
2, (222, 213, 103, 112, 91, 60, 91, 337)
2, (162, 203, 80, 144, 63, 65, 107, 330)
2, (217, 215, 93, 110, 97, 74, 108, 367)
2, (169, 272, 86, 164, 60, 61, 108, 249)
2, (223, 154, 89, 91, 97, 73, 107, 413)
2, (174, 281, 102, 161, 61, 65, 110, 249)
2, (220, 150, 104, 144, 104, 82, 118, 382)
2, (230, 272, 101, 167, 57, 60, 122, 266)
2, (216, 186, 97, 166, 96, 85, 123, 357)
2, (234, 273, 110, 165, 57, 59, 113, 300)
2, (180, 187, 104, 175, 91, 78, 114, 283)
2, (229, 268, 116, 169, 61, 57, 110, 278)
2, (206, 201, 115, 190, 90, 66, 102, 323)
2, (210, 158, 118, 167, 55, 55, 114, 288)
2, (238, 221, 116, 201, 91, 67, 106, 276)
2, (223, 224, 143, 183, 59, 54, 116, 300)
2, (236, 284, 137, 179, 85, 58, 102, 276)
2, (212, 242, 140, 185, 62, 52, 102, 295)
2, (245, 264, 140, 167, 71, 52, 106, 286)
2, (240, 254, 142, 169, 70, 51, 102, 334)
3, (277, 235, 159, 177, 76, 88, 160, 272)
3, (266, 222, 128, 165, 79, 78, 148, 277)
3, (267, 222, 121, 145, 78, 79, 152, 277)
3, (277, 218, 102, 95, 76, 80, 151, 287)
3, (236, 124, 67, 85, 79, 74, 180, 275)
3, (212, 189, 68, 99, 82, 72, 176, 276)
3, (248, 231, 89, 155, 83, 68, 154, 278)
3, (241, 244, 104, 158, 83, 68, 162, 352)
3, (234, 245, 103, 155, 80, 65, 162, 265)
3, (235, 249, 104, 151, 74, 50, 128, 267)
3, (247, 244, 117, 149, 79, 46, 125, 268)
3, (212, 219, 106, 100, 74, 52, 125, 267)
3, (208, 217, 92, 101, 80, 59, 124, 282)
3, (223, 212, 116, 131, 81, 61, 127, 312)
3, (231, 228, 124, 131, 80, 62, 125, 315)
3, (228, 203, 108, 124, 78, 62, 126, 324)
3, (255, 202, 108, 124, 77, 64, 132, 344)
3, (280, 219, 122, 134, 71, 72, 153, 281)
3, (252, 235, 118, 115, 83, 75, 156, 247)
3, (245, 213, 112, 148, 85, 77, 148, 239)
3, (281, 257, 125, 158, 79, 77, 148, 228)
3, (257, 258, 133, 160, 79, 75, 153, 241)
3, (223, 232, 136, 164, 81, 61, 127, 218)
3, (231, 221, 123, 167, 70, 56, 110, 216)
3, (228, 224, 132, 147, 65, 52, 110, 215)
3, (252, 160, 129, 136, 68, 51, 115, 218)
3, (257, 161, 120, 145, 77, 45, 103, 180)
3, (277, 189, 128, 136, 71, 46, 117, 253)
3, (280, 209, 149, 129, 72, 56, 126, 256)
3, (304, 244, 142, 121, 72, 50, 122, 263)
3, (265, 241, 146, 128, 73, 48, 121, 264)
3, (291, 237, 145, 127, 64, 65, 134, 336)
3, (292, 221, 135, 121, 66, 65, 114, 272)
3, (295, 206, 114, 142, 68, 58, 106, 273)
3, (289, 162, 116, 149, 64, 66, 153, 279)
3, (294, 206, 113, 170, 66, 74, 158, 351)
3, (281, 198, 114, 158, 68, 66, 155, 271)
3, (274, 221, 126, 169, 71, 74, 161, 278)
3, (385, 220, 118, 147, 70, 75, 159, 313)
3, (381, 222, 114, 141, 72, 75, 121, 355)
3, (384, 259, 109, 113, 67, 79, 130, 318)
3, (372, 269, 110, 117, 66, 75, 122, 316)
3, (393, 268, 105, 103, 65, 70, 128, 316)
3, (312, 265, 113, 121, 79, 74, 147, 281)
3, (324, 309, 113, 116, 83, 69, 148, 283)
3, (309, 253, 113, 108, 81, 57, 131, 232)
3, (316, 244, 111, 109, 83, 59, 133, 230)
3, (307, 244, 99, 107, 83, 55, 120, 241)
3, (294, 268, 101, 106, 74, 55, 117, 241)
3, (282, 231, 102, 113, 73, 58, 115, 276)
3, (305, 252, 96, 112, 73, 57, 112, 278)
3, (306, 273, 94, 113, 79, 58, 102, 278)
3, (330, 262, 98, 128, 90, 66, 108, 277)
3, (330, 242, 90, 117, 85, 61, 88, 271)
3, (317, 234, 104, 127, 87, 63, 92, 150)
3, (294, 207, 111, 139, 97, 63, 88, 241)
3, (328, 285, 136, 151, 98, 60, 107, 274)
3, (281, 307, 138, 139, 91, 68, 120, 260)
3, (262, 305, 151, 144, 93, 69, 129, 258)
3, (272, 297, 160, 147, 95, 65, 125, 267)
3, (270, 290, 154, 155, 91, 67, 124, 302)
3, (221, 231, 139, 139, 85, 65, 114, 281)
3, (235, 187, 138, 141, 102, 55, 110, 279)
3, (225, 184, 141, 138, 104, 53, 110, 283)
3, (231, 180, 116, 134, 99, 55, 114, 281)
3, (223, 181, 131, 119, 91, 54, 115, 196)
3, (234, 201, 131, 127, 89, 57, 124, 224)
3, (218, 198, 130, 127, 61, 58, 117, 228)
3, (216, 205, 110, 134, 59, 58, 115, 233)
3, (206, 211, 119, 157, 64, 63, 134, 221)
3, (194, 254, 115, 155, 70, 73, 174, 275)
3, (211, 201, 110, 156, 79, 75, 180, 249)
3, (227, 201, 111, 155, 79, 79, 181, 245)
3, (231, 198, 113, 141, 73, 79, 180, 242)
3, (217, 204, 109, 107, 69, 72, 162, 251)
3, (260, 222, 98, 117, 74, 61, 129, 245)
3, (225, 213, 106, 106, 72, 56, 108, 238)
4, (298, 203, 102, 117, 117, 77, 143, 282)
4, (284, 167, 95, 111, 118, 80, 180, 302)
4, (257, 206, 108, 100, 86, 66, 179, 328)
4, (269, 222, 110, 130, 106, 74, 187, 309)
4, (279, 247, 109, 128, 102, 74, 180, 307)
4, (252, 242, 97, 124, 93, 82, 189, 306)
4, (286, 252, 113, 125, 92, 69, 138, 307)
4, (286, 238, 98, 140, 101, 76, 138, 333)
4, (265, 221, 102, 116, 85, 67, 130, 262)
4, (253, 203, 99, 125, 82, 66, 128, 272)
4, (269, 199, 102, 137, 81, 56, 134, 278)
4, (241, 191, 101, 128, 77, 54, 132, 314)
4, (252, 213, 113, 114, 65, 46, 117, 263)
4, (283, 221, 104, 133, 72, 50, 120, 258)
4, (313, 242, 117, 152, 78, 61, 144, 257)
4, (296, 250, 121, 161, 75, 54, 116, 262)
4, (346, 226, 114, 169, 73, 59, 124, 269)
4, (328, 213, 111, 167, 84, 72, 141, 254)
4, (305, 230, 133, 163, 73, 78, 175, 264)
4, (283, 200, 133, 142, 65, 74, 160, 281)
4, (280, 203, 142, 121, 73, 74, 162, 323)
4, (216, 228, 138, 113, 75, 72, 156, 316)
4, (232, 247, 143, 172, 81, 70, 170, 320)
4, (234, 233, 154, 172, 86, 75, 168, 316)
4, (239, 236, 149, 184, 86, 71, 161, 297)
4, (233, 229, 150, 216, 88, 74, 169, 325)
4, (269, 274, 168, 221, 91, 90, 179, 275)
5, (250, 277, 125, 143, 116, 61, 125, 320)
5, (207, 271, 104, 140, 129, 69, 129, 331)
5, (271, 272, 114, 108, 130, 73, 136, 280)
5, (269, 235, 105, 115, 108, 67, 124, 274)
5, (279, 198, 100, 117, 112, 72, 122, 274)
5, (288, 204, 99, 129, 104, 74, 142, 269)
5, (323, 198, 98, 121, 86, 81, 149, 302)
5, (260, 198, 84, 123, 73, 74, 134, 265)
5, (266, 249, 88, 127, 74, 82, 158, 276)
5, (296, 226, 89, 135, 105, 88, 167, 279)
5, (298, 218, 94, 114, 103, 86, 147, 364)
5, (261, 196, 95, 112, 107, 72, 137, 303)
