0, (86, 299, 616, 142, 62, 54, 71, 70)
0, (90, 310, 465, 127, 76, 50, 69, 66)
0, (81, 333, 358, 111, 90, 49, 61, 53)
0, (105, 339, 204, 103, 92, 51, 50, 49)
0, (112, 282, 123, 110, 98, 56, 49, 46)
0, (109, 270, 105, 136, 118, 62, 42, 46)
0, (102, 232, 87, 152, 120, 62, 40, 39)
0, (99, 189, 83, 181, 117, 63, 41, 34)
0, (68, 247, 90, 182, 115, 62, 40, 34)
0, (55, 241, 85, 184, 113, 60, 41, 35)
0, (52, 234, 80, 160, 88, 51, 39, 32)
0, (49, 223, 74, 137, 70, 45, 37, 32)
0, (65, 297, 75, 89, 56, 41, 36, 34)
0, (76, 243, 56, 89, 56, 38, 45, 36)
0, (74, 242, 56, 95, 62, 36, 42, 34)
0, (78, 237, 58, 93, 69, 35, 44, 35)
0, (77, 237, 53, 94, 70, 34, 44, 35)
0, (76, 174, 50, 99, 73, 35, 58, 41)
0, (70, 230, 49, 97, 75, 38, 51, 39)
0, (71, 226, 46, 81, 67, 37, 51, 38)
0, (65, 231, 39, 76, 62, 43, 49, 38)
0, (61, 233, 40, 77, 62, 44, 52, 39)
0, (64, 288, 49, 72, 70, 45, 35, 33)
0, (62, 250, 53, 84, 69, 40, 34, 30)
0, (65, 267, 61, 80, 72, 41, 37, 32)
0, (77, 300, 68, 90, 71, 34, 40, 39)
0, (79, 315, 77, 105, 77, 34, 35, 39)
0, (68, 269, 82, 108, 88, 35, 34, 36)
0, (84, 303, 86, 101, 86, 39, 38, 39)
0, (86, 293, 82, 107, 88, 42, 38, 39)
0, (74, 261, 78, 105, 89, 42, 37, 29)
0, (82, 244, 70, 84, 84, 43, 38, 28)
0, (81, 219, 63, 81, 71, 44, 49, 30)
0, (66, 163, 57, 95, 76, 41, 47, 26)
0, (69, 183, 58, 93, 74, 39, 51, 29)
0, (74, 183, 59, 87, 72, 39, 51, 30)
0, (69, 218, 62, 86, 70, 38, 50, 31)
0, (75, 223, 57, 79, 57, 35, 53, 32)
0, (86, 235, 60, 62, 49, 35, 52, 36)
0, (89, 286, 58, 81, 52, 34, 47, 35)
0, (90, 324, 69, 84, 58, 36, 48, 36)
0, (91, 318, 73, 85, 59, 40, 52, 34)
0, (135, 319, 70, 86, 68, 45, 42, 35)
0, (139, 349, 74, 86, 65, 45, 49, 32)
0, (136, 289, 74, 66, 65, 45, 55, 33)
0, (150, 281, 62, 64, 64, 46, 53, 35)
0, (153, 294, 62, 67, 65, 44, 53, 36)
1, (118, 279, 69, 66, 58, 40, 65, 37)
1, (110, 236, 64, 84, 79, 48, 66, 37)
1, (119, 347, 74, 90, 82, 50, 63, 37)
1, (120, 324, 80, 91, 81, 50, 67, 38)
1, (117, 299, 80, 92, 86, 50, 75, 39)
1, (121, 345, 79, 103, 86, 49, 65, 37)
1, (129, 350, 79, 98, 70, 41, 74, 39)
1, (126, 246, 72, 91, 66, 39, 74, 41)
1, (129, 277, 74, 113, 74, 42, 73, 43)
1, (156, 277, 74, 118, 72, 41, 66, 51)
1, (220, 218, 70, 114, 76, 43, 71, 53)
1, (227, 245, 81, 107, 75, 51, 77, 52)
1, (237, 250, 82, 115, 84, 54, 79, 53)
1, (245, 295, 83, 93, 77, 50, 77, 53)
1, (242, 303, 80, 90, 71, 49, 80, 46)
1, (199, 313, 82, 100, 69, 47, 74, 44)
1, (206, 293, 70, 98, 70, 37, 56, 45)
1, (227, 328, 75, 107, 67, 37, 54, 45)
1, (222, 258, 71, 111, 68, 38, 56, 51)
1, (239, 324, 71, 115, 76, 44, 54, 55)
1, (239, 322, 75, 119, 77, 44, 55, 54)
1, (223, 316, 79, 133, 78, 48, 56, 54)
1, (197, 292, 78, 153, 86, 50, 55, 51)
1, (202, 307, 76, 161, 98, 52, 75, 49)
1, (181, 257, 79, 163, 99, 48, 74, 46)
2, (175, 291, 76, 174, 106, 51, 78, 50)
2, (196, 302, 79, 168, 108, 49, 78, 53)
2, (213, 285, 75, 138, 98, 44, 77, 60)
2, (203, 306, 72, 134, 94, 39, 56, 57)
2, (199, 280, 69, 144, 89, 41, 56, 58)
2, (221, 244, 63, 130, 83, 37, 49, 58)
2, (224, 302, 56, 127, 75, 33, 44, 56)
2, (209, 301, 66, 138, 98, 36, 46, 49)
2, (203, 275, 70, 136, 91, 40, 46, 47)
2, (191, 271, 69, 118, 92, 39, 50, 42)
2, (165, 296, 78, 103, 87, 41, 53, 42)
2, (149, 241, 80, 115, 95, 46, 61, 43)
2, (148, 252, 78, 108, 70, 44, 59, 45)
2, (156, 279, 89, 97, 70, 42, 57, 46)
2, (164, 338, 87, 96, 66, 45, 60, 54)
2, (153, 315, 89, 111, 76, 43, 72, 54)
2, (149, 326, 88, 100, 72, 43, 65, 51)
2, (143, 370, 91, 91, 69, 46, 74, 50)
2, (138, 373, 82, 96, 72, 44, 78, 53)
2, (148, 331, 94, 101, 70, 43, 76, 45)
2, (146, 350, 87, 81, 63, 43, 64, 42)
2, (156, 339, 89, 81, 59, 43, 68, 51)
2, (188, 283, 87, 85, 60, 52, 62, 53)
2, (187, 286, 84, 93, 65, 55, 66, 51)
2, (175, 296, 74, 88, 70, 55, 64, 51)
2, (173, 283, 82, 118, 68, 55, 66, 53)
2, (198, 265, 78, 116, 71, 54, 65, 46)
2, (162, 296, 75, 113, 83, 45, 62, 40)
2, (159, 254, 82, 105, 82, 49, 61, 39)
2, (162, 245, 82, 114, 79, 48, 57, 39)
2, (168, 244, 73, 89, 79, 49, 64, 45)
2, (135, 268, 69, 88, 84, 52, 139, 73)
2, (167, 251, 73, 90, 83, 57, 176, 97)
2, (183, 265, 78, 110, 82, 56, 213, 109)
2, (194, 289, 77, 106, 85, 61, 255, 119)
2, (192, 313, 79, 124, 91, 61, 293, 129)
2, (172, 334, 99, 145, 90, 59, 297, 150)
2, (176, 337, 116, 163, 90, 62, 310, 165)
2, (173, 324, 112, 171, 88, 72, 356, 172)
2, (182, 356, 128, 175, 84, 83, 354, 178)
2, (184, 326, 132, 161, 78, 87, 364, 177)
2, (184, 297, 129, 158, 80, 87, 371, 155)
2, (230, 299, 152, 157, 87, 87, 379, 142)
2, (219, 349, 165, 150, 86, 80, 347, 175)
2, (199, 297, 162, 150, 85, 66, 355, 174)
2, (219, 299, 172, 159, 92, 62, 327, 178)
2, (225, 335, 173, 157, 84, 61, 295, 176)
2, (195, 317, 149, 166, 76, 55, 255, 166)
2, (200, 269, 162, 183, 85, 51, 230, 114)
2, (199, 311, 160, 185, 100, 55, 206, 97)
2, (185, 313, 149, 176, 93, 52, 184, 80)
2, (197, 265, 150, 170, 92, 55, 188, 85)
2, (163, 281, 146, 161, 86, 54, 185, 78)
2, (157, 268, 114, 136, 76, 54, 158, 75)
2, (163, 198, 107, 125, 59, 56, 146, 78)
2, (166, 222, 120, 138, 62, 56, 153, 74)
2, (155, 223, 123, 137, 72, 52, 147, 69)
2, (155, 205, 176, 125, 72, 53, 157, 77)
2, (208, 196, 176, 145, 74, 57, 171, 84)
2, (190, 276, 178, 160, 65, 45, 133, 138)
2, (211, 278, 178, 144, 70, 46, 141, 84)
2, (171, 235, 162, 171, 61, 44, 116, 120)
2, (200, 267, 173, 142, 67, 47, 146, 88)
2, (213, 262, 168, 166, 66, 42, 118, 121)
2, (204, 258, 171, 138, 53, 50, 146, 87)
2, (231, 252, 155, 152, 65, 41, 115, 136)
2, (203, 330, 129, 148, 53, 49, 128, 79)
2, (232, 229, 152, 146, 65, 38, 119, 136)
2, (193, 340, 138, 140, 56, 46, 117, 75)
2, (236, 253, 167, 146, 68, 44, 116, 115)
2, (188, 290, 143, 147, 60, 49, 121, 68)
2, (217, 293, 169, 122, 63, 47, 113, 114)
2, (191, 306, 145, 142, 58, 52, 118, 68)
2, (174, 253, 158, 127, 59, 49, 107, 118)
2, (187, 308, 155, 166, 65, 48, 109, 90)
2, (161, 260, 176, 126, 62, 50, 108, 96)
2, (186, 246, 151, 153, 70, 48, 143, 110)
2, (193, 325, 192, 115, 60, 47, 111, 94)
2, (146, 248, 141, 160, 65, 48, 138, 106)
2, (188, 291, 172, 114, 60, 45, 105, 95)
2, (160, 239, 133, 174, 62, 47, 141, 108)
2, (184, 277, 180, 137, 60, 42, 104, 102)
2, (173, 240, 125, 180, 64, 46, 133, 105)
2, (181, 277, 180, 157, 60, 37, 98, 106)
2, (173, 243, 112, 171, 60, 51, 143, 95)
2, (196, 322, 169, 162, 60, 52, 109, 107)
2, (163, 245, 106, 183, 61, 51, 107, 77)
2, (169, 292, 148, 169, 61, 54, 99, 107)
2, (173, 250, 131, 171, 66, 50, 133, 83)
2, (166, 294, 158, 197, 75, 52, 92, 109)
2, (158, 273, 154, 155, 66, 52, 131, 87)
2, (205, 338, 139, 212, 83, 52, 106, 106)
2, (142, 252, 155, 161, 70, 55, 139, 86)
2, (207, 341, 124, 225, 98, 57, 113, 117)
2, (132, 254, 149, 187, 86, 54, 133, 113)
2, (177, 300, 112, 229, 99, 50, 116, 114)
2, (181, 308, 139, 203, 89, 53, 144, 116)
2, (165, 294, 131, 222, 97, 52, 118, 118)
3, (177, 219, 158, 146, 87, 49, 114, 135)
3, (165, 211, 160, 187, 83, 45, 114, 113)
3, (163, 234, 132, 186, 87, 44, 108, 117)
3, (168, 236, 136, 189, 89, 43, 124, 127)
3, (178, 246, 144, 183, 75, 42, 117, 132)
3, (178, 242, 150, 177, 73, 46, 107, 110)
3, (182, 280, 146, 138, 70, 45, 111, 114)
3, (182, 304, 183, 134, 69, 49, 117, 110)
3, (189, 289, 178, 124, 61, 51, 123, 128)
3, (184, 302, 181, 119, 60, 54, 119, 119)
3, (160, 319, 179, 137, 80, 53, 120, 126)
3, (157, 289, 182, 155, 82, 58, 119, 145)
3, (150, 261, 152, 178, 86, 55, 118, 160)
3, (151, 296, 156, 176, 89, 53, 98, 132)
3, (136, 297, 147, 185, 91, 50, 98, 129)
3, (173, 289, 145, 194, 80, 44, 103, 169)
3, (171, 280, 133, 202, 86, 39, 103, 150)
3, (170, 269, 140, 194, 86, 42, 116, 132)
3, (164, 258, 147, 196, 86, 46, 116, 136)
3, (170, 235, 149, 201, 88, 47, 119, 146)
3, (150, 228, 146, 187, 84, 48, 118, 91)
3, (140, 277, 140, 173, 82, 47, 112, 92)
3, (173, 289, 162, 161, 76, 43, 100, 109)
3, (182, 258, 177, 170, 80, 41, 113, 131)
3, (173, 255, 188, 168, 77, 38, 117, 119)
3, (173, 300, 201, 164, 79, 42, 112, 115)
3, (217, 288, 215, 150, 79, 43, 134, 136)
3, (195, 286, 207, 150, 79, 45, 137, 133)
3, (188, 294, 194, 154, 71, 43, 129, 113)
3, (197, 310, 185, 158, 69, 49, 123, 115)
4, (233, 313, 115, 170, 78, 50, 126, 97)
4, (245, 330, 108, 175, 83, 53, 129, 115)
4, (249, 300, 139, 188, 88, 60, 127, 111)
4, (244, 317, 162, 136, 77, 58, 110, 110)
4, (183, 335, 176, 139, 73, 55, 103, 110)
4, (173, 311, 184, 136, 70, 51, 89, 138)
4, (180, 288, 188, 137, 68, 51, 89, 122)
4, (170, 287, 161, 124, 72, 58, 97, 128)
4, (181, 297, 137, 129, 80, 63, 107, 130)
4, (195, 250, 130, 127, 90, 67, 107, 142)
4, (186, 247, 147, 133, 86, 66, 112, 112)
4, (161, 270, 151, 134, 87, 65, 108, 116)
4, (169, 265, 151, 144, 92, 52, 110, 119)
5, (199, 222, 101, 105, 61, 61, 116, 129)
5, (186, 209, 82, 116, 73, 65, 111, 125)
5, (183, 211, 86, 112, 71, 65, 112, 123)
5, (164, 211, 86, 105, 73, 51, 94, 103)
5, (165, 174, 86, 92, 76, 53, 87, 98)
5, (129, 167, 83, 109, 87, 48, 85, 91)
5, (134, 203, 89, 106, 83, 42, 84, 89)
5, (180, 201, 86, 108, 90, 54, 96, 91)
5, (194, 234, 96, 106, 105, 59, 91, 80)
5, (176, 260, 97, 100, 101, 57, 94, 91)
5, (172, 310, 110, 86, 93, 63, 110, 104)
5, (191, 277, 104, 81, 89, 63, 110, 109)
5, (172, 291, 100, 87, 89, 56, 99, 109)
5, (156, 281, 103, 88, 63, 50, 98, 115)
5, (153, 260, 104, 94, 65, 53, 98, 107)
5, (154, 273, 117, 100, 72, 49, 73, 97)
5, (135, 271, 117, 96, 75, 55, 85, 97)
5, (110, 262, 122, 90, 65, 54, 89, 92)
5, (120, 244, 121, 110, 69, 55, 96, 96)
5, (134, 277, 127, 109, 68, 48, 89, 94)
5, (145, 202, 108, 102, 59, 51, 104, 97)
5, (142, 222, 114, 104, 56, 45, 110, 94)
5, (159, 241, 127, 102, 58, 46, 114, 96)
5, (168, 297, 144, 77, 56, 44, 116, 104)
5, (173, 304, 134, 80, 57, 45, 115, 109)
5, (160, 300, 133, 97, 65, 42, 103, 110)
5, (149, 288, 132, 106, 65, 45, 110, 113)
5, (130, 289, 124, 110, 64, 48, 104, 126)
5, (137, 236, 105, 116, 74, 51, 91, 118)
5, (120, 197, 126, 116, 74, 53, 93, 129)
5, (119, 200, 134, 102, 69, 54, 101, 141)
5, (152, 212, 128, 109, 70, 52, 92, 254)
5, (158, 214, 139, 132, 75, 53, 97, 248)
5, (140, 208, 138, 124, 72, 56, 119, 243)
5, (142, 209, 129, 128, 84, 53, 115, 240)
5, (151, 256, 121, 137, 85, 62, 128, 246)
5, (125, 276, 141, 131, 82, 72, 141, 138)
5, (128, 246, 132, 112, 82, 72, 141, 164)
5, (135, 255, 141, 118, 81, 69, 126, 238)
5, (150, 281, 152, 111, 76, 71, 136, 235)
5, (146, 276, 160, 112, 73, 65, 120, 253)
5, (141, 250, 141, 112, 78, 55, 104, 255)
5, (147, 255, 135, 109, 76, 65, 118, 241)
5, (141, 253, 118, 105, 72, 63, 114, 168)
5, (140, 268, 118, 120, 62, 62, 111, 182)
5, (152, 250, 142, 113, 61, 64, 122, 271)
5, (173, 245, 143, 104, 57, 60, 112, 263)
5, (163, 249, 142, 114, 54, 53, 110, 264)
5, (157, 249, 142, 117, 55, 56, 116, 266)
5, (153, 239, 122, 109, 61, 55, 113, 273)
5, (151, 229, 89, 107, 74, 57, 110, 156)
5, (129, 226, 114, 137, 80, 64, 143, 179)
5, (146, 245, 117, 134, 86, 59, 138, 223)
5, (183, 290, 126, 133, 89, 57, 141, 226)
5, (222, 266, 139, 147, 89, 60, 146, 241)
5, (210, 266, 149, 152, 81, 54, 139, 231)
5, (210, 302, 142, 137, 85, 49, 111, 218)
5, (198, 339, 154, 148, 81, 56, 122, 233)
5, (185, 308, 161, 148, 76, 60, 162, 263)
5, (156, 303, 148, 133, 73, 70, 188, 241)
5, (160, 306, 145, 134, 80, 76, 198, 239)
5, (178, 344, 159, 139, 75, 81, 204, 235)
5, (172, 291, 151, 131, 82, 89, 203, 184)
5, (165, 282, 158, 195, 86, 93, 192, 130)
5, (173, 293, 167, 194, 91, 85, 174, 131)
5, (174, 286, 163, 191, 101, 81, 161, 133)
5, (181, 191, 142, 184, 97, 73, 152, 154)
5, (180, 218, 145, 173, 92, 60, 142, 136)
5, (179, 253, 130, 103, 101, 61, 120, 131)
5, (142, 271, 142, 113, 95, 61, 108, 114)
5, (136, 270, 134, 107, 76, 56, 109, 137)
5, (108, 277, 130, 103, 77, 61, 126, 113)
5, (119, 272, 130, 115, 76, 60, 123, 117)
5, (115, 250, 144, 101, 57, 48, 121, 114)
5, (168, 211, 124, 106, 56, 50, 120, 116)
5, (187, 209, 125, 114, 62, 50, 132, 113)
5, (194, 209, 137, 123, 63, 51, 118, 113)
5, (206, 246, 142, 119, 64, 56, 125, 113)
5, (215, 257, 123, 132, 71, 56, 122, 140)
5, (183, 253, 144, 130, 72, 55, 117, 135)
5, (169, 261, 165, 127, 70, 62, 122, 111)
5, (152, 288, 165, 138, 81, 65, 137, 110)
5, (147, 241, 153, 138, 81, 65, 134, 112)
5, (124, 224, 155, 131, 75, 63, 127, 76)
5, (126, 269, 146, 121, 77, 61, 132, 82)
5, (137, 272, 119, 178, 85, 56, 133, 86)
5, (220, 281, 116, 167, 74, 52, 122, 97)
