0, (204, 227, 244, 205, 98, 66, 109, 92)
0, (215, 240, 242, 206, 92, 65, 109, 91)
0, (194, 250, 204, 183, 84, 54, 91, 88)
0, (232, 241, 208, 173, 116, 64, 95, 109)
0, (241, 273, 171, 177, 130, 69, 88, 117)
0, (244, 263, 161, 187, 126, 72, 96, 125)
0, (238, 258, 161, 187, 124, 75, 101, 125)
0, (249, 276, 157, 185, 129, 78, 100, 125)
0, (250, 317, 137, 169, 100, 67, 95, 138)
0, (216, 290, 131, 143, 73, 59, 107, 123)
0, (213, 288, 137, 130, 72, 62, 101, 116)
0, (229, 280, 163, 137, 80, 61, 98, 118)
0, (233, 255, 151, 137, 70, 61, 102, 145)
0, (192, 205, 177, 129, 64, 60, 95, 117)
0, (192, 258, 181, 132, 67, 71, 100, 117)
0, (198, 254, 175, 129, 77, 66, 98, 114)
0, (195, 263, 154, 116, 71, 65, 96, 113)
0, (173, 263, 164, 117, 80, 63, 94, 94)
0, (171, 278, 165, 186, 82, 63, 96, 98)
0, (171, 279, 178, 183, 77, 67, 107, 95)
0, (202, 295, 183, 187, 69, 66, 120, 95)
0, (204, 301, 188, 180, 66, 68, 124, 92)
0, (213, 298, 191, 212, 62, 69, 122, 102)
0, (210, 308, 167, 154, 63, 70, 128, 98)
0, (248, 272, 148, 150, 68, 50, 107, 91)
0, (251, 262, 143, 153, 77, 59, 109, 98)
0, (240, 260, 166, 162, 82, 56, 105, 101)
0, (249, 289, 210, 144, 93, 60, 110, 101)
0, (259, 291, 220, 176, 94, 56, 105, 106)
0, (220, 295, 227, 173, 95, 63, 104, 112)
0, (199, 316, 225, 172, 87, 70, 129, 108)
0, (201, 312, 222, 173, 86, 71, 132, 115)
0, (195, 289, 174, 141, 73, 67, 129, 95)
0, (198, 271, 173, 155, 72, 72, 135, 90)
0, (224, 251, 165, 159, 70, 66, 131, 99)
0, (215, 235, 166, 189, 81, 51, 108, 101)
0, (215, 257, 201, 212, 78, 51, 106, 103)
0, (242, 264, 206, 231, 77, 48, 105, 114)
0, (231, 259, 220, 231, 78, 50, 110, 115)
0, (204, 298, 220, 237, 79, 61, 110, 113)
0, (200, 330, 227, 225, 82, 63, 93, 112)
0, (193, 310, 219, 229, 88, 65, 92, 124)
0, (166, 316, 217, 221, 86, 64, 92, 110)
0, (170, 316, 211, 215, 86, 61, 83, 108)
0, (174, 286, 213, 213, 90, 55, 80, 96)
0, (169, 229, 210, 196, 77, 48, 74, 93)
0, (162, 221, 162, 161, 71, 46, 71, 60)
0, (129, 215, 151, 148, 69, 47, 71, 49)
0, (163, 275, 109, 101, 76, 46, 55, 49)
0, (181, 247, 108, 89, 71, 41, 50, 56)
0, (203, 259, 111, 90, 73, 42, 50, 61)
0, (204, 266, 122, 91, 95, 50, 50, 56)
0, (210, 257, 128, 98, 96, 52, 48, 57)
0, (210, 305, 127, 94, 89, 53, 47, 57)
1, (198, 310, 117, 89, 87, 57, 50, 55)
1, (188, 334, 106, 86, 86, 54, 45, 48)
1, (193, 341, 96, 66, 57, 47, 51, 47)
1, (189, 393, 89, 54, 61, 48, 55, 48)
1, (168, 348, 110, 51, 62, 45, 59, 50)
1, (161, 345, 119, 54, 66, 46, 57, 41)
1, (171, 334, 118, 51, 61, 49, 64, 43)
1, (194, 347, 111, 53, 62, 48, 62, 47)
1, (285, 327, 108, 60, 70, 52, 67, 64)
1, (300, 297, 87, 66, 87, 56, 61, 68)
1, (304, 296, 83, 67, 82, 49, 61, 74)
1, (315, 335, 81, 68, 85, 52, 59, 76)
1, (315, 326, 93, 64, 82, 55, 64, 79)
1, (276, 364, 108, 83, 80, 59, 86, 71)
2, (271, 405, 117, 83, 75, 56, 93, 69)
2, (260, 405, 112, 82, 81, 61, 94, 68)
2, (248, 359, 108, 93, 82, 60, 99, 69)
2, (294, 369, 109, 94, 85, 64, 101, 67)
2, (260, 327, 97, 72, 79, 58, 90, 62)
2, (241, 268, 88, 66, 65, 57, 87, 60)
2, (265, 323, 92, 69, 65, 53, 84, 57)
2, (277, 350, 97, 60, 63, 50, 76, 50)
2, (229, 403, 89, 66, 61, 49, 89, 47)
2, (230, 372, 84, 63, 85, 49, 86, 44)
2, (230, 376, 81, 80, 89, 47, 86, 40)
2, (199, 360, 75, 78, 86, 48, 92, 43)
2, (175, 375, 71, 76, 89, 63, 109, 53)
2, (199, 308, 88, 83, 93, 61, 97, 50)
2, (233, 349, 90, 86, 81, 64, 103, 55)
2, (233, 359, 98, 76, 77, 66, 104, 59)
2, (248, 362, 98, 75, 79, 67, 104, 58)
2, (237, 331, 105, 73, 77, 55, 121, 63)
2, (253, 363, 101, 67, 74, 55, 130, 69)
2, (259, 330, 113, 90, 77, 57, 130, 67)
2, (261, 347, 117, 107, 74, 55, 132, 67)
2, (253, 310, 132, 125, 84, 55, 130, 87)
2, (289, 305, 144, 157, 84, 54, 109, 90)
2, (242, 260, 138, 163, 84, 68, 132, 89)
2, (266, 271, 132, 162, 80, 60, 130, 92)
2, (313, 294, 135, 181, 96, 71, 150, 92)
2, (319, 319, 137, 178, 88, 78, 157, 73)
2, (301, 385, 125, 152, 88, 81, 155, 62)
2, (304, 375, 124, 151, 96, 70, 129, 60)
2, (353, 392, 127, 146, 97, 75, 125, 87)
2, (334, 362, 118, 108, 95, 69, 108, 114)
2, (332, 360, 106, 111, 94, 61, 102, 115)
2, (335, 334, 120, 115, 93, 56, 95, 121)
2, (364, 370, 125, 110, 86, 61, 101, 128)
2, (264, 372, 146, 101, 80, 62, 102, 109)
2, (237, 382, 149, 110, 68, 56, 92, 94)
2, (284, 376, 151, 103, 72, 66, 103, 134)
2, (270, 349, 141, 108, 75, 71, 106, 133)
2, (242, 314, 151, 107, 77, 73, 101, 131)
2, (308, 277, 133, 135, 80, 77, 115, 133)
2, (322, 237, 135, 136, 77, 76, 119, 137)
2, (277, 226, 137, 132, 74, 70, 109, 106)
2, (295, 209, 140, 126, 68, 68, 116, 108)
2, (290, 205, 128, 129, 73, 61, 115, 104)
2, (274, 258, 154, 103, 70, 50, 94, 102)
2, (279, 331, 164, 102, 79, 55, 90, 85)
2, (310, 354, 165, 118, 88, 55, 91, 85)
2, (306, 358, 161, 130, 92, 50, 87, 83)
2, (304, 378, 159, 135, 96, 50, 83, 100)
2, (264, 338, 136, 134, 106, 50, 84, 98)
2, (253, 275, 129, 146, 113, 52, 91, 97)
2, (262, 249, 126, 143, 105, 52, 85, 115)
2, (256, 234, 124, 148, 102, 54, 86, 120)
2, (257, 208, 127, 152, 92, 61, 98, 111)
2, (252, 223, 115, 159, 80, 59, 98, 112)
2, (272, 231, 99, 152, 70, 61, 94, 117)
2, (233, 245, 108, 169, 84, 65, 93, 102)
2, (216, 247, 115, 183, 106, 63, 81, 91)
2, (200, 236, 110, 173, 105, 56, 59, 82)
2, (194, 325, 148, 171, 105, 56, 66, 90)
3, (285, 285, 149, 152, 82, 63, 98, 117)
3, (281, 285, 149, 152, 86, 65, 103, 120)
3, (243, 287, 183, 163, 90, 68, 113, 129)
3, (227, 265, 193, 175, 80, 60, 100, 128)
3, (237, 269, 181, 164, 78, 60, 92, 105)
3, (235, 222, 181, 150, 84, 71, 110, 116)
3, (267, 226, 201, 174, 80, 75, 108, 124)
3, (339, 234, 195, 184, 79, 83, 113, 119)
3, (340, 230, 185, 179, 81, 81, 108, 108)
3, (336, 218, 184, 178, 94, 80, 132, 139)
3, (342, 268, 187, 170, 86, 70, 120, 134)
3, (315, 261, 170, 146, 89, 65, 119, 127)
3, (243, 263, 164, 124, 88, 49, 113, 122)
3, (229, 298, 155, 123, 90, 58, 130, 132)
3, (217, 321, 163, 154, 88, 61, 108, 97)
3, (177, 265, 199, 171, 89, 62, 119, 95)
3, (189, 265, 196, 188, 93, 66, 126, 99)
3, (226, 264, 178, 201, 105, 68, 124, 122)
3, (253, 282, 176, 198, 113, 65, 119, 105)
3, (289, 330, 170, 187, 108, 59, 118, 114)
3, (291, 331, 122, 176, 116, 58, 106, 119)
3, (285, 338, 116, 167, 124, 62, 103, 130)
3, (315, 337, 177, 169, 112, 71, 121, 117)
3, (309, 334, 190, 162, 104, 70, 118, 124)
3, (276, 277, 205, 158, 101, 71, 123, 121)
3, (270, 287, 205, 179, 92, 74, 123, 128)
3, (287, 279, 230, 210, 87, 66, 122, 117)
3, (239, 318, 212, 205, 85, 50, 98, 114)
3, (247, 294, 223, 210, 88, 67, 113, 114)
3, (242, 301, 216, 208, 92, 65, 109, 120)
3, (308, 325, 226, 189, 91, 64, 119, 114)
3, (297, 344, 212, 148, 79, 69, 115, 107)
3, (289, 326, 218, 167, 77, 72, 114, 101)
3, (291, 308, 200, 156, 77, 62, 111, 117)
3, (297, 289, 192, 155, 98, 70, 109, 110)
3, (242, 229, 199, 180, 99, 68, 94, 108)
3, (236, 300, 189, 184, 100, 72, 107, 142)
3, (241, 274, 175, 160, 105, 72, 112, 142)
3, (230, 283, 212, 199, 120, 67, 88, 130)
3, (258, 279, 215, 203, 102, 63, 90, 132)
3, (270, 280, 221, 176, 97, 65, 100, 126)
3, (299, 189, 232, 178, 104, 68, 89, 114)
3, (330, 240, 226, 166, 102, 72, 86, 127)
3, (324, 252, 197, 141, 86, 72, 92, 122)
3, (302, 258, 215, 162, 84, 74, 98, 151)
3, (295, 336, 194, 191, 102, 88, 103, 153)
3, (344, 366, 179, 209, 115, 87, 105, 142)
3, (314, 343, 189, 228, 114, 82, 105, 138)
3, (305, 350, 196, 220, 121, 85, 99, 156)
3, (320, 377, 182, 206, 125, 89, 108, 130)
3, (324, 309, 176, 186, 112, 80, 115, 129)
3, (259, 258, 196, 200, 98, 77, 120, 135)
3, (252, 258, 185, 208, 113, 79, 116, 125)
3, (254, 282, 174, 209, 108, 73, 116, 96)
3, (267, 279, 163, 209, 106, 66, 104, 94)
3, (249, 283, 155, 205, 113, 70, 106, 105)
3, (227, 285, 125, 162, 127, 79, 100, 98)
3, (246, 301, 120, 160, 107, 76, 102, 100)
3, (251, 251, 125, 155, 102, 77, 102, 102)
3, (250, 252, 154, 156, 103, 78, 103, 131)
3, (192, 318, 150, 214, 108, 53, 92, 119)
3, (244, 273, 159, 202, 101, 77, 115, 121)
3, (212, 303, 141, 211, 97, 49, 94, 119)
3, (278, 313, 161, 206, 75, 75, 120, 123)
3, (238, 293, 142, 210, 89, 54, 108, 115)
3, (292, 321, 167, 181, 81, 73, 120, 121)
3, (255, 315, 149, 221, 98, 59, 116, 135)
3, (329, 319, 173, 203, 86, 73, 119, 135)
3, (283, 357, 150, 220, 96, 57, 113, 139)
3, (295, 294, 170, 201, 95, 71, 116, 101)
3, (262, 361, 150, 171, 84, 52, 90, 110)
3, (296, 273, 178, 158, 84, 71, 104, 105)
3, (255, 356, 166, 168, 101, 66, 88, 102)
3, (291, 277, 178, 149, 90, 68, 104, 93)
3, (234, 371, 186, 147, 111, 78, 133, 151)
3, (309, 258, 162, 211, 100, 70, 112, 104)
3, (232, 405, 188, 168, 111, 84, 145, 140)
3, (263, 303, 163, 227, 102, 75, 114, 89)
3, (207, 298, 179, 181, 112, 86, 144, 132)
3, (275, 311, 158, 233, 91, 76, 114, 91)
3, (199, 331, 194, 220, 121, 90, 144, 136)
3, (254, 340, 179, 256, 118, 80, 150, 142)
3, (285, 366, 156, 254, 101, 72, 111, 95)
4, (277, 253, 232, 196, 81, 70, 118, 146)
4, (279, 269, 201, 178, 79, 77, 126, 157)
4, (271, 269, 186, 192, 84, 73, 108, 119)
4, (289, 275, 176, 184, 89, 61, 94, 121)
4, (322, 287, 158, 169, 99, 60, 79, 116)
4, (298, 255, 133, 203, 109, 71, 104, 117)
4, (306, 240, 130, 197, 103, 63, 93, 97)
4, (327, 244, 138, 174, 99, 59, 95, 95)
4, (328, 267, 124, 176, 103, 70, 114, 108)
4, (259, 230, 142, 179, 91, 72, 121, 122)
5, (221, 221, 149, 118, 77, 63, 116, 202)
5, (230, 203, 140, 130, 78, 67, 120, 199)
5, (226, 209, 138, 144, 82, 52, 94, 206)
5, (237, 221, 144, 149, 81, 54, 95, 192)
5, (242, 219, 142, 146, 70, 56, 95, 188)
5, (225, 212, 110, 161, 81, 52, 89, 120)
5, (249, 223, 109, 149, 78, 52, 105, 203)
5, (262, 229, 115, 137, 71, 54, 100, 201)
5, (248, 224, 127, 128, 67, 48, 94, 201)
5, (242, 224, 157, 150, 69, 46, 94, 194)
5, (271, 230, 153, 128, 66, 60, 103, 222)
5, (267, 232, 165, 138, 79, 65, 100, 162)
5, (226, 186, 190, 139, 76, 65, 105, 187)
5, (226, 182, 180, 148, 84, 66, 102, 184)
5, (239, 188, 150, 174, 110, 66, 105, 192)
5, (211, 197, 161, 195, 112, 67, 109, 155)
5, (285, 270, 158, 195, 107, 64, 94, 150)
5, (283, 283, 129, 199, 121, 67, 93, 110)
5, (291, 285, 152, 202, 120, 67, 95, 128)
5, (276, 277, 164, 161, 97, 71, 98, 113)
5, (288, 270, 184, 138, 92, 59, 82, 123)
5, (207, 205, 180, 137, 91, 58, 103, 132)
5, (209, 222, 183, 158, 78, 64, 115, 145)
5, (213, 235, 172, 157, 97, 67, 115, 130)
5, (231, 241, 196, 168, 110, 83, 136, 180)
5, (230, 241, 205, 171, 109, 86, 139, 177)
5, (227, 213, 205, 168, 109, 88, 129, 170)
5, (232, 219, 204, 157, 108, 84, 119, 161)
5, (214, 245, 241, 202, 89, 90, 136, 204)
5, (226, 271, 233, 192, 69, 75, 115, 176)
5, (213, 275, 218, 206, 85, 80, 112, 175)
5, (222, 278, 226, 221, 93, 84, 118, 170)
5, (219, 269, 230, 238, 99, 85, 122, 171)
5, (242, 304, 195, 220, 113, 84, 126, 175)
5, (229, 280, 189, 229, 121, 89, 127, 171)
5, (232, 281, 182, 217, 107, 89, 162, 180)
5, (218, 290, 171, 201, 97, 80, 154, 185)
5, (204, 332, 159, 178, 102, 80, 148, 181)
5, (180, 269, 148, 157, 89, 83, 133, 121)
5, (198, 267, 138, 150, 90, 84, 130, 128)
5, (226, 267, 143, 149, 104, 79, 88, 122)
5, (234, 253, 154, 158, 120, 80, 83, 113)
5, (255, 213, 161, 163, 122, 86, 96, 181)
5, (254, 221, 177, 154, 125, 82, 107, 181)
5, (256, 224, 177, 155, 119, 79, 116, 171)
5, (225, 225, 176, 162, 123, 76, 114, 172)
5, (244, 220, 167, 154, 120, 72, 113, 171)
5, (223, 184, 166, 170, 116, 60, 101, 96)
5, (220, 212, 152, 167, 109, 56, 92, 106)
5, (199, 228, 147, 156, 111, 56, 92, 101)
5, (196, 219, 140, 159, 132, 64, 93, 90)
5, (156, 225, 169, 171, 123, 70, 97, 98)
5, (162, 251, 179, 143, 113, 76, 130, 107)
5, (161, 246, 198, 144, 116, 73, 138, 101)
5, (145, 228, 230, 175, 121, 68, 128, 100)
5, (181, 221, 233, 173, 82, 71, 140, 146)
5, (182, 216, 234, 169, 80, 77, 148, 143)
5, (242, 217, 235, 190, 86, 72, 133, 146)
