0, (235, 94, 116, 110, 115, 48, 101, 137)
0, (189, 94, 122, 132, 136, 49, 92, 112)
0, (198, 100, 129, 122, 130, 59, 98, 118)
0, (197, 97, 137, 115, 113, 55, 93, 117)
0, (191, 99, 155, 141, 111, 58, 90, 119)
0, (178, 93, 147, 139, 111, 65, 98, 94)
0, (190, 94, 156, 115, 115, 61, 104, 96)
0, (175, 96, 160, 124, 119, 62, 129, 89)
0, (177, 96, 152, 125, 120, 64, 132, 89)
0, (161, 98, 124, 91, 129, 61, 133, 113)
0, (162, 95, 126, 101, 135, 57, 128, 110)
0, (175, 92, 111, 97, 112, 59, 133, 107)
0, (194, 114, 88, 103, 103, 50, 102, 107)
0, (190, 122, 106, 101, 104, 45, 95, 124)
0, (228, 119, 107, 101, 118, 50, 94, 105)
0, (216, 120, 119, 93, 129, 52, 84, 96)
0, (197, 128, 134, 119, 132, 57, 72, 94)
0, (177, 110, 167, 111, 141, 59, 82, 90)
0, (210, 112, 209, 119, 140, 62, 85, 73)
0, (180, 113, 210, 125, 121, 67, 104, 87)
0, (244, 123, 202, 123, 99, 63, 104, 95)
0, (251, 116, 194, 124, 92, 60, 106, 93)
0, (263, 125, 185, 128, 92, 57, 101, 94)
0, (234, 130, 124, 124, 114, 55, 111, 97)
0, (232, 133, 132, 126, 116, 54, 127, 83)
0, (202, 131, 135, 129, 117, 53, 132, 79)
0, (204, 146, 129, 105, 123, 56, 136, 83)
0, (185, 139, 111, 118, 126, 60, 138, 79)
0, (192, 135, 144, 134, 106, 65, 136, 105)
0, (213, 145, 151, 129, 102, 61, 116, 112)
0, (209, 144, 148, 123, 110, 61, 118, 113)
0, (259, 125, 169, 131, 153, 62, 113, 113)
0, (257, 120, 167, 128, 151, 67, 109, 112)
0, (251, 110, 134, 105, 153, 65, 93, 72)
0, (231, 92, 115, 106, 156, 62, 75, 51)
0, (205, 89, 114, 116, 168, 62, 60, 41)
0, (143, 93, 76, 107, 136, 61, 57, 37)
0, (139, 104, 70, 85, 125, 51, 70, 41)
0, (136, 119, 77, 83, 132, 50, 71, 40)
0, (139, 118, 76, 91, 135, 53, 66, 42)
0, (178, 117, 70, 82, 119, 53, 66, 43)
0, (168, 129, 78, 80, 104, 49, 68, 41)
0, (194, 120, 76, 90, 110, 52, 54, 39)
0, (201, 112, 69, 87, 100, 47, 54, 42)
0, (199, 110, 67, 77, 103, 49, 61, 40)
0, (173, 126, 68, 71, 115, 52, 68, 39)
1, (161, 132, 60, 73, 118, 62, 80, 41)
1, (131, 132, 59, 71, 113, 63, 83, 41)
1, (165, 137, 55, 79, 111, 68, 84, 38)
1, (193, 162, 58, 82, 100, 63, 80, 46)
1, (183, 152, 58, 84, 77, 60, 77, 45)
1, (181, 154, 54, 91, 81, 47, 61, 44)
1, (205, 158, 52, 88, 84, 45, 54, 44)
1, (217, 162, 55, 82, 85, 40, 56, 44)
1, (203, 153, 50, 83, 98, 43, 71, 35)
1, (212, 149, 55, 89, 103, 47, 75, 36)
1, (278, 139, 57, 94, 106, 48, 75, 36)
1, (290, 146, 67, 98, 104, 52, 82, 41)
1, (262, 141, 73, 103, 107, 57, 86, 44)
1, (281, 133, 73, 104, 134, 64, 74, 45)
1, (281, 139, 75, 101, 128, 67, 72, 45)
1, (270, 146, 72, 92, 121, 72, 74, 49)
1, (243, 142, 63, 84, 120, 71, 72, 46)
1, (280, 154, 59, 92, 129, 68, 68, 45)
1, (290, 173, 66, 84, 101, 64, 69, 54)
1, (299, 173, 58, 79, 112, 60, 64, 58)
2, (277, 176, 61, 83, 111, 59, 71, 56)
2, (276, 172, 61, 97, 110, 55, 66, 53)
2, (247, 156, 58, 84, 118, 56, 64, 51)
2, (222, 138, 50, 81, 114, 55, 69, 41)
2, (201, 147, 53, 90, 105, 50, 73, 35)
2, (208, 129, 49, 84, 105, 46, 63, 35)
2, (213, 151, 62, 71, 110, 45, 60, 36)
2, (203, 148, 60, 79, 91, 48, 61, 37)
2, (232, 143, 62, 88, 97, 50, 64, 41)
2, (227, 151, 63, 81, 92, 50, 62, 45)
2, (191, 150, 64, 97, 95, 50, 60, 44)
2, (196, 134, 54, 97, 110, 50, 62, 48)
2, (200, 134, 58, 91, 109, 48, 67, 49)
2, (193, 137, 57, 83, 99, 44, 67, 48)
2, (198, 121, 53, 85, 104, 51, 80, 47)
2, (200, 136, 59, 72, 110, 58, 96, 53)
2, (223, 154, 61, 79, 98, 75, 136, 89)
2, (243, 158, 66, 89, 107, 86, 149, 95)
2, (219, 153, 69, 113, 111, 86, 147, 98)
2, (255, 165, 88, 138, 111, 84, 139, 105)
2, (299, 159, 94, 155, 128, 84, 149, 113)
2, (329, 146, 91, 154, 128, 70, 124, 90)
2, (307, 145, 98, 155, 119, 62, 109, 83)
2, (314, 152, 111, 146, 127, 60, 111, 80)
2, (312, 148, 101, 125, 129, 63, 115, 71)
2, (280, 146, 105, 113, 103, 59, 111, 79)
2, (210, 145, 112, 119, 103, 67, 119, 84)
2, (233, 147, 109, 128, 110, 59, 115, 85)
2, (247, 146, 97, 150, 107, 64, 138, 89)
2, (234, 141, 94, 154, 115, 66, 140, 93)
2, (238, 143, 79, 151, 111, 65, 129, 73)
2, (263, 145, 76, 151, 105, 62, 150, 67)
2, (272, 145, 64, 142, 98, 63, 159, 78)
2, (248, 152, 69, 106, 83, 61, 139, 75)
2, (249, 157, 88, 103, 79, 62, 135, 76)
2, (251, 162, 94, 104, 85, 71, 144, 79)
2, (233, 157, 102, 102, 94, 73, 122, 72)
2, (200, 150, 111, 120, 103, 74, 112, 62)
2, (194, 129, 108, 133, 108, 77, 115, 65)
2, (199, 119, 125, 140, 100, 73, 115, 76)
2, (190, 111, 128, 141, 99, 63, 112, 79)
2, (194, 103, 117, 137, 115, 54, 96, 83)
2, (201, 116, 118, 143, 118, 59, 95, 107)
2, (212, 128, 123, 147, 117, 55, 93, 109)
2, (217, 124, 107, 140, 115, 56, 102, 105)
2, (208, 125, 102, 139, 115, 53, 82, 100)
2, (195, 122, 106, 140, 95, 54, 81, 100)
2, (197, 114, 126, 127, 80, 52, 86, 90)
2, (181, 117, 121, 128, 71, 52, 87, 88)
2, (235, 125, 112, 126, 71, 55, 90, 78)
2, (238, 115, 119, 126, 81, 55, 91, 80)
2, (240, 119, 130, 136, 108, 65, 91, 79)
2, (249, 118, 114, 150, 111, 66, 94, 85)
2, (260, 111, 114, 139, 110, 62, 91, 80)
2, (206, 104, 121, 147, 110, 63, 87, 82)
2, (227, 135, 120, 146, 115, 76, 93, 82)
2, (222, 138, 117, 136, 102, 66, 93, 84)
2, (219, 140, 124, 108, 101, 64, 92, 79)
2, (205, 144, 138, 106, 105, 68, 96, 91)
2, (214, 143, 137, 105, 116, 67, 84, 92)
2, (181, 117, 135, 109, 107, 59, 90, 93)
2, (190, 110, 138, 162, 102, 60, 101, 98)
2, (202, 107, 152, 179, 95, 59, 99, 85)
2, (259, 105, 153, 191, 101, 62, 100, 77)
2, (251, 112, 152, 191, 97, 62, 116, 94)
2, (255, 106, 145, 190, 120, 56, 106, 92)
2, (253, 118, 134, 161, 124, 56, 92, 81)
2, (261, 125, 108, 151, 126, 59, 91, 84)
2, (203, 125, 112, 138, 126, 61, 103, 92)
2, (182, 126, 107, 134, 149, 74, 127, 84)
3, (177, 143, 148, 158, 115, 72, 108, 91)
3, (165, 135, 166, 143, 108, 72, 108, 105)
3, (208, 108, 166, 131, 103, 69, 107, 113)
3, (204, 98, 166, 135, 122, 72, 112, 103)
3, (225, 103, 168, 136, 115, 66, 102, 109)
3, (225, 116, 171, 172, 113, 62, 96, 132)
3, (241, 126, 147, 173, 127, 73, 125, 117)
3, (212, 127, 173, 196, 140, 80, 121, 109)
3, (207, 131, 170, 208, 125, 94, 134, 123)
3, (180, 129, 166, 209, 127, 96, 137, 116)
3, (197, 110, 163, 190, 130, 95, 137, 89)
3, (197, 88, 168, 189, 128, 86, 110, 87)
3, (209, 104, 139, 197, 131, 84, 110, 89)
3, (275, 125, 130, 184, 130, 65, 96, 78)
3, (294, 122, 116, 192, 125, 62, 94, 75)
3, (284, 127, 120, 189, 124, 60, 95, 74)
3, (268, 137, 131, 194, 131, 61, 106, 74)
3, (266, 122, 136, 169, 107, 69, 139, 95)
3, (200, 106, 171, 190, 100, 69, 146, 103)
3, (188, 115, 186, 190, 100, 67, 143, 102)
3, (184, 132, 206, 166, 99, 66, 141, 106)
3, (197, 132, 204, 172, 102, 66, 133, 119)
3, (254, 135, 205, 171, 117, 49, 93, 100)
3, (243, 135, 186, 143, 116, 48, 78, 82)
3, (229, 125, 197, 171, 115, 50, 81, 86)
3, (248, 100, 169, 185, 134, 59, 85, 98)
3, (333, 117, 180, 183, 108, 66, 111, 93)
3, (279, 108, 198, 197, 96, 66, 107, 91)
3, (299, 105, 208, 244, 109, 72, 111, 95)
3, (308, 113, 189, 224, 118, 77, 116, 103)
3, (320, 116, 192, 216, 147, 104, 139, 90)
3, (244, 91, 210, 214, 149, 102, 131, 82)
3, (270, 117, 181, 201, 148, 101, 132, 87)
3, (272, 126, 166, 177, 160, 102, 129, 94)
3, (331, 133, 177, 201, 183, 110, 156, 85)
3, (305, 133, 173, 194, 143, 82, 132, 80)
3, (304, 144, 131, 193, 140, 78, 121, 81)
3, (314, 132, 133, 204, 147, 79, 126, 106)
3, (296, 124, 133, 176, 137, 71, 129, 96)
3, (240, 150, 118, 153, 98, 58, 86, 99)
3, (245, 152, 128, 162, 96, 52, 95, 105)
3, (232, 140, 123, 157, 98, 49, 94, 104)
3, (192, 134, 139, 142, 94, 53, 99, 72)
3, (208, 132, 139, 137, 113, 53, 93, 70)
3, (191, 84, 159, 132, 108, 53, 107, 75)
3, (198, 81, 150, 138, 111, 54, 102, 83)
3, (182, 82, 153, 132, 124, 73, 126, 80)
3, (182, 81, 136, 122, 144, 77, 130, 80)
3, (163, 74, 149, 126, 122, 88, 148, 82)
3, (185, 95, 132, 129, 124, 85, 139, 94)
3, (186, 95, 134, 118, 136, 87, 137, 80)
3, (208, 113, 137, 118, 144, 77, 131, 80)
3, (211, 126, 148, 135, 122, 73, 126, 89)
3, (259, 137, 133, 136, 115, 68, 108, 117)
3, (251, 142, 127, 135, 117, 66, 105, 98)
3, (245, 141, 133, 128, 108, 66, 109, 103)
3, (235, 143, 129, 133, 121, 77, 131, 112)
3, (227, 138, 136, 119, 122, 79, 135, 116)
3, (204, 136, 134, 123, 123, 74, 130, 90)
3, (186, 131, 127, 125, 133, 76, 129, 88)
4, (181, 127, 223, 142, 150, 53, 120, 110)
4, (160, 125, 198, 127, 141, 60, 120, 96)
4, (192, 128, 198, 109, 113, 64, 114, 95)
4, (192, 122, 193, 107, 112, 66, 128, 90)
4, (191, 101, 145, 101, 103, 66, 131, 75)
4, (195, 91, 178, 86, 133, 71, 133, 78)
4, (198, 96, 182, 105, 125, 75, 144, 95)
4, (181, 102, 189, 111, 123, 70, 145, 95)
4, (250, 106, 196, 138, 124, 70, 151, 106)
4, (250, 108, 192, 151, 141, 73, 150, 118)
4, (251, 100, 158, 165, 113, 63, 138, 121)
4, (253, 95, 153, 186, 143, 60, 125, 107)
4, (290, 87, 145, 188, 154, 67, 122, 106)
4, (255, 103, 134, 171, 158, 61, 84, 102)
4, (267, 114, 132, 174, 147, 61, 83, 94)
4, (266, 146, 123, 170, 154, 67, 101, 90)
4, (277, 151, 133, 140, 129, 61, 97, 103)
4, (225, 149, 140, 135, 124, 64, 103, 104)
5, (177, 100, 200, 116, 120, 56, 109, 120)
5, (172, 104, 191, 152, 105, 57, 111, 106)
5, (175, 99, 164, 135, 77, 63, 111, 105)
5, (188, 102, 175, 139, 83, 66, 114, 112)
5, (201, 109, 183, 144, 81, 66, 119, 131)
5, (176, 94, 163, 143, 97, 67, 112, 112)
5, (183, 94, 159, 106, 97, 65, 109, 105)
5, (213, 94, 181, 122, 98, 55, 102, 110)
5, (209, 94, 184, 127, 88, 55, 125, 116)
5, (178, 88, 180, 126, 99, 59, 130, 103)
5, (194, 96, 176, 130, 104, 61, 126, 96)
5, (200, 92, 184, 137, 112, 63, 126, 96)
5, (218, 113, 162, 121, 112, 69, 128, 102)
5, (207, 114, 162, 121, 120, 65, 89, 90)
5, (221, 124, 178, 118, 121, 66, 81, 82)
5, (230, 127, 194, 121, 108, 62, 81, 114)
5, (230, 136, 198, 118, 95, 59, 81, 121)
5, (228, 136, 224, 119, 100, 52, 73, 115)
5, (234, 129, 213, 108, 109, 50, 69, 115)
5, (231, 116, 195, 119, 105, 45, 71, 120)
5, (210, 107, 191, 105, 99, 48, 84, 88)
5, (249, 108, 205, 122, 109, 57, 98, 96)
5, (230, 85, 181, 122, 104, 60, 104, 115)
5, (265, 87, 201, 128, 87, 57, 103, 133)
5, (265, 98, 205, 140, 88, 58, 104, 127)
5, (261, 95, 192, 142, 94, 56, 99, 128)
5, (219, 80, 166, 117, 94, 60, 107, 122)
5, (220, 87, 167, 124, 98, 59, 107, 101)
5, (164, 88, 139, 114, 96, 58, 107, 77)
5, (170, 75, 129, 83, 108, 56, 110, 125)
5, (205, 87, 138, 102, 132, 55, 106, 125)
5, (237, 87, 135, 117, 130, 46, 91, 130)
5, (219, 84, 151, 115, 135, 49, 84, 152)
5, (249, 94, 154, 167, 143, 55, 83, 152)
5, (244, 98, 153, 167, 130, 59, 99, 122)
5, (239, 94, 160, 159, 107, 59, 103, 131)
5, (233, 99, 168, 172, 104, 59, 115, 118)
5, (267, 124, 181, 174, 88, 55, 116, 93)
5, (243, 121, 195, 129, 86, 53, 123, 98)
5, (266, 119, 190, 124, 86, 48, 112, 108)
5, (249, 121, 175, 127, 89, 58, 136, 107)
5, (248, 127, 175, 102, 86, 55, 122, 110)
5, (206, 99, 146, 94, 85, 54, 120, 105)
5, (203, 103, 143, 110, 77, 51, 119, 111)
5, (167, 103, 146, 112, 79, 50, 116, 101)
5, (164, 96, 151, 109, 69, 42, 84, 92)
5, (179, 84, 158, 122, 72, 50, 132, 106)
5, (187, 87, 182, 119, 85, 50, 143, 111)
5, (183, 81, 183, 111, 96, 49, 137, 100)
5, (182, 80, 183, 117, 104, 50, 135, 92)
5, (226, 111, 183, 117, 105, 58, 144, 106)
5, (187, 123, 160, 103, 118, 51, 111, 91)
5, (173, 121, 137, 104, 114, 61, 104, 83)
5, (179, 138, 126, 110, 101, 61, 111, 86)
5, (197, 141, 165, 123, 113, 58, 113, 99)
5, (157, 120, 164, 134, 145, 50, 115, 88)
5, (178, 112, 170, 132, 138, 55, 118, 98)
5, (183, 134, 213, 139, 146, 42, 112, 110)
