0, (216, 348, 209, 187, 116, 74, 126, 294)
0, (193, 327, 209, 173, 110, 73, 123, 290)
0, (186, 318, 199, 181, 105, 71, 119, 293)
0, (188, 365, 218, 169, 95, 78, 126, 221)
0, (188, 374, 212, 169, 91, 77, 110, 159)
0, (188, 348, 229, 183, 92, 71, 124, 308)
0, (184, 322, 215, 203, 97, 65, 120, 313)
0, (182, 339, 198, 182, 93, 67, 123, 320)
0, (186, 307, 203, 195, 86, 64, 139, 322)
0, (177, 310, 211, 192, 85, 65, 138, 319)
0, (193, 307, 179, 177, 79, 67, 126, 180)
0, (187, 308, 201, 180, 84, 67, 125, 294)
0, (225, 325, 223, 175, 90, 67, 126, 318)
0, (228, 311, 196, 139, 94, 68, 109, 318)
0, (223, 302, 187, 184, 92, 62, 109, 320)
0, (217, 333, 197, 222, 98, 59, 112, 316)
0, (217, 432, 186, 217, 92, 59, 111, 201)
0, (184, 433, 161, 249, 94, 58, 117, 140)
0, (180, 431, 161, 262, 90, 59, 144, 119)
0, (221, 430, 198, 230, 85, 54, 138, 118)
0, (225, 404, 198, 216, 90, 57, 137, 107)
0, (217, 280, 189, 205, 99, 58, 138, 105)
0, (201, 245, 198, 164, 98, 58, 134, 102)
0, (190, 238, 195, 145, 105, 50, 90, 100)
0, (150, 234, 149, 141, 108, 58, 91, 66)
0, (164, 251, 133, 93, 97, 53, 86, 53)
0, (166, 309, 126, 80, 83, 50, 83, 52)
0, (172, 301, 112, 111, 73, 46, 88, 52)
0, (182, 298, 113, 107, 60, 46, 83, 51)
0, (173, 303, 124, 114, 57, 38, 70, 54)
0, (128, 256, 130, 119, 59, 37, 69, 53)
0, (161, 185, 141, 119, 62, 39, 71, 51)
0, (175, 210, 135, 94, 66, 37, 72, 50)
0, (170, 231, 127, 92, 74, 40, 81, 47)
0, (174, 234, 123, 87, 91, 40, 80, 46)
0, (177, 244, 117, 93, 91, 44, 83, 51)
0, (157, 249, 110, 99, 91, 49, 104, 53)
0, (139, 293, 122, 88, 87, 52, 94, 49)
0, (122, 281, 121, 88, 81, 52, 94, 46)
0, (131, 279, 120, 91, 71, 49, 92, 41)
0, (128, 275, 120, 72, 87, 55, 91, 39)
0, (118, 270, 108, 64, 86, 52, 88, 39)
0, (161, 248, 97, 65, 89, 56, 97, 44)
0, (168, 254, 112, 68, 89, 53, 92, 42)
0, (156, 253, 119, 56, 84, 57, 90, 44)
0, (157, 262, 118, 63, 67, 63, 113, 47)
0, (170, 260, 124, 65, 67, 61, 98, 52)
0, (134, 289, 157, 64, 63, 57, 99, 50)
0, (133, 330, 154, 56, 67, 58, 102, 50)
0, (152, 343, 147, 64, 58, 55, 105, 54)
0, (150, 338, 148, 64, 59, 42, 81, 49)
0, (133, 347, 152, 69, 63, 43, 91, 43)
0, (164, 312, 139, 73, 64, 40, 86, 48)
0, (198, 257, 137, 78, 62, 46, 89, 57)
1, (191, 259, 134, 71, 70, 45, 87, 58)
1, (194, 324, 131, 70, 76, 46, 91, 59)
1, (210, 349, 124, 65, 73, 56, 89, 61)
1, (203, 337, 96, 64, 73, 59, 86, 58)
1, (163, 330, 86, 63, 67, 54, 75, 49)
1, (176, 318, 94, 61, 56, 58, 95, 46)
1, (210, 256, 95, 75, 56, 64, 107, 44)
1, (208, 233, 96, 82, 66, 57, 100, 41)
1, (195, 249, 104, 77, 68, 54, 109, 42)
1, (200, 258, 106, 72, 74, 59, 122, 44)
1, (193, 266, 100, 82, 78, 55, 107, 41)
1, (148, 292, 112, 70, 77, 48, 96, 42)
1, (128, 284, 117, 61, 68, 47, 97, 41)
1, (130, 289, 114, 65, 65, 51, 92, 38)
2, (123, 301, 111, 66, 61, 48, 78, 42)
2, (151, 337, 121, 55, 70, 49, 85, 48)
2, (165, 388, 147, 62, 67, 50, 81, 49)
2, (183, 386, 156, 65, 65, 50, 90, 55)
2, (181, 381, 155, 71, 69, 49, 90, 56)
2, (199, 423, 156, 73, 84, 51, 95, 57)
2, (185, 422, 162, 85, 79, 52, 91, 57)
2, (181, 354, 137, 78, 84, 52, 90, 58)
2, (189, 386, 131, 76, 85, 54, 78, 56)
2, (183, 383, 142, 67, 95, 52, 67, 56)
2, (169, 341, 162, 72, 83, 49, 67, 54)
2, (170, 341, 165, 59, 79, 55, 81, 55)
2, (192, 350, 184, 61, 70, 54, 80, 52)
2, (179, 325, 190, 58, 79, 57, 86, 52)
2, (195, 401, 182, 72, 73, 57, 96, 53)
2, (215, 428, 192, 66, 76, 58, 101, 56)
2, (203, 400, 186, 69, 75, 53, 88, 52)
2, (180, 427, 178, 69, 84, 54, 103, 55)
2, (173, 439, 169, 88, 81, 50, 122, 62)
2, (172, 381, 182, 85, 76, 54, 132, 68)
2, (179, 331, 170, 94, 70, 65, 177, 72)
2, (179, 367, 164, 107, 70, 68, 190, 95)
2, (189, 331, 168, 117, 69, 70, 214, 103)
2, (210, 335, 173, 117, 70, 71, 209, 127)
2, (269, 340, 166, 124, 72, 73, 211, 130)
2, (263, 358, 156, 163, 95, 74, 187, 143)
2, (262, 313, 156, 161, 110, 76, 187, 145)
2, (266, 381, 150, 185, 120, 73, 148, 232)
2, (257, 356, 155, 200, 118, 76, 157, 238)
2, (199, 331, 153, 203, 120, 80, 168, 240)
2, (185, 316, 154, 170, 104, 68, 151, 233)
2, (184, 348, 157, 170, 94, 69, 135, 224)
2, (176, 287, 161, 148, 76, 69, 147, 143)
2, (224, 283, 149, 123, 77, 67, 144, 133)
2, (216, 302, 162, 136, 81, 57, 117, 251)
2, (211, 317, 158, 148, 79, 58, 124, 258)
2, (222, 341, 170, 141, 72, 50, 125, 263)
2, (227, 341, 152, 136, 71, 52, 122, 256)
2, (169, 336, 159, 197, 92, 88, 182, 251)
2, (257, 367, 206, 266, 119, 63, 100, 329)
2, (190, 319, 156, 186, 90, 92, 188, 152)
2, (258, 369, 194, 256, 127, 66, 100, 351)
2, (213, 299, 172, 187, 95, 93, 188, 234)
2, (243, 340, 205, 238, 117, 66, 96, 308)
2, (223, 240, 167, 234, 110, 97, 199, 244)
2, (235, 363, 202, 230, 102, 60, 107, 313)
2, (218, 208, 169, 239, 111, 96, 198, 246)
2, (208, 286, 206, 195, 95, 65, 110, 358)
2, (230, 222, 165, 195, 101, 70, 134, 244)
2, (186, 288, 200, 186, 89, 61, 111, 278)
2, (212, 282, 160, 200, 100, 61, 129, 228)
2, (208, 335, 195, 204, 73, 61, 122, 272)
2, (220, 284, 146, 204, 100, 64, 130, 137)
2, (214, 377, 199, 202, 76, 58, 119, 274)
2, (194, 286, 174, 156, 85, 57, 119, 261)
2, (227, 362, 221, 204, 80, 67, 143, 294)
2, (188, 292, 205, 163, 84, 56, 114, 296)
2, (229, 366, 220, 219, 87, 67, 137, 313)
2, (182, 308, 206, 191, 75, 49, 119, 299)
2, (222, 378, 242, 230, 97, 65, 132, 321)
2, (216, 271, 214, 215, 74, 72, 141, 325)
2, (228, 364, 238, 227, 108, 73, 135, 305)
2, (201, 279, 228, 276, 81, 78, 137, 322)
2, (238, 303, 233, 225, 106, 80, 172, 303)
2, (214, 265, 196, 286, 81, 79, 130, 219)
2, (228, 288, 230, 229, 105, 74, 149, 331)
2, (219, 314, 169, 297, 94, 81, 133, 289)
2, (248, 321, 212, 210, 101, 71, 143, 390)
2, (248, 312, 163, 300, 106, 85, 125, 304)
2, (247, 334, 177, 196, 91, 73, 142, 414)
2, (235, 290, 147, 285, 105, 69, 101, 291)
2, (257, 340, 189, 177, 74, 62, 132, 410)
2, (226, 289, 121, 234, 103, 65, 103, 334)
2, (259, 350, 183, 188, 75, 80, 130, 448)
2, (223, 336, 164, 232, 110, 68, 105, 337)
2, (240, 348, 168, 204, 76, 76, 126, 424)
2, (273, 316, 162, 235, 100, 65, 97, 325)
2, (227, 336, 183, 232, 80, 75, 123, 426)
2, (257, 291, 174, 219, 90, 65, 127, 325)
2, (231, 304, 185, 234, 97, 81, 127, 393)
2, (249, 281, 181, 248, 92, 62, 120, 321)
2, (239, 277, 186, 232, 107, 83, 134, 398)
2, (246, 273, 217, 297, 101, 63, 118, 318)
2, (240, 290, 194, 248, 104, 62, 89, 394)
2, (257, 286, 189, 302, 97, 66, 129, 326)
2, (261, 286, 201, 274, 122, 66, 83, 390)
2, (213, 274, 191, 285, 95, 64, 134, 315)
2, (268, 357, 194, 242, 124, 68, 85, 399)
2, (211, 288, 192, 288, 95, 69, 131, 322)
2, (277, 356, 193, 249, 112, 61, 86, 399)
2, (216, 342, 195, 268, 103, 79, 164, 324)
2, (255, 345, 203, 279, 104, 60, 92, 403)
2, (229, 341, 161, 221, 108, 77, 160, 293)
2, (264, 422, 208, 293, 104, 61, 99, 403)
2, (231, 294, 164, 202, 113, 78, 148, 283)
2, (267, 436, 196, 253, 83, 56, 107, 454)
2, (219, 290, 178, 208, 114, 83, 150, 327)
2, (266, 381, 192, 250, 71, 52, 115, 364)
2, (206, 280, 172, 198, 113, 76, 135, 338)
2, (260, 385, 194, 253, 77, 56, 113, 364)
2, (197, 253, 179, 189, 107, 72, 109, 339)
2, (246, 398, 193, 218, 86, 62, 114, 364)
2, (187, 269, 178, 184, 94, 71, 108, 335)
2, (191, 280, 190, 184, 85, 67, 117, 368)
2, (219, 290, 169, 172, 87, 62, 114, 349)
3, (243, 287, 203, 226, 90, 64, 115, 340)
3, (254, 264, 202, 217, 93, 75, 135, 463)
3, (271, 326, 163, 207, 101, 81, 129, 426)
3, (241, 355, 205, 236, 102, 84, 153, 416)
3, (259, 353, 196, 234, 100, 82, 148, 433)
3, (284, 366, 181, 213, 100, 85, 157, 469)
3, (237, 356, 198, 199, 93, 73, 145, 339)
3, (214, 298, 218, 188, 92, 68, 140, 345)
3, (232, 388, 218, 155, 105, 61, 119, 381)
3, (238, 385, 221, 148, 108, 66, 139, 395)
3, (242, 368, 241, 149, 101, 64, 124, 299)
3, (272, 383, 245, 169, 94, 60, 123, 296)
3, (331, 435, 269, 182, 89, 64, 131, 393)
3, (323, 351, 244, 196, 70, 69, 140, 434)
3, (309, 378, 252, 204, 69, 68, 123, 400)
3, (316, 419, 240, 193, 72, 69, 127, 401)
3, (312, 440, 237, 186, 89, 82, 140, 417)
3, (281, 406, 223, 173, 85, 79, 147, 331)
3, (279, 401, 226, 161, 82, 80, 149, 288)
3, (281, 407, 212, 171, 100, 76, 142, 291)
3, (272, 386, 198, 193, 115, 78, 137, 294)
3, (256, 353, 181, 187, 113, 73, 133, 316)
3, (245, 331, 141, 182, 120, 70, 116, 337)
3, (257, 342, 143, 222, 128, 66, 97, 295)
3, (262, 304, 156, 215, 117, 67, 102, 288)
3, (239, 296, 150, 224, 105, 61, 104, 298)
3, (235, 288, 148, 221, 99, 54, 105, 254)
3, (218, 308, 177, 250, 106, 53, 104, 302)
3, (237, 272, 176, 229, 96, 47, 109, 284)
3, (226, 297, 193, 228, 94, 46, 102, 281)
3, (220, 300, 215, 230, 98, 49, 111, 294)
3, (246, 328, 230, 240, 98, 64, 139, 314)
3, (256, 305, 210, 215, 83, 66, 151, 254)
3, (226, 306, 211, 229, 81, 69, 148, 251)
3, (225, 343, 233, 225, 86, 78, 164, 291)
3, (235, 329, 222, 185, 83, 80, 158, 279)
3, (243, 291, 210, 176, 82, 67, 124, 314)
3, (227, 296, 217, 183, 85, 63, 113, 327)
3, (257, 332, 225, 177, 89, 68, 110, 373)
3, (279, 267, 185, 192, 91, 61, 108, 349)
3, (283, 266, 183, 213, 92, 54, 104, 406)
3, (257, 373, 202, 235, 95, 57, 103, 362)
3, (263, 374, 191, 250, 99, 64, 115, 382)
3, (255, 338, 205, 237, 95, 57, 116, 354)
3, (231, 347, 218, 235, 92, 54, 102, 401)
3, (205, 355, 220, 231, 93, 53, 99, 331)
3, (244, 300, 209, 216, 85, 51, 113, 354)
3, (237, 319, 255, 195, 74, 50, 107, 312)
3, (257, 379, 244, 247, 85, 64, 135, 317)
3, (251, 397, 223, 272, 101, 61, 130, 309)
3, (253, 382, 222, 261, 95, 62, 134, 313)
3, (222, 420, 227, 256, 101, 60, 118, 284)
3, (237, 422, 202, 271, 111, 58, 124, 289)
3, (221, 390, 223, 244, 111, 55, 105, 343)
3, (222, 362, 237, 231, 100, 57, 104, 289)
3, (242, 407, 241, 252, 113, 59, 107, 332)
3, (253, 331, 225, 258, 123, 67, 110, 330)
3, (260, 377, 228, 278, 123, 66, 107, 317)
4, (330, 293, 205, 173, 102, 61, 110, 325)
4, (323, 292, 194, 187, 99, 61, 103, 334)
4, (331, 293, 203, 167, 111, 65, 107, 293)
4, (253, 296, 195, 169, 111, 62, 111, 274)
4, (285, 307, 199, 163, 101, 79, 138, 309)
4, (255, 368, 190, 171, 103, 77, 135, 309)
4, (265, 370, 177, 164, 103, 79, 142, 357)
4, (269, 366, 162, 159, 87, 78, 132, 321)
4, (249, 353, 185, 149, 83, 84, 126, 337)
4, (205, 343, 183, 146, 81, 65, 94, 303)
4, (213, 287, 181, 123, 73, 69, 110, 382)
4, (202, 319, 177, 127, 63, 66, 105, 338)
4, (189, 337, 191, 148, 77, 63, 113, 365)
4, (193, 324, 186, 180, 85, 72, 139, 394)
4, (213, 322, 171, 202, 90, 72, 138, 409)
4, (221, 308, 171, 224, 92, 73, 128, 338)
4, (245, 268, 192, 213, 96, 77, 124, 346)
4, (213, 242, 182, 206, 89, 80, 120, 316)
4, (218, 263, 169, 193, 100, 82, 121, 320)
4, (235, 290, 176, 177, 101, 82, 118, 299)
4, (256, 320, 175, 181, 108, 82, 118, 311)
4, (243, 313, 187, 213, 103, 79, 131, 339)
4, (267, 311, 179, 207, 108, 81, 129, 350)
4, (259, 307, 193, 197, 88, 63, 109, 295)
5, (237, 377, 206, 248, 134, 77, 108, 300)
5, (179, 360, 194, 251, 134, 72, 112, 301)
5, (180, 344, 194, 231, 128, 84, 151, 299)
5, (190, 336, 194, 204, 123, 79, 153, 377)
5, (212, 273, 182, 183, 116, 81, 160, 300)
5, (217, 272, 183, 164, 99, 85, 169, 285)
5, (230, 315, 187, 162, 85, 85, 166, 284)
5, (236, 308, 154, 129, 78, 63, 140, 354)
5, (250, 410, 192, 142, 86, 70, 149, 290)
5, (243, 403, 217, 164, 85, 74, 145, 280)
5, (250, 412, 242, 188, 87, 66, 128, 280)
5, (236, 380, 235, 184, 86, 66, 129, 303)
5, (236, 375, 251, 186, 92, 73, 126, 239)
5, (226, 270, 216, 181, 98, 81, 149, 227)
5, (204, 292, 192, 197, 98, 75, 144, 389)
5, (201, 273, 182, 180, 119, 79, 147, 393)
5, (202, 284, 171, 186, 129, 81, 156, 379)
5, (238, 293, 148, 186, 121, 78, 169, 388)
5, (225, 296, 150, 169, 115, 63, 155, 485)
5, (224, 293, 180, 147, 131, 65, 149, 379)
5, (225, 281, 187, 136, 121, 61, 148, 376)
5, (250, 279, 186, 159, 113, 58, 139, 440)
5, (305, 299, 197, 162, 117, 61, 126, 440)
5, (305, 293, 213, 177, 117, 61, 107, 332)
