0, (260, 268, 187, 183, 80, 97, 372, 338)
0, (256, 249, 174, 187, 88, 104, 363, 345)
0, (259, 247, 176, 192, 88, 104, 373, 371)
0, (256, 250, 160, 194, 84, 99, 354, 360)
0, (236, 240, 147, 163, 81, 107, 373, 266)
0, (257, 263, 151, 153, 63, 108, 336, 293)
0, (248, 263, 157, 149, 53, 99, 329, 316)
0, (244, 244, 162, 134, 51, 115, 323, 272)
0, (236, 221, 176, 129, 55, 121, 368, 273)
0, (230, 236, 189, 140, 68, 105, 297, 340)
0, (206, 213, 201, 141, 78, 108, 312, 371)
0, (194, 220, 197, 140, 78, 115, 302, 339)
0, (206, 261, 192, 148, 76, 97, 308, 357)
0, (202, 290, 189, 147, 75, 107, 305, 375)
0, (200, 285, 181, 128, 71, 110, 307, 322)
0, (201, 354, 178, 137, 71, 108, 291, 278)
0, (232, 345, 188, 183, 70, 104, 319, 354)
0, (218, 316, 205, 186, 73, 103, 309, 323)
0, (231, 318, 204, 196, 74, 108, 301, 342)
0, (235, 333, 205, 198, 71, 113, 308, 354)
0, (219, 246, 227, 208, 74, 113, 294, 337)
0, (189, 301, 217, 163, 81, 113, 278, 256)
0, (190, 303, 204, 166, 86, 142, 285, 380)
0, (179, 309, 213, 157, 89, 135, 237, 343)
0, (191, 300, 208, 184, 87, 132, 236, 332)
0, (182, 302, 198, 164, 80, 134, 271, 326)
0, (198, 276, 194, 171, 73, 128, 254, 382)
0, (198, 287, 197, 163, 65, 105, 267, 294)
0, (210, 251, 182, 155, 61, 116, 291, 295)
0, (201, 232, 181, 118, 56, 134, 335, 282)
0, (220, 236, 131, 108, 53, 129, 320, 277)
0, (198, 200, 131, 98, 59, 131, 327, 311)
0, (258, 186, 125, 102, 63, 127, 348, 295)
0, (246, 217, 127, 110, 66, 114, 365, 303)
0, (238, 247, 153, 110, 71, 96, 348, 315)
0, (220, 250, 163, 120, 75, 95, 351, 320)
0, (246, 245, 166, 119, 71, 98, 377, 232)
0, (181, 259, 164, 131, 69, 89, 361, 282)
0, (177, 241, 180, 134, 63, 146, 389, 277)
0, (176, 223, 168, 135, 62, 141, 370, 260)
0, (177, 241, 165, 128, 57, 148, 380, 257)
0, (148, 254, 183, 128, 56, 150, 346, 233)
0, (160, 254, 193, 109, 51, 150, 324, 132)
0, (157, 269, 170, 96, 48, 88, 244, 94)
0, (143, 266, 156, 91, 46, 87, 224, 88)
0, (137, 238, 150, 81, 42, 65, 160, 67)
0, (133, 236, 114, 70, 39, 60, 160, 62)
0, (126, 214, 86, 54, 45, 61, 140, 58)
0, (120, 185, 88, 57, 48, 56, 130, 58)
0, (126, 230, 94, 54, 54, 58, 139, 54)
0, (126, 224, 85, 55, 56, 62, 143, 53)
0, (116, 226, 81, 55, 55, 74, 124, 55)
0, (93, 250, 82, 54, 53, 71, 129, 48)
0, (124, 288, 102, 51, 48, 69, 121, 48)
1, (129, 297, 108, 55, 46, 69, 112, 50)
1, (139, 306, 115, 56, 50, 77, 154, 61)
1, (135, 305, 116, 54, 53, 63, 155, 69)
1, (144, 311, 112, 55, 56, 67, 153, 76)
1, (115, 298, 95, 56, 58, 69, 153, 77)
1, (103, 247, 87, 53, 55, 67, 164, 76)
1, (92, 242, 84, 50, 56, 60, 138, 77)
1, (96, 266, 90, 52, 55, 56, 136, 71)
1, (86, 234, 89, 58, 53, 58, 137, 65)
1, (93, 195, 84, 70, 56, 56, 146, 66)
1, (95, 255, 79, 68, 59, 56, 136, 70)
1, (118, 267, 81, 74, 60, 48, 128, 68)
1, (131, 304, 81, 74, 65, 60, 122, 69)
1, (143, 318, 79, 88, 68, 74, 173, 69)
1, (144, 339, 83, 86, 80, 73, 172, 70)
1, (142, 299, 107, 88, 90, 73, 168, 65)
1, (122, 365, 109, 84, 87, 75, 168, 58)
1, (112, 311, 104, 103, 88, 68, 186, 54)
1, (119, 325, 106, 96, 88, 52, 141, 56)
1, (125, 310, 104, 85, 82, 57, 134, 71)
1, (130, 330, 81, 88, 73, 59, 136, 74)
2, (177, 269, 64, 91, 71, 59, 169, 79)
2, (186, 276, 62, 79, 68, 60, 153, 85)
2, (182, 257, 65, 73, 70, 55, 154, 84)
2, (179, 287, 63, 80, 76, 52, 154, 71)
2, (187, 276, 62, 82, 77, 53, 166, 70)
2, (163, 266, 75, 78, 81, 59, 167, 68)
2, (151, 272, 81, 74, 80, 58, 217, 76)
2, (137, 267, 80, 80, 80, 67, 232, 83)
2, (144, 234, 86, 76, 72, 70, 235, 85)
2, (136, 226, 91, 77, 78, 72, 241, 89)
2, (124, 226, 87, 78, 79, 65, 235, 91)
2, (120, 203, 92, 78, 78, 61, 189, 79)
2, (142, 200, 88, 70, 78, 50, 162, 76)
2, (138, 246, 96, 73, 75, 55, 198, 78)
2, (137, 251, 91, 69, 64, 49, 189, 74)
2, (155, 248, 98, 70, 60, 50, 165, 69)
2, (158, 276, 105, 93, 83, 57, 171, 72)
2, (147, 290, 104, 92, 86, 61, 184, 71)
2, (140, 255, 118, 90, 89, 60, 158, 63)
2, (138, 267, 118, 103, 90, 60, 152, 63)
2, (128, 282, 116, 107, 93, 65, 183, 63)
2, (141, 259, 118, 97, 83, 65, 231, 66)
2, (137, 255, 124, 101, 75, 63, 234, 65)
2, (139, 299, 109, 117, 72, 55, 223, 68)
2, (134, 306, 113, 108, 71, 63, 227, 64)
2, (160, 299, 106, 114, 71, 68, 242, 64)
2, (163, 288, 87, 106, 67, 64, 195, 64)
2, (163, 309, 78, 104, 69, 67, 202, 63)
2, (174, 375, 93, 92, 72, 88, 214, 79)
2, (197, 362, 119, 92, 74, 93, 213, 84)
2, (161, 392, 122, 79, 73, 89, 191, 81)
2, (143, 399, 122, 72, 71, 89, 205, 84)
2, (143, 389, 125, 81, 69, 92, 237, 102)
2, (136, 297, 113, 81, 63, 79, 262, 95)
2, (118, 328, 105, 90, 76, 69, 263, 91)
2, (128, 276, 106, 94, 78, 67, 254, 96)
2, (146, 283, 112, 104, 84, 94, 262, 97)
2, (162, 283, 115, 98, 88, 92, 220, 79)
2, (166, 274, 114, 94, 96, 89, 173, 69)
2, (162, 240, 93, 80, 84, 89, 171, 76)
2, (155, 270, 98, 81, 79, 86, 167, 73)
2, (135, 330, 108, 75, 77, 59, 177, 67)
2, (145, 328, 109, 82, 86, 54, 186, 60)
2, (138, 337, 108, 101, 83, 72, 192, 61)
2, (138, 347, 106, 101, 82, 72, 191, 57)
2, (147, 380, 103, 98, 80, 81, 245, 56)
2, (163, 320, 84, 96, 76, 80, 218, 57)
2, (138, 321, 89, 106, 87, 82, 207, 61)
2, (153, 325, 93, 89, 82, 65, 211, 65)
2, (150, 322, 95, 96, 83, 77, 230, 65)
2, (171, 298, 93, 97, 84, 82, 169, 65)
2, (163, 343, 99, 102, 83, 89, 177, 71)
2, (164, 341, 98, 86, 61, 89, 182, 78)
2, (151, 346, 91, 81, 70, 95, 178, 75)
2, (162, 349, 96, 72, 75, 86, 163, 81)
2, (148, 338, 99, 80, 74, 76, 157, 80)
2, (147, 290, 95, 74, 88, 77, 165, 79)
2, (151, 338, 97, 72, 88, 90, 153, 73)
2, (150, 331, 99, 75, 87, 83, 142, 71)
2, (162, 327, 91, 79, 81, 81, 133, 60)
2, (154, 304, 84, 72, 86, 84, 191, 65)
2, (152, 325, 93, 72, 81, 83, 196, 59)
2, (148, 298, 94, 84, 78, 94, 208, 69)
2, (185, 293, 96, 82, 70, 98, 222, 76)
2, (168, 283, 101, 75, 78, 104, 283, 79)
2, (158, 329, 105, 78, 79, 105, 254, 75)
3, (159, 321, 103, 90, 77, 99, 239, 76)
3, (156, 299, 95, 79, 84, 86, 232, 70)
3, (141, 327, 90, 82, 91, 85, 231, 64)
3, (137, 336, 90, 86, 87, 81, 150, 60)
3, (137, 354, 89, 83, 80, 77, 144, 59)
3, (132, 371, 92, 66, 75, 77, 138, 60)
3, (139, 362, 87, 72, 71, 62, 152, 51)
3, (102, 333, 90, 76, 65, 61, 157, 53)
3, (108, 326, 85, 75, 63, 58, 172, 60)
3, (110, 256, 86, 67, 67, 57, 190, 71)
3, (116, 221, 72, 64, 74, 61, 219, 74)
3, (109, 234, 73, 61, 68, 57, 241, 89)
3, (138, 271, 68, 51, 64, 53, 243, 90)
3, (135, 262, 68, 47, 64, 60, 251, 88)
3, (129, 265, 72, 56, 62, 59, 242, 80)
3, (138, 288, 83, 59, 52, 56, 245, 82)
3, (169, 273, 79, 54, 52, 79, 259, 77)
3, (147, 277, 83, 62, 61, 82, 272, 83)
3, (145, 373, 108, 78, 64, 81, 266, 90)
3, (171, 375, 124, 79, 63, 88, 281, 91)
3, (164, 372, 117, 80, 67, 94, 293, 111)
3, (142, 372, 117, 86, 68, 105, 288, 105)
3, (146, 384, 120, 90, 62, 125, 356, 112)
3, (157, 316, 122, 89, 64, 126, 349, 109)
3, (169, 338, 114, 89, 69, 126, 371, 124)
4, (167, 358, 132, 86, 65, 122, 354, 106)
4, (164, 372, 136, 98, 81, 129, 364, 132)
4, (166, 327, 137, 93, 84, 113, 281, 121)
4, (187, 344, 133, 83, 81, 115, 309, 125)
4, (187, 318, 126, 94, 79, 118, 264, 113)
4, (209, 295, 142, 101, 82, 122, 257, 119)
4, (205, 306, 144, 103, 73, 95, 231, 100)
4, (216, 322, 149, 102, 74, 101, 308, 114)
4, (150, 334, 189, 150, 77, 86, 266, 95)
4, (197, 289, 150, 123, 72, 94, 272, 109)
4, (157, 284, 223, 169, 80, 81, 224, 91)
4, (173, 291, 194, 136, 75, 86, 269, 106)
4, (161, 290, 220, 174, 73, 79, 204, 74)
4, (156, 280, 221, 159, 71, 83, 290, 95)
4, (173, 284, 225, 158, 71, 84, 275, 90)
5, (160, 252, 110, 105, 69, 71, 176, 157)
5, (177, 267, 119, 103, 60, 60, 179, 255)
5, (157, 274, 125, 101, 49, 51, 178, 260)
5, (181, 255, 165, 104, 59, 61, 175, 258)
5, (171, 248, 170, 82, 58, 62, 177, 250)
5, (155, 241, 174, 88, 61, 69, 170, 232)
5, (142, 199, 186, 97, 62, 82, 203, 112)
5, (139, 222, 183, 99, 68, 95, 192, 169)
5, (115, 227, 152, 95, 55, 95, 193, 196)
5, (127, 225, 156, 121, 58, 95, 184, 201)
5, (123, 208, 165, 115, 61, 108, 224, 204)
5, (128, 246, 157, 106, 61, 113, 243, 200)
5, (146, 231, 159, 116, 58, 105, 265, 158)
5, (159, 246, 165, 116, 60, 102, 267, 185)
5, (177, 259, 147, 96, 62, 101, 267, 210)
5, (193, 262, 137, 95, 56, 93, 259, 209)
5, (182, 243, 124, 106, 56, 119, 232, 207)
5, (166, 228, 125, 92, 58, 118, 211, 220)
5, (166, 203, 110, 90, 59, 116, 200, 259)
5, (141, 193, 110, 104, 57, 119, 226, 243)
5, (126, 176, 101, 101, 55, 110, 199, 245)
5, (135, 142, 107, 93, 55, 75, 218, 247)
5, (140, 139, 111, 115, 60, 79, 215, 229)
5, (122, 129, 121, 140, 59, 81, 216, 139)
5, (120, 149, 127, 125, 60, 115, 219, 224)
5, (135, 183, 140, 131, 66, 135, 310, 229)
5, (139, 182, 163, 137, 67, 128, 283, 229)
5, (141, 194, 156, 129, 59, 124, 276, 231)
5, (150, 249, 156, 127, 63, 124, 277, 239)
5, (180, 230, 157, 128, 66, 97, 274, 190)
5, (189, 238, 168, 127, 59, 68, 192, 180)
5, (203, 244, 144, 122, 52, 81, 185, 183)
5, (211, 274, 151, 118, 58, 86, 201, 185)
5, (211, 258, 152, 96, 56, 88, 201, 168)
5, (187, 264, 154, 116, 56, 88, 195, 205)
5, (184, 238, 136, 136, 58, 86, 174, 218)
5, (166, 234, 142, 141, 65, 76, 174, 218)
5, (161, 211, 169, 134, 59, 96, 165, 217)
5, (161, 200, 168, 133, 65, 117, 227, 229)
5, (161, 195, 160, 126, 74, 116, 219, 162)
5, (135, 195, 151, 112, 80, 117, 208, 171)
5, (145, 190, 145, 100, 81, 117, 217, 166)
5, (137, 201, 114, 119, 82, 104, 254, 162)
5, (135, 242, 121, 137, 78, 82, 198, 150)
5, (150, 234, 127, 132, 75, 86, 192, 157)
5, (151, 235, 127, 130, 75, 93, 222, 125)
5, (161, 251, 129, 140, 69, 94, 255, 173)
5, (192, 247, 148, 127, 69, 88, 225, 190)
5, (195, 203, 136, 119, 67, 88, 234, 179)
5, (180, 237, 149, 113, 64, 86, 257, 176)
5, (182, 258, 153, 111, 67, 91, 267, 176)
5, (162, 243, 160, 96, 64, 87, 232, 140)
5, (194, 241, 173, 93, 60, 86, 227, 130)
5, (206, 233, 174, 99, 67, 93, 218, 188)
5, (209, 196, 163, 113, 66, 92, 245, 196)
5, (216, 174, 163, 109, 58, 93, 249, 198)
5, (216, 229, 182, 116, 66, 92, 253, 195)
5, (155, 242, 153, 147, 71, 96, 282, 190)
5, (168, 270, 166, 134, 68, 91, 337, 159)
5, (188, 283, 167, 122, 61, 92, 300, 238)
5, (191, 276, 169, 135, 60, 100, 299, 237)
5, (191, 246, 147, 157, 58, 103, 293, 245)
5, (204, 208, 147, 130, 54, 116, 284, 251)
5, (184, 160, 127, 134, 50, 116, 227, 241)
5, (173, 203, 119, 141, 51, 119, 244, 217)
5, (162, 215, 112, 129, 53, 106, 245, 219)
5, (165, 212, 96, 106, 54, 109, 253, 205)
5, (159, 243, 93, 107, 61, 95, 225, 220)
5, (164, 244, 97, 107, 65, 95, 241, 230)
5, (149, 228, 113, 115, 69, 95, 237, 228)
5, (150, 238, 119, 128, 75, 92, 208, 223)
5, (146, 241, 126, 127, 79, 93, 235, 240)
5, (135, 232, 163, 130, 75, 100, 259, 223)
5, (135, 238, 180, 131, 74, 97, 240, 264)
5, (135, 275, 190, 113, 72, 88, 237, 215)
5, (129, 260, 202, 106, 66, 101, 261, 216)
5, (136, 249, 203, 139, 58, 114, 256, 204)
5, (169, 240, 184, 135, 58, 106, 253, 235)
5, (163, 266, 185, 155, 58, 103, 261, 196)
5, (178, 211, 173, 168, 72, 114, 251, 199)
5, (185, 220, 172, 169, 73, 119, 235, 201)
5, (189, 258, 170, 156, 72, 120, 214, 226)
5, (169, 259, 174, 208, 73, 118, 198, 262)
5, (180, 223, 158, 200, 78, 122, 178, 242)
5, (169, 260, 191, 265, 67, 117, 196, 244)
5, (164, 263, 185, 274, 62, 114, 205, 273)
5, (154, 232, 211, 265, 63, 97, 221, 284)
5, (152, 218, 205, 229, 60, 97, 221, 219)
5, (126, 219, 206, 233, 50, 102, 242, 224)
5, (127, 159, 177, 151, 54, 98, 265, 250)
5, (124, 173, 179, 139, 65, 80, 257, 278)
5, (129, 195, 142, 157, 65, 79, 251, 240)
5, (119, 203, 140, 151, 65, 82, 244, 236)
5, (143, 217, 174, 137, 71, 91, 240, 236)
5, (181, 263, 179, 152, 70, 90, 278, 286)
5, (179, 241, 163, 145, 66, 106, 275, 231)
5, (180, 226, 167, 124, 62, 106, 282, 234)
5, (184, 247, 194, 126, 63, 120, 298, 248)
5, (171, 306, 183, 137, 59, 111, 295, 257)
5, (126, 288, 173, 115, 77, 110, 225, 217)
5, (130, 286, 175, 121, 73, 127, 238, 210)
5, (144, 294, 203, 130, 74, 135, 277, 214)
5, (174, 299, 188, 185, 86, 126, 280, 205)
5, (171, 273, 166, 174, 86, 120, 284, 258)
5, (175, 255, 175, 171, 74, 122, 296, 217)
5, (194, 293, 179, 167, 73, 97, 331, 238)
5, (191, 314, 149, 163, 78, 92, 288, 240)
5, (172, 343, 142, 103, 68, 106, 280, 268)
5, (182, 344, 157, 107, 66, 110, 279, 264)
5, (179, 346, 179, 133, 57, 131, 338, 261)
5, (165, 326, 187, 146, 65, 126, 286, 253)
5, (166, 301, 190, 166, 62, 118, 279, 256)
5, (163, 248, 175, 164, 59, 101, 284, 248)
5, (155, 220, 172, 165, 65, 100, 309, 292)
5, (156, 251, 139, 162, 71, 78, 223, 293)
5, (154, 309, 128, 149, 69, 94, 235, 285)
5, (160, 307, 129, 127, 66, 130, 263, 283)
5, (152, 317, 162, 133, 64, 155, 264, 277)
5, (162, 313, 152, 132, 64, 153, 225, 232)
5, (167, 293, 164, 116, 59, 157, 252, 227)
5, (198, 244, 162, 118, 52, 147, 255, 231)
5, (200, 254, 174, 113, 68, 124, 254, 226)
5, (204, 330, 170, 113, 69, 103, 262, 256)
5, (195, 335, 172, 131, 67, 109, 258, 244)
5, (194, 331, 168, 130, 65, 100, 241, 243)
5, (171, 321, 179, 126, 74, 119, 229, 239)
5, (160, 315, 169, 140, 64, 124, 239, 237)
5, (155, 230, 161, 165, 68, 115, 218, 197)
5, (155, 227, 175, 155, 71, 114, 228, 129)
5, (155, 265, 178, 178, 74, 114, 243, 140)
5, (179, 281, 171, 179, 66, 104, 268, 206)
5, (184, 284, 179, 176, 64, 99, 270, 213)
5, (196, 273, 197, 187, 66, 101, 289, 205)
5, (241, 302, 190, 183, 63, 103, 279, 200)
5, (247, 290, 193, 187, 65, 102, 283, 213)
5, (222, 286, 199, 197, 69, 103, 282, 165)
5, (217, 286, 191, 187, 66, 92, 251, 258)
5, (205, 288, 169, 156, 65, 95, 233, 253)
5, (159, 263, 190, 161, 61, 101, 268, 256)
5, (160, 287, 175, 130, 65, 105, 285, 242)
5, (172, 341, 177, 136, 65, 99, 264, 236)
5, (172, 340, 201, 157, 75, 100, 257, 121)
5, (179, 338, 195, 152, 69, 95, 244, 123)
5, (216, 335, 167, 147, 70, 96, 287, 172)
5, (233, 291, 198, 169, 68, 81, 237, 207)
5, (227, 250, 227, 159, 65, 79, 230, 207)
5, (225, 277, 215, 144, 56, 92, 305, 203)
5, (232, 299, 217, 143, 56, 90, 311, 200)
5, (188, 283, 232, 153, 62, 86, 252, 159)
5, (150, 307, 223, 131, 66, 93, 272, 107)
5, (147, 336, 182, 123, 78, 91, 279, 108)
5, (159, 316, 164, 121, 78, 78, 196, 116)
5, (154, 300, 170, 137, 80, 84, 185, 123)
5, (157, 301, 159, 151, 77, 70, 175, 115)
5, (166, 331, 149, 147, 82, 67, 151, 120)
5, (177, 271, 165, 144, 76, 69, 134, 105)
5, (166, 280, 167, 159, 77, 86, 137, 94)
5, (170, 367, 160, 141, 82, 90, 171, 85)
5, (213, 363, 143, 115, 82, 102, 185, 93)
5, (212, 316, 167, 123, 75, 137, 289, 113)
5, (196, 313, 163, 140, 77, 152, 300, 108)
5, (196, 336, 167, 117, 79, 160, 362, 116)
5, (210, 270, 183, 118, 77, 171, 352, 120)
5, (183, 278, 195, 121, 78, 166, 341, 117)
5, (176, 278, 174, 122, 74, 143, 291, 94)
5, (193, 326, 170, 108, 68, 126, 288, 110)
5, (203, 295, 181, 112, 70, 110, 209, 111)
5, (170, 260, 167, 139, 84, 83, 205, 107)
5, (174, 266, 174, 133, 82, 79, 216, 108)
5, (172, 324, 164, 117, 81, 74, 220, 107)
5, (161, 283, 171, 124, 85, 75, 228, 105)
5, (148, 302, 148, 141, 84, 73, 242, 100)
5, (169, 333, 151, 125, 75, 81, 248, 100)
