0, (231, 235, 156, 134, 79, 68, 208, 104)
0, (233, 256, 168, 159, 63, 67, 194, 103)
0, (267, 275, 165, 160, 61, 77, 234, 178)
0, (259, 315, 160, 153, 51, 84, 226, 198)
0, (236, 286, 164, 168, 51, 86, 225, 199)
0, (235, 294, 188, 159, 55, 89, 223, 227)
0, (232, 303, 172, 141, 55, 95, 237, 232)
0, (192, 251, 155, 138, 57, 120, 236, 180)
0, (196, 203, 154, 140, 54, 117, 237, 148)
0, (173, 276, 165, 125, 55, 116, 229, 158)
0, (163, 280, 159, 106, 53, 115, 231, 115)
0, (169, 336, 186, 116, 54, 117, 251, 107)
0, (172, 392, 201, 118, 54, 89, 248, 110)
0, (156, 387, 213, 122, 60, 83, 220, 118)
0, (151, 358, 203, 121, 64, 80, 215, 101)
0, (147, 355, 196, 121, 66, 82, 226, 132)
0, (168, 282, 162, 111, 68, 73, 204, 131)
0, (167, 190, 148, 108, 70, 55, 154, 124)
0, (195, 268, 132, 91, 74, 53, 154, 119)
0, (189, 287, 144, 88, 70, 58, 152, 116)
0, (185, 322, 132, 89, 66, 56, 128, 78)
0, (156, 334, 140, 74, 65, 52, 106, 67)
0, (164, 344, 148, 93, 81, 61, 91, 71)
0, (136, 286, 143, 103, 91, 71, 96, 73)
0, (143, 275, 127, 99, 94, 72, 105, 79)
0, (143, 297, 130, 96, 94, 82, 158, 75)
0, (140, 329, 131, 111, 93, 82, 166, 74)
0, (122, 335, 125, 138, 90, 81, 185, 79)
0, (111, 351, 128, 159, 103, 72, 181, 76)
0, (113, 328, 124, 161, 104, 68, 179, 69)
0, (130, 296, 109, 160, 108, 66, 147, 79)
0, (131, 275, 96, 150, 112, 68, 136, 83)
0, (156, 269, 87, 116, 106, 72, 155, 83)
0, (174, 270, 78, 85, 74, 72, 163, 91)
0, (173, 335, 76, 86, 74, 70, 176, 93)
0, (163, 349, 94, 92, 80, 70, 185, 91)
0, (177, 328, 96, 98, 79, 69, 192, 92)
0, (151, 322, 90, 89, 74, 75, 168, 86)
0, (164, 336, 87, 81, 79, 77, 175, 76)
0, (160, 305, 105, 122, 92, 80, 162, 84)
0, (155, 262, 92, 127, 89, 70, 141, 77)
0, (134, 290, 93, 128, 87, 69, 146, 73)
0, (136, 289, 94, 132, 94, 57, 163, 77)
0, (105, 256, 92, 129, 89, 49, 156, 77)
0, (172, 260, 74, 92, 71, 52, 157, 73)
0, (181, 312, 80, 78, 66, 54, 156, 73)
0, (185, 286, 80, 70, 71, 59, 155, 71)
0, (196, 290, 83, 79, 68, 53, 121, 71)
0, (202, 309, 83, 78, 69, 63, 126, 76)
0, (179, 287, 87, 80, 71, 61, 148, 78)
0, (188, 256, 84, 79, 75, 71, 161, 78)
0, (189, 255, 82, 82, 76, 67, 150, 77)
0, (183, 333, 86, 66, 70, 72, 158, 72)
0, (190, 348, 92, 82, 74, 63, 143, 73)
0, (162, 344, 92, 76, 83, 64, 114, 63)
0, (149, 319, 92, 78, 82, 72, 131, 62)
0, (141, 326, 108, 58, 80, 72, 143, 68)
0, (146, 317, 105, 60, 77, 72, 156, 64)
0, (147, 301, 103, 57, 79, 51, 131, 62)
0, (152, 257, 82, 60, 84, 51, 123, 65)
0, (161, 334, 91, 59, 72, 47, 198, 98)
0, (180, 311, 93, 65, 71, 55, 211, 124)
1, (150, 360, 93, 72, 76, 70, 126, 67)
1, (151, 313, 90, 72, 80, 69, 131, 70)
1, (141, 330, 102, 62, 79, 55, 139, 64)
1, (140, 303, 104, 61, 79, 57, 139, 64)
1, (151, 275, 85, 56, 80, 46, 113, 70)
1, (145, 329, 92, 55, 70, 48, 158, 79)
1, (180, 317, 101, 64, 61, 55, 222, 121)
1, (189, 305, 102, 81, 59, 60, 240, 146)
1, (213, 279, 125, 93, 62, 56, 225, 203)
1, (227, 261, 131, 96, 71, 63, 209, 286)
1, (218, 289, 134, 115, 73, 68, 228, 283)
1, (214, 311, 144, 112, 76, 80, 234, 290)
1, (229, 381, 149, 109, 77, 79, 212, 301)
1, (214, 365, 130, 103, 80, 79, 202, 299)
1, (190, 356, 127, 105, 76, 91, 226, 261)
1, (187, 335, 120, 82, 68, 96, 214, 258)
1, (184, 370, 103, 94, 68, 89, 197, 254)
1, (154, 319, 105, 86, 69, 87, 204, 227)
2, (143, 328, 103, 82, 66, 94, 225, 186)
2, (155, 335, 120, 81, 67, 83, 198, 147)
2, (151, 338, 131, 93, 67, 76, 194, 247)
2, (140, 289, 140, 99, 75, 83, 216, 259)
2, (167, 373, 138, 99, 74, 95, 227, 267)
2, (185, 359, 143, 116, 71, 89, 202, 265)
2, (176, 356, 125, 113, 69, 88, 207, 248)
2, (176, 348, 142, 105, 81, 92, 193, 154)
2, (188, 359, 126, 95, 73, 86, 179, 140)
2, (176, 308, 138, 103, 72, 83, 170, 215)
2, (166, 307, 139, 88, 75, 87, 200, 226)
2, (164, 299, 139, 91, 72, 83, 183, 228)
2, (148, 338, 113, 91, 66, 76, 181, 223)
2, (190, 249, 186, 111, 89, 85, 269, 236)
2, (157, 347, 128, 95, 64, 74, 185, 229)
2, (192, 234, 189, 103, 87, 80, 273, 230)
2, (145, 292, 128, 103, 68, 70, 189, 151)
2, (196, 250, 205, 101, 82, 92, 310, 234)
2, (162, 285, 123, 99, 70, 68, 179, 198)
2, (217, 275, 203, 95, 84, 96, 328, 253)
2, (174, 312, 126, 98, 76, 77, 189, 214)
2, (197, 284, 191, 89, 77, 83, 295, 173)
2, (187, 293, 140, 107, 69, 74, 187, 214)
2, (225, 267, 175, 90, 73, 76, 270, 234)
2, (203, 248, 143, 104, 67, 75, 184, 220)
2, (233, 304, 162, 84, 69, 89, 289, 231)
2, (204, 275, 141, 101, 72, 70, 191, 221)
2, (229, 306, 146, 94, 66, 80, 254, 235)
2, (199, 270, 178, 116, 75, 75, 189, 226)
2, (231, 339, 139, 99, 59, 77, 195, 227)
2, (185, 242, 179, 124, 78, 68, 180, 211)
2, (264, 343, 131, 108, 66, 80, 192, 231)
2, (193, 220, 200, 134, 85, 71, 188, 218)
2, (259, 354, 127, 106, 71, 83, 203, 223)
2, (175, 224, 201, 146, 90, 74, 205, 227)
2, (293, 320, 131, 119, 72, 68, 172, 220)
2, (183, 182, 193, 145, 86, 73, 208, 245)
2, (299, 312, 148, 117, 75, 76, 222, 239)
2, (178, 183, 176, 150, 82, 66, 192, 211)
2, (297, 279, 159, 122, 76, 89, 277, 254)
2, (192, 185, 178, 151, 75, 62, 187, 223)
2, (267, 253, 171, 121, 85, 93, 318, 259)
2, (191, 189, 164, 137, 75, 70, 205, 223)
2, (258, 256, 177, 126, 79, 89, 313, 256)
2, (194, 193, 152, 123, 74, 76, 215, 220)
2, (224, 257, 170, 128, 80, 90, 312, 264)
2, (190, 241, 157, 120, 77, 74, 201, 200)
2, (220, 268, 183, 133, 83, 99, 292, 257)
2, (200, 278, 147, 111, 78, 75, 195, 176)
2, (214, 210, 164, 162, 90, 87, 257, 238)
2, (189, 309, 146, 98, 86, 75, 194, 155)
2, (236, 237, 173, 179, 80, 80, 205, 225)
2, (192, 303, 122, 92, 81, 66, 168, 218)
2, (277, 267, 167, 183, 85, 82, 203, 187)
2, (209, 283, 118, 95, 80, 60, 126, 193)
2, (264, 280, 172, 189, 85, 93, 235, 255)
2, (239, 250, 123, 99, 78, 61, 129, 253)
2, (277, 268, 165, 182, 83, 88, 244, 274)
2, (246, 221, 121, 91, 78, 60, 129, 270)
2, (293, 322, 181, 145, 80, 82, 236, 272)
2, (248, 187, 121, 107, 74, 65, 143, 273)
2, (287, 371, 168, 126, 78, 83, 240, 273)
2, (274, 243, 162, 111, 76, 74, 183, 292)
2, (240, 332, 167, 115, 71, 89, 242, 261)
2, (258, 250, 160, 103, 73, 74, 216, 309)
2, (244, 321, 165, 93, 70, 79, 234, 194)
2, (232, 301, 156, 97, 69, 74, 215, 262)
2, (226, 322, 134, 95, 80, 76, 257, 179)
2, (216, 307, 155, 97, 63, 75, 215, 244)
2, (200, 289, 141, 119, 71, 79, 251, 170)
2, (217, 297, 153, 116, 56, 80, 228, 250)
2, (173, 209, 142, 133, 70, 85, 253, 166)
2, (168, 267, 111, 130, 55, 75, 222, 260)
2, (177, 212, 150, 143, 76, 83, 255, 162)
2, (158, 315, 118, 141, 62, 73, 228, 244)
2, (180, 227, 174, 145, 74, 80, 238, 154)
2, (155, 283, 121, 144, 69, 75, 265, 261)
2, (185, 222, 203, 146, 59, 75, 178, 129)
2, (144, 268, 124, 150, 68, 73, 271, 263)
2, (186, 239, 194, 132, 63, 84, 171, 176)
2, (171, 274, 129, 136, 68, 67, 264, 275)
2, (189, 233, 197, 113, 64, 81, 166, 178)
2, (197, 297, 150, 129, 68, 69, 252, 235)
2, (200, 242, 199, 149, 59, 76, 154, 182)
2, (197, 248, 170, 122, 76, 81, 230, 244)
2, (193, 232, 181, 149, 69, 78, 140, 185)
2, (196, 228, 171, 123, 78, 80, 182, 227)
2, (181, 236, 174, 147, 82, 88, 158, 186)
2, (215, 234, 176, 159, 80, 81, 173, 228)
2, (194, 243, 178, 151, 81, 83, 166, 206)
3, (246, 320, 159, 99, 69, 80, 225, 252)
3, (238, 328, 153, 102, 67, 89, 227, 256)
3, (242, 314, 161, 111, 61, 92, 233, 249)
3, (251, 265, 151, 114, 62, 86, 244, 245)
3, (228, 300, 155, 125, 66, 83, 228, 234)
3, (216, 281, 160, 125, 72, 83, 270, 213)
3, (230, 277, 160, 130, 79, 98, 317, 261)
3, (232, 249, 163, 130, 78, 101, 328, 256)
3, (197, 259, 178, 133, 75, 95, 295, 252)
3, (201, 248, 153, 126, 66, 92, 295, 243)
3, (199, 245, 162, 137, 60, 89, 259, 210)
3, (231, 269, 178, 132, 55, 66, 181, 245)
3, (289, 296, 178, 126, 60, 65, 194, 242)
3, (287, 292, 168, 121, 60, 67, 180, 239)
3, (298, 285, 192, 141, 65, 66, 174, 244)
3, (306, 317, 181, 132, 68, 80, 234, 252)
3, (296, 311, 182, 141, 64, 89, 233, 222)
3, (231, 316, 199, 140, 75, 87, 218, 225)
3, (232, 315, 202, 142, 82, 90, 228, 228)
3, (215, 295, 179, 125, 88, 88, 232, 223)
3, (201, 283, 196, 124, 90, 80, 216, 212)
3, (200, 266, 187, 111, 94, 81, 257, 232)
4, (290, 304, 157, 116, 77, 71, 242, 278)
4, (290, 290, 151, 113, 74, 75, 219, 277)
4, (295, 305, 159, 117, 66, 72, 225, 317)
4, (268, 324, 173, 158, 63, 83, 222, 263)
4, (233, 327, 170, 158, 70, 81, 210, 260)
4, (254, 270, 170, 151, 65, 79, 192, 266)
4, (265, 313, 165, 151, 64, 86, 236, 292)
4, (260, 300, 159, 151, 69, 94, 233, 256)
4, (210, 315, 179, 112, 71, 93, 237, 261)
4, (214, 320, 174, 106, 88, 95, 231, 260)
4, (224, 326, 172, 111, 91, 97, 248, 254)
4, (221, 268, 168, 99, 88, 95, 237, 279)
4, (221, 269, 172, 94, 89, 86, 244, 247)
4, (237, 270, 131, 82, 89, 78, 233, 249)
4, (253, 316, 145, 90, 69, 88, 262, 257)
4, (244, 302, 161, 80, 68, 91, 260, 269)
5, (184, 292, 169, 118, 114, 91, 338, 198)
5, (179, 190, 171, 105, 84, 87, 319, 168)
5, (155, 209, 171, 101, 84, 71, 237, 169)
5, (144, 185, 173, 100, 88, 81, 252, 241)
5, (154, 229, 196, 100, 79, 93, 285, 270)
5, (160, 232, 190, 119, 70, 93, 296, 267)
5, (157, 242, 173, 131, 65, 93, 298, 265)
5, (155, 221, 186, 143, 76, 94, 337, 266)
5, (146, 230, 181, 137, 71, 84, 320, 228)
5, (195, 188, 158, 126, 75, 111, 328, 198)
5, (215, 213, 170, 127, 72, 107, 332, 216)
5, (235, 215, 152, 124, 76, 106, 331, 215)
5, (233, 220, 143, 110, 70, 98, 284, 242)
5, (246, 221, 136, 115, 69, 100, 316, 267)
5, (210, 248, 160, 197, 83, 62, 278, 263)
5, (191, 235, 145, 185, 86, 60, 252, 262)
5, (164, 219, 142, 181, 90, 62, 272, 266)
5, (156, 250, 129, 184, 92, 62, 241, 252)
5, (158, 289, 132, 187, 91, 71, 210, 207)
5, (204, 279, 102, 116, 72, 75, 266, 211)
5, (199, 287, 153, 131, 66, 75, 260, 206)
5, (201, 297, 189, 143, 64, 78, 242, 215)
5, (207, 322, 190, 147, 64, 81, 244, 269)
5, (232, 272, 196, 146, 75, 82, 294, 274)
5, (233, 252, 197, 136, 72, 83, 258, 281)
5, (239, 275, 178, 142, 83, 91, 276, 321)
5, (231, 273, 145, 129, 79, 88, 311, 329)
5, (241, 252, 145, 123, 85, 87, 320, 263)
5, (218, 260, 134, 136, 81, 83, 267, 271)
5, (174, 268, 130, 141, 80, 78, 289, 279)
5, (180, 248, 104, 134, 74, 67, 274, 243)
5, (217, 282, 99, 136, 73, 67, 250, 218)
5, (213, 245, 99, 138, 62, 78, 244, 220)
5, (203, 236, 109, 149, 64, 72, 248, 196)
5, (226, 233, 118, 145, 66, 67, 205, 219)
5, (231, 271, 121, 134, 66, 80, 268, 219)
5, (268, 241, 129, 133, 68, 81, 258, 241)
5, (283, 257, 127, 137, 77, 72, 250, 236)
5, (297, 276, 123, 109, 73, 76, 264, 280)
5, (288, 363, 117, 100, 72, 84, 264, 264)
5, (329, 336, 108, 116, 71, 76, 206, 248)
5, (278, 351, 123, 123, 74, 78, 218, 245)
5, (259, 336, 127, 118, 74, 79, 222, 308)
5, (241, 334, 149, 133, 73, 69, 213, 270)
5, (255, 299, 168, 140, 84, 69, 242, 256)
5, (228, 332, 173, 118, 88, 76, 258, 272)
5, (233, 313, 164, 145, 91, 73, 255, 277)
5, (236, 314, 167, 141, 89, 73, 252, 252)
5, (257, 349, 144, 122, 90, 80, 260, 257)
5, (237, 327, 139, 117, 82, 88, 273, 251)
5, (200, 309, 156, 130, 79, 84, 278, 250)
5, (198, 310, 155, 95, 78, 85, 268, 253)
5, (272, 318, 148, 100, 76, 82, 273, 278)
5, (290, 273, 163, 110, 74, 83, 272, 274)
