0, (162, 312, 128, 152, 73, 52, 67, 115)
0, (138, 338, 151, 145, 72, 56, 87, 113)
0, (178, 337, 151, 138, 69, 44, 78, 114)
0, (201, 346, 155, 134, 76, 44, 79, 116)
0, (205, 356, 167, 144, 78, 49, 111, 119)
0, (211, 336, 178, 148, 80, 55, 115, 76)
0, (230, 294, 156, 127, 79, 53, 113, 92)
0, (193, 296, 139, 101, 81, 55, 114, 86)
0, (167, 304, 131, 98, 77, 57, 114, 85)
0, (162, 289, 153, 78, 82, 53, 84, 83)
0, (166, 281, 142, 91, 80, 49, 80, 77)
0, (158, 275, 135, 84, 80, 48, 58, 50)
0, (156, 223, 135, 80, 83, 48, 53, 45)
0, (157, 270, 138, 78, 93, 48, 55, 46)
0, (164, 276, 107, 71, 86, 48, 54, 44)
0, (152, 272, 101, 39, 85, 47, 45, 44)
0, (117, 272, 100, 40, 79, 40, 40, 40)
0, (167, 317, 97, 51, 77, 39, 40, 44)
0, (175, 335, 95, 51, 57, 39, 36, 42)
0, (166, 355, 83, 54, 64, 52, 74, 44)
0, (168, 385, 87, 62, 65, 54, 85, 47)
0, (220, 396, 91, 66, 67, 59, 92, 51)
0, (206, 387, 88, 76, 65, 61, 94, 53)
0, (206, 360, 103, 117, 106, 63, 98, 61)
0, (218, 349, 105, 123, 112, 60, 84, 58)
0, (244, 364, 101, 122, 114, 57, 80, 58)
0, (207, 391, 101, 121, 120, 63, 91, 60)
0, (222, 378, 111, 113, 120, 63, 93, 59)
0, (219, 363, 93, 95, 86, 69, 107, 58)
0, (225, 406, 94, 110, 88, 62, 104, 61)
0, (200, 386, 102, 112, 94, 62, 102, 58)
0, (215, 346, 109, 115, 90, 51, 94, 59)
0, (237, 349, 100, 119, 93, 52, 93, 60)
0, (253, 389, 112, 102, 103, 47, 76, 52)
0, (242, 341, 117, 78, 98, 48, 76, 51)
0, (253, 341, 114, 89, 88, 49, 76, 54)
0, (254, 350, 117, 85, 87, 51, 72, 53)
0, (227, 342, 140, 79, 82, 55, 93, 57)
0, (237, 289, 134, 83, 68, 50, 93, 59)
0, (259, 293, 129, 88, 74, 55, 90, 61)
0, (245, 275, 125, 67, 75, 57, 92, 61)
0, (225, 280, 123, 72, 74, 61, 96, 58)
0, (250, 286, 100, 77, 74, 55, 75, 53)
0, (226, 305, 92, 76, 96, 57, 75, 54)
0, (201, 323, 102, 77, 93, 62, 90, 53)
0, (226, 370, 99, 80, 90, 67, 101, 57)
0, (266, 395, 94, 74, 90, 66, 101, 65)
0, (236, 376, 98, 67, 90, 65, 116, 93)
0, (247, 317, 108, 85, 76, 57, 119, 96)
0, (238, 260, 104, 89, 84, 53, 119, 91)
0, (280, 333, 105, 141, 88, 70, 138, 88)
0, (283, 413, 140, 174, 86, 72, 152, 117)
0, (294, 420, 150, 180, 88, 73, 156, 110)
0, (283, 434, 196, 181, 76, 63, 139, 111)
1, (261, 343, 115, 65, 76, 69, 131, 98)
1, (269, 343, 104, 56, 63, 62, 125, 97)
1, (231, 311, 99, 91, 90, 55, 111, 63)
1, (215, 318, 104, 101, 81, 54, 101, 71)
1, (233, 307, 109, 128, 101, 64, 125, 80)
1, (264, 323, 109, 116, 95, 67, 130, 79)
1, (253, 458, 215, 210, 101, 67, 151, 124)
1, (225, 478, 221, 195, 101, 68, 153, 132)
1, (219, 384, 202, 177, 96, 64, 136, 116)
1, (184, 393, 198, 188, 103, 59, 122, 114)
1, (203, 429, 162, 179, 106, 69, 124, 109)
1, (210, 365, 141, 159, 82, 60, 97, 103)
1, (210, 395, 136, 181, 85, 55, 83, 100)
1, (209, 413, 148, 177, 117, 68, 101, 90)
1, (231, 432, 160, 155, 111, 70, 101, 89)
1, (281, 376, 157, 148, 107, 61, 97, 90)
1, (308, 397, 169, 140, 112, 64, 110, 85)
1, (317, 368, 172, 115, 111, 66, 127, 79)
1, (316, 368, 176, 138, 91, 56, 113, 85)
1, (322, 331, 154, 145, 90, 55, 124, 86)
2, (272, 368, 153, 142, 83, 52, 123, 85)
2, (278, 349, 142, 132, 79, 49, 115, 82)
2, (252, 319, 154, 135, 85, 46, 90, 67)
2, (255, 277, 144, 114, 74, 50, 95, 97)
2, (272, 295, 144, 113, 74, 47, 82, 102)
2, (275, 371, 171, 122, 85, 53, 75, 102)
2, (240, 380, 162, 126, 89, 56, 71, 100)
2, (246, 384, 172, 136, 88, 54, 66, 101)
2, (276, 440, 170, 149, 90, 49, 56, 94)
2, (281, 455, 171, 146, 100, 51, 59, 95)
2, (282, 390, 143, 172, 101, 58, 67, 105)
2, (276, 386, 151, 169, 94, 54, 62, 105)
2, (282, 429, 153, 159, 87, 53, 64, 106)
2, (267, 380, 160, 153, 87, 62, 107, 94)
2, (227, 345, 162, 182, 103, 63, 107, 90)
2, (255, 306, 163, 154, 96, 53, 107, 79)
2, (263, 354, 162, 155, 101, 55, 112, 78)
2, (275, 300, 149, 175, 104, 69, 143, 78)
2, (290, 302, 164, 180, 109, 68, 123, 63)
2, (285, 298, 169, 175, 91, 67, 125, 62)
2, (239, 333, 166, 187, 91, 65, 121, 60)
2, (286, 315, 161, 195, 85, 66, 121, 67)
2, (316, 312, 165, 181, 88, 65, 131, 84)
2, (301, 317, 163, 170, 84, 62, 124, 84)
2, (318, 330, 178, 153, 75, 60, 120, 81)
2, (321, 313, 178, 143, 75, 61, 124, 79)
2, (323, 288, 179, 151, 89, 61, 120, 74)
2, (308, 322, 167, 165, 84, 51, 74, 107)
2, (330, 376, 149, 163, 81, 46, 72, 116)
2, (318, 369, 120, 177, 92, 66, 91, 119)
2, (319, 374, 142, 186, 112, 78, 91, 122)
2, (269, 368, 164, 184, 112, 78, 94, 125)
2, (274, 437, 155, 171, 114, 77, 86, 120)
2, (267, 391, 180, 173, 116, 78, 86, 112)
2, (289, 407, 176, 153, 111, 68, 65, 112)
2, (289, 393, 159, 170, 94, 53, 60, 111)
2, (328, 401, 156, 198, 85, 54, 70, 110)
2, (312, 295, 206, 211, 79, 52, 69, 73)
2, (281, 324, 185, 212, 79, 69, 74, 73)
2, (272, 328, 197, 226, 88, 70, 72, 78)
2, (274, 376, 201, 220, 93, 70, 73, 77)
2, (286, 322, 183, 193, 94, 62, 76, 111)
2, (226, 361, 186, 187, 92, 69, 59, 78)
2, (289, 283, 156, 195, 102, 74, 98, 110)
2, (251, 348, 134, 171, 95, 74, 61, 95)
2, (248, 287, 133, 170, 97, 69, 95, 108)
2, (256, 317, 139, 202, 92, 71, 60, 96)
2, (251, 279, 146, 203, 88, 77, 99, 105)
2, (251, 295, 127, 185, 77, 68, 64, 92)
2, (282, 280, 145, 200, 81, 80, 97, 106)
2, (263, 243, 131, 175, 74, 78, 90, 93)
3, (245, 259, 150, 158, 92, 68, 97, 111)
3, (290, 296, 150, 172, 88, 63, 84, 114)
3, (282, 308, 158, 204, 85, 50, 76, 94)
3, (304, 345, 193, 222, 96, 53, 85, 97)
3, (304, 326, 171, 215, 102, 54, 93, 97)
3, (331, 329, 175, 209, 101, 57, 97, 106)
3, (330, 335, 183, 208, 92, 62, 117, 129)
3, (315, 336, 189, 195, 92, 62, 114, 115)
3, (295, 389, 165, 189, 90, 60, 109, 113)
3, (274, 416, 180, 176, 85, 58, 102, 112)
3, (273, 405, 179, 174, 83, 56, 115, 134)
3, (269, 379, 173, 168, 85, 44, 88, 106)
3, (295, 410, 182, 161, 81, 44, 91, 111)
3, (292, 383, 183, 148, 70, 43, 94, 114)
3, (295, 392, 167, 138, 67, 63, 115, 131)
3, (285, 381, 166, 149, 72, 59, 90, 96)
3, (295, 410, 171, 141, 74, 58, 88, 100)
3, (276, 378, 158, 160, 71, 58, 85, 99)
3, (284, 366, 153, 173, 83, 62, 86, 104)
3, (285, 335, 148, 179, 87, 45, 61, 101)
3, (250, 357, 152, 178, 83, 44, 60, 101)
3, (220, 332, 150, 185, 87, 47, 62, 99)
3, (223, 318, 143, 175, 97, 48, 62, 105)
3, (223, 356, 152, 164, 98, 42, 57, 117)
3, (224, 373, 162, 171, 93, 38, 60, 113)
3, (262, 358, 156, 189, 94, 42, 69, 118)
3, (242, 377, 148, 190, 91, 45, 71, 120)
3, (264, 406, 161, 163, 80, 45, 80, 128)
3, (264, 383, 181, 162, 65, 47, 80, 109)
3, (309, 363, 194, 182, 71, 58, 79, 100)
3, (279, 370, 194, 162, 77, 59, 72, 102)
3, (292, 334, 193, 160, 87, 57, 75, 114)
4, (189, 368, 161, 120, 93, 65, 97, 119)
4, (187, 375, 155, 134, 94, 62, 108, 130)
4, (179, 358, 146, 139, 93, 60, 104, 99)
4, (189, 316, 122, 150, 99, 64, 109, 102)
4, (215, 304, 113, 154, 106, 65, 115, 120)
4, (221, 385, 133, 149, 119, 65, 102, 130)
4, (223, 397, 162, 146, 106, 65, 87, 118)
4, (222, 396, 166, 164, 110, 66, 87, 119)
4, (231, 410, 167, 152, 105, 58, 79, 123)
4, (218, 413, 177, 134, 108, 77, 94, 96)
4, (227, 389, 184, 137, 88, 74, 92, 97)
4, (211, 349, 204, 159, 100, 76, 93, 97)
4, (216, 321, 198, 134, 93, 75, 93, 106)
4, (205, 318, 203, 140, 91, 74, 94, 99)
4, (211, 437, 221, 199, 82, 59, 88, 115)
4, (285, 396, 215, 216, 89, 55, 75, 102)
4, (285, 404, 184, 220, 88, 50, 75, 108)
4, (280, 410, 186, 229, 96, 51, 73, 99)
4, (314, 452, 203, 231, 96, 58, 75, 114)
4, (319, 398, 201, 186, 100, 65, 86, 98)
4, (233, 402, 223, 176, 96, 64, 87, 96)
4, (247, 376, 221, 142, 84, 65, 86, 92)
4, (261, 411, 230, 147, 76, 65, 88, 114)
4, (222, 376, 221, 151, 78, 61, 89, 100)
4, (231, 319, 195, 154, 71, 49, 64, 110)
4, (240, 325, 169, 147, 68, 48, 65, 110)
4, (230, 376, 162, 157, 73, 44, 76, 118)
4, (218, 333, 142, 139, 79, 47, 75, 101)
4, (230, 307, 125, 132, 78, 47, 71, 101)
4, (242, 298, 137, 153, 83, 53, 73, 95)
4, (224, 326, 139, 170, 88, 62, 91, 102)
4, (218, 308, 152, 157, 87, 64, 82, 99)
4, (229, 306, 149, 156, 78, 62, 80, 97)
4, (214, 312, 189, 151, 78, 65, 90, 100)
4, (172, 310, 199, 134, 75, 67, 95, 105)
4, (182, 289, 188, 160, 70, 58, 80, 122)
4, (183, 289, 225, 167, 69, 56, 85, 113)
4, (190, 312, 238, 187, 81, 74, 116, 113)
4, (188, 309, 210, 188, 92, 79, 126, 109)
4, (205, 321, 198, 186, 97, 81, 123, 133)
4, (210, 281, 197, 141, 95, 82, 121, 110)
4, (244, 261, 166, 167, 94, 82, 118, 111)
5, (221, 361, 157, 135, 85, 52, 99, 124)
5, (201, 361, 161, 167, 89, 56, 92, 77)
5, (215, 341, 190, 160, 88, 54, 92, 73)
5, (222, 285, 186, 180, 88, 58, 96, 75)
5, (229, 285, 203, 176, 90, 59, 98, 76)
5, (233, 302, 213, 185, 86, 57, 84, 59)
5, (238, 305, 210, 156, 76, 54, 85, 58)
5, (240, 286, 184, 159, 77, 52, 85, 67)
5, (255, 300, 169, 130, 82, 49, 83, 84)
5, (243, 326, 161, 148, 85, 52, 91, 86)
5, (229, 335, 192, 173, 102, 50, 81, 85)
5, (230, 390, 211, 192, 101, 48, 80, 82)
5, (208, 360, 238, 183, 95, 52, 86, 87)
5, (191, 391, 247, 185, 91, 54, 90, 94)
5, (193, 375, 248, 175, 89, 45, 73, 91)
5, (180, 395, 218, 144, 80, 47, 74, 91)
5, (181, 395, 217, 139, 90, 55, 92, 107)
5, (185, 387, 182, 136, 94, 56, 94, 109)
5, (189, 366, 178, 139, 111, 60, 91, 92)
5, (206, 385, 188, 145, 123, 64, 90, 93)
5, (209, 383, 192, 150, 114, 62, 91, 107)
5, (195, 335, 202, 135, 109, 65, 99, 133)
5, (215, 325, 202, 136, 106, 72, 99, 128)
5, (217, 323, 200, 159, 93, 66, 98, 127)
5, (220, 314, 184, 154, 74, 65, 95, 155)
5, (202, 266, 174, 134, 81, 67, 98, 145)
5, (210, 261, 137, 134, 81, 65, 81, 113)
5, (241, 277, 153, 139, 84, 55, 79, 116)
5, (241, 259, 138, 114, 76, 54, 78, 119)
5, (233, 262, 141, 118, 95, 54, 82, 112)
5, (251, 256, 133, 148, 91, 54, 86, 117)
5, (248, 254, 135, 145, 92, 55, 77, 130)
5, (200, 323, 117, 146, 92, 58, 77, 129)
5, (185, 351, 129, 151, 91, 59, 80, 136)
5, (163, 336, 127, 143, 70, 61, 77, 113)
5, (153, 342, 136, 129, 73, 70, 106, 109)
5, (177, 362, 141, 128, 86, 69, 109, 88)
5, (179, 344, 152, 128, 88, 67, 108, 119)
5, (170, 352, 167, 108, 92, 70, 106, 108)
5, (183, 361, 167, 126, 90, 69, 104, 114)
