0, (140, 243, 141, 124, 60, 50, 76, 96)
0, (138, 313, 150, 125, 72, 51, 75, 95)
0, (161, 321, 142, 100, 68, 50, 64, 83)
0, (154, 306, 120, 121, 73, 50, 66, 60)
0, (162, 294, 116, 114, 84, 55, 85, 57)
0, (175, 344, 128, 125, 81, 58, 95, 93)
0, (168, 287, 135, 143, 73, 53, 93, 94)
0, (130, 301, 190, 192, 87, 62, 102, 94)
0, (141, 307, 204, 204, 91, 71, 110, 98)
0, (139, 406, 208, 209, 86, 65, 98, 108)
0, (162, 397, 203, 202, 92, 66, 103, 100)
0, (170, 400, 193, 190, 92, 67, 103, 100)
0, (172, 422, 142, 143, 82, 58, 97, 103)
0, (184, 473, 124, 100, 72, 44, 84, 102)
0, (205, 423, 116, 82, 70, 46, 76, 85)
0, (185, 377, 110, 80, 62, 46, 71, 63)
0, (197, 382, 114, 78, 67, 52, 73, 62)
0, (229, 354, 102, 71, 68, 52, 70, 56)
0, (215, 287, 111, 68, 68, 52, 72, 48)
0, (215, 322, 113, 71, 81, 48, 67, 48)
0, (255, 352, 120, 71, 82, 45, 48, 45)
0, (248, 349, 112, 71, 83, 38, 54, 44)
0, (221, 343, 105, 68, 89, 41, 59, 46)
0, (240, 380, 99, 73, 96, 46, 60, 47)
0, (214, 312, 92, 66, 82, 46, 62, 45)
0, (162, 278, 84, 67, 82, 51, 72, 49)
0, (192, 276, 86, 56, 74, 55, 70, 49)
0, (206, 312, 82, 49, 63, 52, 66, 45)
0, (184, 263, 67, 54, 56, 50, 69, 48)
0, (212, 366, 69, 55, 65, 54, 70, 49)
0, (209, 366, 73, 57, 67, 50, 60, 45)
0, (182, 383, 72, 63, 72, 44, 56, 44)
0, (205, 360, 76, 67, 82, 50, 57, 47)
0, (209, 409, 81, 57, 86, 51, 73, 48)
0, (186, 345, 79, 57, 79, 47, 82, 50)
0, (191, 372, 101, 64, 86, 46, 81, 50)
0, (194, 377, 105, 64, 86, 53, 83, 52)
0, (159, 376, 109, 61, 78, 52, 88, 52)
0, (194, 378, 117, 75, 71, 52, 76, 49)
0, (200, 403, 135, 87, 74, 55, 69, 47)
0, (211, 441, 115, 80, 64, 56, 74, 52)
0, (211, 430, 110, 78, 66, 51, 74, 50)
0, (208, 463, 114, 82, 64, 51, 69, 47)
0, (175, 485, 116, 75, 66, 51, 64, 48)
0, (170, 455, 95, 58, 69, 53, 79, 50)
0, (160, 381, 96, 64, 69, 55, 83, 41)
0, (152, 384, 98, 69, 70, 55, 84, 43)
0, (189, 358, 94, 67, 82, 53, 85, 42)
1, (200, 277, 80, 62, 81, 56, 97, 51)
1, (193, 265, 94, 67, 75, 50, 82, 47)
1, (190, 295, 95, 62, 78, 53, 85, 47)
1, (288, 360, 97, 55, 86, 59, 87, 48)
1, (265, 347, 90, 48, 79, 57, 86, 48)
1, (269, 340, 96, 55, 81, 51, 76, 46)
1, (273, 362, 85, 51, 81, 58, 88, 58)
1, (274, 349, 88, 54, 73, 56, 112, 89)
1, (190, 311, 83, 52, 64, 55, 124, 94)
1, (192, 400, 93, 60, 61, 55, 125, 97)
1, (179, 413, 98, 84, 62, 56, 132, 99)
1, (189, 403, 101, 87, 63, 53, 127, 102)
1, (203, 403, 111, 94, 70, 52, 110, 81)
1, (268, 382, 118, 108, 76, 54, 127, 85)
1, (276, 304, 124, 110, 77, 56, 130, 83)
1, (282, 279, 116, 99, 77, 54, 122, 79)
1, (270, 326, 110, 114, 80, 54, 127, 85)
1, (286, 324, 105, 125, 74, 54, 122, 90)
1, (222, 341, 106, 121, 59, 54, 110, 83)
1, (206, 378, 90, 127, 55, 54, 109, 85)
1, (191, 393, 89, 122, 54, 57, 114, 90)
1, (224, 342, 101, 113, 64, 61, 113, 96)
1, (203, 395, 127, 118, 72, 61, 105, 98)
1, (196, 390, 129, 114, 72, 57, 82, 100)
1, (197, 341, 129, 111, 74, 59, 98, 100)
1, (206, 341, 137, 127, 75, 56, 106, 108)
1, (189, 385, 139, 127, 64, 52, 107, 113)
1, (184, 339, 133, 108, 61, 53, 107, 112)
1, (174, 385, 129, 111, 65, 52, 106, 113)
1, (195, 482, 145, 106, 66, 48, 92, 115)
1, (192, 499, 149, 92, 66, 53, 88, 103)
1, (208, 466, 139, 91, 69, 51, 91, 99)
1, (208, 455, 127, 87, 71, 44, 91, 93)
1, (225, 432, 142, 110, 76, 49, 96, 89)
1, (234, 322, 134, 117, 75, 48, 91, 92)
1, (254, 299, 140, 114, 83, 51, 87, 99)
2, (229, 329, 150, 107, 90, 56, 82, 81)
2, (235, 358, 148, 148, 93, 59, 91, 95)
2, (233, 374, 140, 149, 94, 57, 89, 100)
2, (241, 377, 143, 144, 94, 61, 95, 99)
2, (297, 377, 133, 143, 83, 55, 94, 95)
2, (315, 386, 131, 145, 79, 51, 85, 95)
2, (310, 385, 132, 124, 69, 50, 76, 85)
2, (308, 347, 117, 100, 59, 45, 78, 91)
2, (303, 398, 114, 95, 56, 40, 76, 94)
2, (355, 332, 235, 173, 85, 42, 51, 119)
2, (221, 382, 111, 92, 59, 38, 68, 97)
2, (303, 380, 213, 172, 84, 45, 55, 120)
2, (220, 349, 138, 103, 61, 34, 65, 99)
2, (300, 441, 136, 183, 90, 45, 53, 117)
2, (235, 340, 151, 105, 63, 33, 65, 105)
2, (330, 426, 132, 176, 91, 48, 60, 119)
2, (262, 369, 161, 107, 63, 37, 72, 118)
2, (244, 464, 173, 171, 97, 48, 62, 119)
2, (251, 307, 157, 115, 63, 37, 64, 116)
2, (266, 470, 171, 170, 109, 57, 72, 86)
2, (272, 320, 155, 137, 64, 36, 65, 111)
2, (282, 452, 179, 163, 112, 56, 70, 82)
2, (297, 434, 128, 140, 66, 36, 75, 110)
2, (282, 404, 198, 176, 108, 56, 70, 86)
2, (290, 429, 116, 126, 68, 38, 79, 99)
2, (276, 406, 189, 174, 110, 56, 74, 87)
2, (262, 394, 107, 123, 79, 38, 76, 96)
2, (275, 370, 201, 170, 108, 62, 85, 85)
2, (268, 399, 137, 128, 86, 39, 76, 90)
2, (250, 379, 205, 165, 79, 51, 91, 86)
2, (264, 437, 139, 118, 82, 39, 75, 97)
2, (241, 368, 220, 169, 71, 51, 97, 86)
2, (252, 322, 144, 122, 78, 43, 79, 95)
2, (268, 369, 211, 127, 67, 55, 98, 89)
2, (275, 351, 148, 128, 76, 43, 83, 105)
2, (242, 342, 228, 141, 66, 55, 95, 115)
2, (273, 394, 154, 130, 69, 42, 97, 86)
2, (251, 367, 202, 140, 60, 60, 95, 113)
2, (276, 387, 134, 125, 66, 44, 99, 87)
2, (245, 336, 225, 142, 56, 58, 85, 113)
2, (295, 330, 155, 118, 77, 47, 97, 81)
2, (248, 338, 207, 151, 64, 59, 80, 115)
2, (278, 344, 153, 130, 83, 41, 90, 82)
2, (232, 320, 223, 150, 65, 58, 85, 144)
2, (243, 442, 166, 126, 89, 47, 92, 74)
2, (235, 347, 210, 130, 75, 63, 87, 120)
2, (257, 405, 164, 133, 90, 51, 70, 85)
2, (234, 350, 201, 155, 88, 57, 79, 112)
2, (244, 444, 171, 130, 91, 51, 66, 85)
2, (285, 354, 194, 161, 99, 65, 95, 113)
2, (239, 491, 150, 130, 93, 52, 68, 80)
2, (304, 336, 190, 140, 97, 64, 95, 116)
2, (254, 484, 154, 122, 86, 55, 68, 85)
2, (290, 360, 166, 141, 99, 66, 92, 87)
2, (249, 379, 133, 115, 81, 50, 65, 100)
2, (287, 392, 164, 151, 89, 62, 96, 91)
2, (254, 371, 129, 138, 74, 49, 65, 90)
2, (290, 411, 162, 136, 86, 57, 93, 95)
2, (255, 355, 113, 143, 72, 50, 66, 89)
2, (274, 417, 121, 125, 73, 54, 80, 89)
2, (231, 330, 117, 155, 62, 47, 66, 92)
2, (243, 482, 119, 135, 67, 54, 94, 87)
2, (235, 364, 112, 159, 62, 50, 70, 86)
2, (255, 515, 116, 128, 62, 52, 96, 98)
2, (241, 349, 127, 182, 63, 56, 103, 87)
2, (319, 487, 126, 139, 68, 52, 97, 99)
2, (219, 376, 144, 200, 89, 58, 104, 86)
2, (320, 480, 131, 166, 83, 54, 100, 98)
2, (236, 392, 154, 222, 109, 57, 110, 88)
2, (279, 491, 149, 202, 106, 52, 94, 102)
2, (298, 375, 166, 226, 112, 60, 115, 92)
2, (279, 416, 163, 212, 110, 58, 116, 116)
3, (227, 443, 204, 170, 93, 65, 120, 97)
3, (226, 431, 201, 156, 63, 63, 116, 110)
3, (256, 358, 205, 189, 74, 65, 115, 109)
3, (243, 380, 208, 186, 68, 60, 113, 108)
3, (258, 500, 214, 178, 60, 60, 118, 116)
3, (254, 445, 186, 179, 65, 44, 84, 135)
3, (232, 439, 186, 177, 75, 44, 84, 109)
3, (229, 455, 174, 165, 75, 42, 91, 118)
3, (219, 450, 177, 172, 77, 48, 123, 132)
3, (216, 327, 176, 181, 75, 49, 116, 125)
3, (266, 321, 199, 184, 83, 54, 118, 106)
3, (260, 362, 208, 183, 75, 53, 121, 107)
3, (265, 417, 201, 162, 65, 52, 120, 109)
3, (279, 395, 207, 188, 69, 47, 85, 109)
3, (320, 373, 205, 150, 75, 49, 89, 108)
3, (298, 370, 173, 150, 69, 48, 76, 107)
3, (300, 352, 179, 163, 79, 53, 77, 133)
3, (322, 261, 191, 186, 93, 56, 72, 123)
3, (327, 308, 198, 160, 87, 55, 70, 117)
3, (298, 362, 191, 172, 93, 64, 75, 119)
3, (301, 366, 194, 176, 94, 66, 104, 122)
3, (331, 370, 184, 237, 100, 62, 104, 94)
3, (298, 344, 170, 231, 89, 61, 105, 98)
3, (286, 380, 151, 237, 92, 61, 108, 96)
3, (276, 344, 154, 246, 84, 51, 103, 106)
3, (249, 349, 154, 258, 81, 53, 109, 97)
3, (266, 321, 130, 198, 67, 58, 107, 112)
3, (261, 352, 124, 186, 81, 59, 112, 130)
3, (261, 311, 132, 172, 89, 59, 108, 123)
3, (264, 337, 153, 146, 90, 57, 103, 112)
3, (274, 351, 139, 102, 87, 51, 85, 117)
3, (235, 363, 175, 95, 86, 47, 89, 116)
3, (236, 350, 204, 103, 73, 43, 80, 93)
3, (248, 338, 210, 113, 64, 48, 86, 95)
3, (237, 402, 198, 117, 55, 50, 90, 93)
3, (242, 392, 206, 135, 63, 55, 83, 97)
3, (294, 396, 208, 150, 67, 54, 75, 80)
3, (292, 395, 241, 159, 67, 53, 76, 81)
3, (281, 419, 239, 169, 63, 49, 68, 83)
3, (359, 324, 232, 176, 69, 45, 66, 96)
4, (220, 338, 155, 154, 89, 55, 122, 100)
4, (186, 350, 180, 166, 97, 64, 118, 98)
4, (248, 328, 197, 164, 93, 69, 122, 111)
4, (262, 341, 223, 161, 92, 69, 107, 90)
4, (264, 356, 218, 155, 84, 66, 104, 94)
4, (261, 346, 257, 144, 87, 69, 96, 96)
4, (282, 342, 241, 129, 93, 66, 111, 116)
4, (244, 347, 230, 120, 98, 56, 123, 108)
4, (206, 341, 200, 147, 103, 59, 125, 106)
4, (209, 338, 212, 153, 106, 60, 127, 104)
4, (230, 346, 183, 152, 98, 56, 131, 123)
4, (253, 423, 176, 162, 83, 51, 124, 105)
4, (248, 442, 175, 192, 77, 51, 97, 104)
4, (252, 442, 179, 177, 69, 45, 94, 111)
4, (265, 428, 177, 175, 67, 46, 99, 130)
4, (300, 427, 171, 174, 62, 43, 91, 105)
4, (271, 359, 170, 157, 63, 47, 89, 106)
4, (267, 337, 184, 108, 67, 39, 73, 100)
4, (289, 355, 193, 128, 94, 45, 74, 108)
4, (267, 434, 193, 126, 90, 44, 67, 86)
4, (218, 410, 178, 126, 94, 50, 74, 87)
4, (210, 388, 181, 167, 99, 46, 73, 93)
5, (202, 312, 184, 117, 84, 61, 107, 107)
5, (225, 344, 185, 117, 88, 68, 106, 112)
5, (225, 351, 182, 110, 94, 66, 88, 132)
5, (230, 355, 193, 148, 87, 67, 95, 108)
5, (222, 313, 186, 179, 69, 59, 93, 113)
5, (215, 319, 166, 178, 75, 57, 92, 117)
5, (207, 296, 164, 188, 92, 51, 75, 108)
5, (202, 326, 170, 209, 98, 56, 78, 85)
5, (182, 317, 146, 188, 94, 51, 65, 94)
5, (205, 319, 206, 173, 92, 60, 88, 124)
5, (206, 331, 208, 175, 92, 60, 90, 122)
5, (216, 331, 217, 166, 73, 64, 87, 128)
5, (226, 262, 209, 146, 60, 64, 95, 130)
5, (223, 284, 236, 146, 70, 69, 98, 127)
5, (213, 285, 186, 129, 77, 64, 78, 92)
5, (222, 268, 225, 163, 80, 65, 81, 91)
5, (245, 263, 223, 162, 84, 59, 83, 95)
5, (223, 283, 224, 201, 83, 61, 97, 93)
5, (249, 328, 205, 209, 78, 56, 93, 98)
5, (243, 349, 199, 212, 92, 61, 102, 94)
5, (278, 383, 155, 196, 94, 59, 99, 93)
5, (270, 382, 171, 193, 88, 54, 97, 117)
5, (283, 379, 192, 146, 95, 46, 85, 121)
5, (265, 365, 189, 129, 97, 49, 85, 116)
5, (270, 327, 218, 118, 83, 43, 80, 126)
5, (218, 271, 251, 125, 71, 42, 84, 131)
5, (214, 285, 239, 133, 73, 43, 89, 102)
5, (193, 320, 226, 153, 72, 53, 101, 96)
5, (208, 277, 222, 150, 71, 51, 118, 117)
5, (207, 298, 205, 156, 79, 52, 115, 106)
