0, (230, 242, 153, 112, 80, 61, 110, 136)
0, (222, 237, 161, 92, 66, 61, 111, 122)
0, (245, 245, 169, 90, 74, 102, 164, 107)
0, (229, 231, 172, 98, 72, 96, 143, 115)
0, (242, 229, 169, 102, 75, 98, 148, 115)
0, (229, 218, 141, 107, 71, 98, 152, 137)
0, (233, 228, 127, 138, 80, 100, 157, 135)
0, (243, 248, 136, 143, 76, 67, 111, 133)
0, (236, 253, 135, 147, 86, 64, 106, 126)
0, (224, 232, 135, 157, 93, 68, 117, 136)
0, (226, 257, 132, 166, 102, 72, 112, 116)
0, (240, 261, 135, 164, 108, 83, 120, 113)
0, (225, 252, 126, 164, 125, 84, 109, 103)
0, (205, 236, 160, 174, 123, 85, 112, 126)
0, (210, 229, 180, 167, 115, 81, 92, 106)
0, (193, 229, 224, 160, 115, 77, 92, 124)
0, (243, 212, 228, 142, 118, 77, 88, 168)
0, (224, 196, 223, 138, 109, 72, 92, 187)
0, (235, 195, 204, 116, 107, 73, 87, 173)
0, (235, 205, 188, 124, 107, 70, 83, 173)
0, (254, 209, 137, 128, 106, 74, 95, 161)
0, (231, 208, 125, 127, 97, 65, 91, 129)
0, (231, 212, 126, 122, 78, 57, 85, 115)
0, (247, 239, 145, 128, 75, 53, 86, 150)
0, (242, 270, 154, 124, 80, 54, 85, 157)
0, (221, 252, 159, 114, 77, 47, 78, 157)
0, (205, 246, 161, 107, 69, 34, 67, 147)
0, (204, 267, 179, 100, 72, 35, 61, 131)
0, (200, 254, 158, 87, 71, 38, 64, 114)
0, (205, 232, 175, 98, 68, 38, 65, 105)
0, (204, 239, 179, 145, 93, 48, 58, 103)
0, (174, 244, 178, 151, 101, 51, 48, 96)
0, (157, 223, 155, 153, 100, 50, 49, 95)
0, (105, 210, 151, 152, 99, 46, 42, 51)
1, (105, 189, 126, 134, 108, 51, 40, 45)
1, (126, 190, 106, 71, 87, 43, 31, 41)
1, (127, 229, 106, 60, 74, 41, 36, 41)
1, (142, 239, 111, 64, 77, 44, 37, 41)
1, (158, 249, 116, 66, 100, 47, 38, 43)
1, (146, 268, 102, 79, 94, 44, 40, 43)
1, (124, 240, 99, 77, 89, 42, 48, 42)
1, (141, 212, 96, 78, 93, 45, 45, 39)
1, (198, 216, 93, 93, 93, 46, 47, 37)
1, (212, 244, 83, 101, 73, 48, 54, 40)
1, (244, 229, 90, 96, 79, 49, 52, 45)
1, (258, 244, 93, 101, 87, 53, 52, 45)
1, (266, 266, 88, 103, 83, 52, 59, 51)
1, (234, 266, 82, 86, 77, 52, 58, 51)
1, (227, 281, 84, 77, 75, 50, 54, 49)
1, (194, 279, 79, 95, 72, 48, 57, 47)
1, (228, 264, 74, 96, 72, 44, 51, 49)
1, (218, 264, 85, 95, 83, 45, 43, 43)
2, (216, 257, 90, 92, 87, 48, 47, 49)
2, (239, 220, 91, 100, 88, 45, 50, 50)
2, (267, 216, 89, 101, 90, 55, 64, 53)
2, (232, 248, 86, 100, 101, 58, 70, 54)
2, (251, 241, 88, 103, 103, 63, 77, 58)
2, (246, 243, 90, 109, 105, 61, 79, 55)
2, (229, 235, 96, 102, 106, 65, 79, 58)
2, (192, 271, 97, 89, 98, 60, 69, 54)
2, (186, 246, 94, 86, 85, 60, 72, 55)
2, (223, 266, 90, 79, 80, 55, 68, 58)
2, (241, 258, 83, 67, 76, 56, 66, 56)
2, (242, 319, 78, 81, 76, 52, 63, 61)
2, (268, 308, 84, 79, 77, 48, 62, 60)
2, (277, 318, 92, 79, 70, 42, 54, 57)
2, (238, 296, 87, 80, 67, 44, 54, 54)
2, (226, 304, 90, 83, 76, 39, 60, 54)
2, (252, 280, 96, 70, 80, 47, 95, 70)
2, (237, 276, 93, 89, 84, 56, 106, 72)
2, (244, 259, 96, 109, 101, 56, 112, 78)
2, (234, 259, 109, 147, 109, 57, 110, 79)
2, (271, 249, 129, 172, 125, 73, 140, 110)
2, (257, 239, 127, 215, 146, 75, 128, 106)
2, (257, 229, 123, 216, 144, 71, 123, 125)
2, (257, 229, 127, 223, 135, 72, 130, 185)
2, (281, 244, 123, 208, 136, 74, 133, 189)
2, (264, 308, 121, 190, 116, 64, 107, 184)
2, (261, 275, 117, 145, 91, 58, 98, 181)
2, (275, 264, 118, 132, 100, 66, 116, 170)
2, (278, 303, 117, 136, 105, 65, 108, 107)
2, (251, 292, 114, 140, 94, 63, 107, 100)
2, (218, 225, 95, 137, 93, 58, 113, 83)
2, (231, 239, 105, 142, 93, 62, 119, 80)
2, (238, 263, 106, 138, 87, 52, 99, 79)
2, (269, 257, 98, 114, 80, 52, 93, 128)
2, (284, 251, 97, 96, 79, 46, 89, 129)
2, (335, 254, 100, 110, 82, 58, 117, 137)
2, (328, 241, 96, 120, 73, 51, 124, 149)
2, (318, 235, 102, 130, 73, 51, 124, 153)
2, (292, 278, 106, 136, 85, 56, 129, 126)
2, (289, 272, 120, 175, 99, 57, 130, 124)
2, (268, 262, 119, 182, 97, 43, 98, 114)
2, (264, 275, 115, 173, 102, 47, 86, 98)
2, (288, 280, 167, 216, 108, 54, 104, 108)
2, (270, 217, 179, 217, 105, 49, 101, 98)
2, (291, 232, 172, 195, 89, 52, 108, 100)
2, (294, 236, 187, 195, 86, 57, 115, 99)
2, (298, 217, 188, 198, 83, 55, 123, 105)
3, (231, 201, 135, 192, 104, 74, 126, 106)
3, (228, 205, 149, 191, 100, 56, 92, 135)
3, (231, 205, 158, 180, 98, 57, 84, 123)
3, (237, 205, 183, 181, 94, 61, 96, 130)
3, (235, 140, 177, 158, 87, 57, 93, 142)
3, (236, 145, 189, 156, 75, 61, 112, 177)
3, (222, 160, 174, 153, 76, 56, 111, 208)
3, (195, 216, 176, 159, 76, 60, 116, 210)
3, (219, 223, 153, 172, 81, 59, 111, 211)
3, (213, 229, 185, 163, 83, 62, 114, 217)
3, (211, 234, 182, 164, 79, 58, 102, 222)
3, (194, 225, 188, 169, 78, 70, 109, 173)
3, (236, 171, 232, 162, 77, 81, 132, 175)
3, (202, 167, 252, 137, 70, 76, 128, 171)
3, (213, 209, 241, 164, 64, 74, 127, 167)
3, (227, 199, 240, 150, 56, 75, 124, 126)
3, (237, 202, 246, 176, 65, 64, 119, 172)
3, (225, 193, 219, 185, 64, 41, 86, 185)
3, (224, 190, 198, 199, 65, 46, 83, 184)
3, (237, 141, 189, 188, 67, 45, 91, 177)
3, (239, 158, 187, 186, 67, 45, 93, 174)
3, (247, 241, 173, 161, 64, 58, 101, 181)
3, (241, 235, 186, 151, 68, 59, 95, 165)
3, (266, 234, 181, 131, 77, 63, 99, 169)
3, (260, 235, 182, 146, 84, 65, 91, 159)
3, (244, 225, 175, 148, 91, 71, 91, 164)
3, (242, 131, 178, 152, 98, 66, 84, 170)
3, (258, 176, 152, 190, 97, 66, 77, 164)
3, (253, 207, 145, 201, 94, 59, 69, 164)
3, (261, 218, 153, 199, 93, 59, 96, 166)
3, (268, 226, 169, 205, 87, 60, 109, 205)
3, (288, 226, 191, 222, 87, 57, 100, 158)
3, (268, 212, 200, 245, 95, 61, 104, 169)
3, (274, 194, 202, 232, 93, 64, 121, 170)
3, (261, 170, 191, 230, 92, 78, 134, 170)
3, (284, 239, 192, 261, 107, 71, 135, 157)
3, (254, 238, 171, 255, 110, 72, 137, 155)
3, (282, 225, 155, 267, 120, 76, 144, 224)
3, (324, 222, 164, 287, 130, 76, 134, 220)
3, (316, 224, 177, 300, 139, 76, 106, 221)
3, (292, 139, 179, 333, 158, 105, 112, 200)
3, (265, 194, 157, 148, 71, 46, 107, 108)
3, (296, 131, 183, 348, 154, 111, 150, 226)
3, (266, 185, 156, 201, 76, 52, 105, 106)
3, (280, 148, 187, 318, 144, 108, 143, 164)
3, (249, 161, 162, 208, 81, 66, 107, 112)
3, (208, 176, 196, 318, 135, 111, 145, 176)
3, (282, 171, 145, 205, 83, 64, 94, 122)
3, (211, 190, 189, 297, 125, 106, 145, 173)
3, (261, 172, 149, 216, 83, 65, 82, 119)
3, (211, 193, 180, 245, 92, 79, 133, 209)
3, (271, 171, 141, 230, 89, 75, 97, 106)
3, (210, 205, 212, 296, 101, 79, 129, 186)
3, (282, 273, 139, 203, 80, 75, 107, 106)
3, (171, 191, 239, 294, 108, 86, 130, 174)
3, (316, 302, 161, 191, 82, 77, 125, 116)
3, (187, 158, 224, 301, 106, 80, 125, 167)
3, (264, 294, 176, 187, 85, 77, 124, 123)
3, (269, 167, 235, 318, 107, 83, 139, 175)
3, (290, 308, 183, 228, 87, 81, 124, 164)
3, (267, 198, 231, 305, 108, 94, 143, 168)
3, (303, 303, 179, 217, 84, 75, 114, 166)
3, (270, 195, 199, 234, 109, 96, 111, 157)
3, (299, 256, 179, 204, 85, 92, 132, 198)
3, (281, 202, 189, 241, 100, 88, 107, 163)
3, (302, 232, 157, 207, 84, 89, 121, 191)
3, (319, 216, 201, 214, 98, 89, 106, 168)
3, (295, 261, 182, 231, 88, 87, 124, 181)
3, (259, 206, 183, 233, 100, 83, 93, 160)
3, (274, 250, 176, 189, 84, 83, 119, 154)
3, (273, 224, 209, 257, 107, 85, 101, 165)
3, (271, 306, 192, 188, 91, 109, 142, 171)
3, (280, 242, 217, 277, 94, 77, 100, 182)
3, (265, 278, 208, 193, 98, 101, 151, 172)
3, (277, 243, 231, 257, 92, 77, 102, 177)
3, (213, 274, 208, 211, 103, 97, 144, 191)
3, (261, 244, 237, 252, 100, 76, 108, 171)
3, (210, 255, 173, 208, 105, 99, 145, 211)
3, (269, 270, 261, 238, 104, 76, 107, 231)
3, (243, 263, 169, 220, 110, 104, 148, 211)
3, (288, 291, 250, 212, 91, 55, 89, 210)
3, (250, 214, 151, 238, 106, 99, 163, 195)
3, (305, 280, 258, 170, 86, 52, 107, 200)
3, (257, 273, 143, 264, 98, 93, 141, 194)
3, (317, 303, 222, 171, 89, 58, 120, 200)
3, (252, 266, 144, 252, 95, 93, 137, 199)
3, (282, 298, 211, 171, 101, 77, 149, 212)
3, (255, 271, 164, 258, 86, 92, 133, 185)
3, (276, 270, 194, 162, 94, 75, 147, 154)
3, (246, 259, 172, 251, 89, 93, 139, 196)
3, (256, 283, 214, 170, 93, 76, 151, 132)
3, (219, 286, 177, 257, 91, 73, 120, 211)
3, (217, 307, 213, 183, 99, 73, 143, 180)
3, (238, 260, 152, 226, 90, 74, 121, 188)
3, (231, 291, 239, 175, 102, 68, 137, 194)
3, (253, 265, 147, 282, 97, 76, 125, 198)
3, (255, 292, 235, 200, 82, 49, 103, 185)
3, (257, 275, 134, 272, 106, 77, 123, 202)
3, (308, 314, 244, 223, 79, 50, 99, 182)
3, (290, 321, 134, 266, 100, 70, 115, 197)
3, (310, 243, 232, 226, 83, 54, 106, 190)
3, (300, 285, 123, 256, 100, 86, 138, 181)
3, (311, 199, 215, 249, 93, 55, 93, 163)
3, (333, 257, 138, 261, 102, 85, 132, 209)
3, (338, 203, 191, 259, 92, 58, 90, 184)
3, (322, 250, 143, 231, 105, 82, 127, 191)
3, (333, 225, 164, 224, 100, 84, 141, 187)
3, (334, 193, 186, 257, 96, 82, 140, 176)
4, (307, 242, 154, 204, 80, 81, 143, 185)
4, (259, 198, 186, 175, 77, 66, 116, 173)
4, (285, 131, 185, 168, 80, 65, 116, 199)
4, (270, 112, 165, 156, 68, 66, 114, 186)
4, (256, 121, 161, 174, 70, 72, 119, 178)
4, (233, 187, 161, 146, 72, 67, 102, 189)
4, (239, 237, 155, 163, 76, 66, 107, 220)
4, (216, 244, 186, 198, 73, 66, 109, 159)
4, (234, 244, 202, 202, 81, 64, 110, 158)
4, (247, 243, 202, 179, 78, 67, 114, 179)
4, (213, 203, 201, 198, 72, 69, 123, 215)
4, (218, 233, 181, 189, 71, 69, 114, 197)
4, (223, 223, 155, 176, 70, 72, 123, 200)
4, (234, 229, 157, 168, 64, 75, 127, 212)
4, (214, 233, 160, 166, 62, 66, 120, 198)
4, (238, 234, 143, 165, 67, 54, 100, 182)
4, (261, 142, 157, 172, 73, 61, 103, 183)
4, (267, 156, 179, 147, 89, 59, 91, 184)
4, (320, 211, 169, 150, 97, 61, 109, 179)
4, (325, 212, 186, 186, 103, 60, 110, 184)
4, (403, 223, 191, 168, 102, 68, 112, 219)
4, (384, 231, 180, 158, 96, 68, 126, 243)
4, (376, 227, 164, 216, 85, 66, 124, 241)
4, (332, 165, 167, 245, 76, 70, 121, 242)
4, (365, 211, 151, 224, 69, 72, 126, 251)
4, (257, 198, 162, 220, 71, 64, 115, 231)
4, (249, 193, 184, 229, 66, 56, 97, 199)
4, (256, 193, 215, 183, 62, 55, 102, 241)
4, (285, 211, 231, 160, 63, 60, 109, 271)
4, (277, 177, 256, 160, 65, 61, 106, 256)
4, (275, 172, 251, 210, 64, 59, 114, 228)
4, (301, 234, 251, 205, 84, 67, 124, 239)
4, (319, 233, 229, 202, 93, 76, 135, 228)
4, (334, 220, 205, 205, 100, 65, 116, 189)
4, (311, 203, 175, 219, 100, 69, 121, 193)
4, (332, 218, 186, 185, 97, 80, 119, 185)
4, (319, 165, 161, 185, 90, 77, 118, 205)
4, (396, 234, 153, 179, 80, 71, 111, 182)
4, (346, 272, 167, 188, 81, 72, 110, 172)
4, (352, 275, 195, 181, 84, 70, 104, 169)
4, (353, 263, 185, 170, 88, 78, 135, 170)
4, (359, 264, 175, 179, 86, 78, 141, 133)
4, (246, 205, 176, 192, 92, 77, 134, 107)
4, (249, 207, 172, 193, 91, 77, 132, 112)
5, (277, 235, 156, 187, 102, 75, 110, 196)
5, (200, 220, 177, 183, 98, 64, 123, 190)
5, (198, 135, 168, 148, 92, 71, 126, 178)
5, (242, 150, 168, 153, 96, 64, 126, 182)
5, (231, 147, 168, 160, 86, 64, 119, 210)
5, (221, 211, 163, 156, 80, 66, 129, 205)
5, (245, 217, 135, 155, 73, 75, 136, 181)
5, (246, 217, 160, 162, 91, 67, 127, 177)
5, (213, 209, 177, 140, 89, 59, 121, 201)
5, (220, 208, 197, 128, 93, 60, 137, 204)
5, (271, 182, 191, 165, 91, 75, 148, 198)
5, (238, 234, 191, 169, 94, 66, 131, 222)
5, (243, 247, 185, 167, 86, 66, 128, 232)
5, (258, 243, 167, 176, 77, 68, 129, 217)
