0, (240, 299, 190, 161, 78, 66, 110, 304)
0, (240, 332, 205, 174, 80, 70, 117, 298)
0, (275, 346, 267, 150, 78, 71, 116, 366)
0, (342, 363, 229, 179, 98, 79, 121, 337)
0, (326, 399, 230, 178, 97, 73, 121, 347)
0, (317, 383, 224, 180, 97, 70, 119, 340)
0, (319, 354, 206, 203, 97, 67, 115, 331)
0, (281, 326, 155, 197, 106, 70, 132, 347)
0, (178, 291, 176, 170, 88, 79, 119, 334)
0, (188, 238, 189, 186, 82, 84, 116, 317)
0, (187, 305, 220, 187, 84, 86, 129, 357)
0, (178, 318, 244, 157, 87, 86, 128, 360)
0, (192, 327, 251, 181, 87, 86, 120, 246)
0, (199, 337, 246, 214, 90, 72, 106, 305)
0, (192, 373, 240, 221, 96, 77, 134, 379)
0, (182, 321, 242, 216, 112, 78, 128, 352)
0, (189, 295, 232, 210, 107, 80, 125, 357)
0, (176, 281, 195, 196, 97, 74, 116, 353)
0, (179, 259, 196, 148, 91, 74, 123, 293)
0, (151, 263, 204, 108, 87, 57, 83, 170)
0, (157, 288, 174, 107, 67, 49, 68, 157)
0, (150, 306, 151, 98, 69, 49, 69, 136)
0, (184, 318, 168, 65, 67, 49, 69, 134)
0, (165, 340, 158, 75, 68, 40, 52, 126)
0, (161, 288, 139, 81, 63, 39, 55, 114)
0, (205, 281, 138, 81, 61, 38, 59, 67)
0, (233, 252, 136, 77, 59, 35, 69, 57)
0, (203, 225, 120, 77, 65, 40, 69, 42)
0, (218, 194, 114, 64, 72, 44, 77, 54)
0, (226, 245, 121, 58, 72, 47, 73, 58)
0, (193, 236, 113, 56, 70, 47, 74, 59)
0, (161, 251, 114, 67, 71, 51, 67, 63)
0, (191, 256, 110, 74, 70, 53, 74, 64)
0, (200, 258, 107, 72, 69, 51, 70, 59)
0, (238, 222, 118, 72, 69, 53, 80, 60)
0, (241, 256, 115, 71, 78, 67, 84, 62)
0, (235, 240, 111, 62, 78, 65, 88, 58)
0, (240, 258, 120, 73, 83, 62, 92, 59)
0, (228, 259, 130, 77, 83, 68, 95, 63)
0, (197, 314, 125, 74, 85, 68, 89, 59)
0, (195, 277, 125, 73, 84, 59, 79, 55)
0, (203, 282, 132, 78, 85, 59, 84, 56)
0, (188, 274, 131, 63, 90, 60, 79, 55)
0, (200, 324, 121, 61, 92, 58, 74, 43)
0, (198, 273, 121, 74, 98, 60, 74, 43)
0, (198, 293, 128, 80, 98, 62, 79, 51)
0, (225, 303, 135, 79, 114, 64, 97, 48)
0, (217, 366, 135, 81, 111, 65, 98, 52)
0, (205, 345, 135, 83, 109, 65, 114, 58)
0, (254, 348, 124, 75, 102, 61, 115, 71)
1, (278, 359, 114, 69, 105, 56, 116, 78)
1, (278, 346, 104, 81, 90, 76, 160, 94)
1, (286, 277, 111, 90, 83, 82, 174, 92)
1, (299, 282, 119, 88, 77, 82, 169, 96)
1, (257, 333, 145, 87, 79, 84, 171, 101)
1, (302, 308, 147, 98, 74, 88, 179, 98)
1, (294, 316, 142, 105, 88, 80, 126, 89)
1, (297, 307, 133, 116, 93, 74, 111, 96)
1, (295, 277, 140, 158, 100, 83, 126, 101)
1, (321, 289, 125, 172, 98, 88, 128, 101)
1, (264, 307, 134, 174, 92, 86, 116, 95)
1, (264, 306, 137, 178, 72, 79, 125, 252)
1, (282, 304, 136, 168, 66, 73, 116, 259)
1, (271, 319, 149, 142, 60, 67, 101, 264)
2, (239, 269, 154, 130, 63, 59, 100, 268)
2, (254, 273, 158, 122, 70, 70, 99, 276)
2, (257, 317, 171, 110, 82, 75, 101, 154)
2, (258, 339, 170, 103, 86, 80, 104, 136)
2, (265, 338, 163, 97, 85, 82, 108, 117)
2, (290, 326, 147, 101, 80, 82, 114, 295)
2, (285, 356, 134, 98, 80, 70, 109, 306)
2, (278, 326, 134, 95, 74, 66, 96, 311)
2, (248, 326, 138, 128, 67, 66, 112, 319)
2, (286, 328, 134, 139, 69, 58, 107, 320)
2, (270, 339, 135, 137, 72, 54, 103, 170)
2, (267, 296, 132, 145, 71, 55, 108, 157)
2, (271, 287, 120, 148, 69, 53, 109, 281)
2, (293, 259, 125, 135, 82, 49, 92, 291)
2, (249, 242, 112, 151, 85, 51, 92, 301)
2, (247, 202, 122, 176, 101, 59, 89, 298)
2, (247, 162, 133, 189, 109, 58, 82, 293)
2, (273, 210, 129, 196, 109, 56, 82, 183)
2, (272, 228, 136, 189, 100, 61, 80, 299)
2, (265, 243, 168, 199, 103, 56, 69, 301)
2, (261, 302, 193, 186, 84, 47, 61, 308)
2, (277, 384, 199, 213, 78, 47, 66, 319)
2, (272, 366, 204, 211, 74, 50, 87, 321)
2, (260, 404, 207, 216, 81, 46, 85, 316)
2, (265, 416, 182, 232, 79, 49, 83, 309)
2, (264, 465, 150, 234, 81, 51, 88, 305)
2, (257, 425, 136, 233, 79, 80, 139, 291)
2, (247, 422, 136, 233, 91, 79, 125, 287)
2, (253, 385, 113, 236, 80, 76, 125, 245)
2, (278, 386, 134, 207, 77, 79, 133, 311)
2, (302, 370, 156, 220, 83, 81, 141, 317)
2, (274, 347, 166, 180, 78, 61, 112, 319)
2, (254, 353, 162, 175, 68, 64, 121, 318)
2, (233, 407, 177, 201, 72, 69, 122, 249)
2, (227, 393, 187, 190, 81, 71, 116, 311)
2, (187, 333, 217, 186, 73, 68, 109, 328)
2, (184, 344, 211, 185, 81, 66, 97, 324)
2, (206, 333, 207, 193, 86, 64, 84, 317)
2, (238, 287, 226, 178, 97, 63, 80, 314)
2, (233, 269, 232, 176, 87, 55, 80, 164)
2, (241, 267, 218, 157, 101, 56, 81, 254)
2, (264, 299, 218, 185, 95, 48, 65, 266)
2, (258, 321, 232, 182, 91, 41, 68, 274)
2, (262, 350, 215, 182, 86, 41, 77, 274)
2, (261, 366, 192, 216, 95, 47, 88, 412)
2, (308, 358, 160, 210, 84, 49, 101, 349)
2, (300, 356, 159, 215, 91, 56, 104, 346)
2, (291, 370, 148, 220, 100, 56, 99, 343)
3, (266, 328, 162, 217, 81, 62, 84, 348)
3, (281, 324, 156, 217, 90, 61, 86, 369)
3, (309, 370, 171, 221, 96, 65, 97, 433)
3, (278, 350, 151, 170, 102, 59, 80, 330)
3, (261, 431, 178, 170, 100, 58, 85, 321)
3, (270, 394, 178, 168, 95, 63, 98, 316)
3, (277, 379, 171, 162, 87, 71, 114, 317)
3, (247, 377, 164, 176, 83, 71, 128, 289)
3, (241, 397, 175, 163, 67, 69, 126, 292)
3, (256, 306, 169, 180, 72, 75, 140, 309)
3, (224, 312, 170, 178, 80, 79, 140, 335)
3, (212, 359, 176, 181, 80, 74, 141, 398)
3, (210, 342, 173, 182, 80, 71, 121, 340)
3, (245, 325, 156, 189, 98, 82, 122, 339)
3, (249, 366, 148, 174, 127, 88, 120, 338)
3, (313, 383, 150, 174, 124, 84, 137, 397)
3, (277, 321, 142, 204, 93, 53, 101, 346)
3, (306, 380, 169, 167, 127, 87, 122, 335)
3, (291, 321, 187, 206, 91, 51, 96, 292)
3, (317, 387, 166, 152, 141, 88, 126, 335)
3, (241, 312, 197, 209, 96, 54, 91, 288)
3, (328, 396, 186, 147, 130, 80, 127, 343)
3, (245, 297, 203, 192, 92, 52, 93, 287)
3, (311, 355, 189, 145, 103, 69, 106, 340)
3, (248, 271, 199, 178, 84, 57, 92, 287)
3, (258, 356, 194, 186, 113, 70, 82, 344)
3, (254, 269, 216, 200, 88, 57, 91, 346)
3, (266, 332, 184, 186, 123, 70, 81, 303)
3, (231, 287, 172, 159, 80, 62, 102, 317)
3, (257, 320, 210, 169, 103, 68, 77, 304)
3, (239, 291, 161, 165, 80, 61, 94, 322)
3, (213, 304, 228, 180, 102, 67, 73, 311)
3, (222, 281, 193, 169, 78, 59, 90, 331)
3, (222, 310, 219, 181, 105, 69, 81, 310)
3, (232, 294, 222, 167, 72, 57, 92, 330)
3, (221, 315, 209, 136, 92, 64, 86, 265)
4, (286, 302, 244, 218, 89, 65, 99, 335)
4, (240, 284, 222, 241, 98, 66, 95, 282)
4, (250, 306, 222, 226, 97, 69, 104, 277)
4, (216, 285, 211, 199, 99, 74, 118, 283)
4, (224, 288, 221, 210, 114, 75, 104, 377)
4, (224, 263, 174, 186, 112, 65, 99, 315)
4, (224, 291, 192, 125, 105, 70, 113, 311)
4, (244, 282, 174, 138, 109, 71, 106, 315)
4, (252, 283, 181, 136, 108, 65, 91, 323)
4, (212, 298, 172, 145, 82, 60, 97, 267)
4, (263, 302, 171, 149, 75, 59, 96, 275)
4, (272, 307, 155, 165, 65, 50, 82, 270)
4, (267, 307, 152, 172, 83, 47, 81, 277)
4, (282, 316, 167, 177, 83, 49, 83, 324)
4, (292, 387, 180, 174, 95, 51, 105, 293)
4, (280, 392, 186, 207, 104, 49, 108, 282)
4, (268, 378, 190, 203, 109, 50, 103, 300)
4, (253, 367, 189, 199, 91, 49, 102, 301)
4, (265, 377, 188, 253, 99, 56, 117, 358)
4, (283, 298, 168, 246, 88, 58, 90, 338)
5, (284, 261, 184, 237, 96, 71, 132, 286)
5, (274, 221, 189, 249, 97, 72, 122, 280)
5, (297, 229, 177, 244, 103, 71, 122, 278)
5, (257, 236, 184, 232, 95, 55, 113, 276)
5, (235, 291, 191, 226, 92, 59, 117, 152)
5, (222, 293, 182, 194, 91, 66, 124, 168)
5, (249, 295, 198, 176, 97, 63, 121, 296)
5, (240, 301, 197, 179, 94, 72, 132, 293)
5, (260, 319, 195, 189, 90, 90, 136, 288)
5, (273, 257, 197, 204, 92, 87, 128, 283)
5, (252, 259, 211, 219, 106, 84, 120, 280)
5, (217, 301, 193, 214, 105, 87, 125, 157)
5, (206, 332, 196, 195, 103, 87, 128, 308)
5, (193, 324, 184, 182, 94, 75, 123, 303)
5, (204, 314, 190, 185, 88, 69, 125, 304)
5, (194, 308, 166, 169, 74, 67, 126, 303)
5, (202, 320, 154, 171, 79, 68, 119, 307)
5, (203, 329, 164, 180, 85, 65, 102, 258)
5, (204, 300, 169, 192, 95, 69, 120, 296)
5, (187, 343, 212, 167, 100, 72, 116, 298)
5, (198, 345, 234, 167, 102, 73, 116, 299)
5, (198, 327, 236, 161, 95, 70, 124, 287)
5, (199, 275, 239, 167, 92, 68, 122, 215)
5, (221, 304, 266, 174, 84, 58, 98, 279)
5, (223, 280, 233, 160, 81, 57, 102, 276)
5, (224, 321, 213, 213, 105, 58, 112, 274)
5, (218, 296, 207, 217, 109, 69, 127, 278)
5, (215, 297, 210, 219, 105, 65, 131, 276)
5, (218, 267, 176, 205, 104, 64, 127, 264)
5, (219, 285, 159, 212, 101, 63, 127, 264)
5, (221, 252, 179, 161, 87, 67, 118, 262)
5, (223, 258, 201, 153, 82, 56, 96, 262)
5, (212, 299, 207, 139, 80, 56, 86, 270)
5, (204, 342, 203, 153, 96, 57, 77, 316)
5, (199, 346, 214, 150, 97, 66, 103, 313)
5, (192, 363, 208, 158, 93, 70, 115, 317)
5, (203, 365, 203, 177, 95, 80, 133, 318)
5, (279, 339, 186, 199, 108, 80, 145, 387)
5, (312, 333, 183, 206, 102, 78, 144, 277)
5, (313, 302, 163, 205, 102, 72, 126, 278)
5, (310, 284, 152, 227, 93, 63, 117, 282)
5, (310, 287, 135, 246, 105, 67, 132, 292)
5, (260, 351, 161, 241, 121, 88, 147, 299)
5, (195, 324, 161, 215, 119, 93, 159, 306)
5, (185, 318, 170, 229, 117, 94, 164, 304)
5, (203, 325, 181, 192, 122, 96, 165, 321)
5, (201, 320, 187, 159, 110, 82, 138, 390)
5, (214, 269, 168, 145, 76, 61, 107, 299)
5, (256, 284, 171, 153, 69, 56, 89, 296)
5, (282, 304, 162, 144, 78, 52, 83, 335)
5, (270, 336, 168, 148, 68, 48, 87, 386)
5, (272, 332, 179, 134, 75, 55, 94, 340)
5, (273, 340, 180, 142, 79, 56, 119, 345)
5, (247, 326, 174, 151, 100, 56, 116, 343)
5, (229, 360, 192, 136, 97, 59, 117, 326)
5, (240, 324, 193, 184, 106, 70, 120, 347)
5, (247, 339, 190, 188, 100, 69, 120, 308)
5, (237, 308, 189, 175, 96, 62, 94, 310)
5, (220, 304, 197, 187, 77, 62, 98, 307)
5, (206, 252, 173, 205, 75, 63, 96, 364)
5, (317, 231, 164, 167, 67, 54, 95, 301)
5, (348, 254, 151, 180, 89, 57, 121, 304)
5, (345, 282, 149, 201, 104, 67, 132, 314)
5, (375, 303, 153, 186, 103, 67, 131, 325)
5, (377, 302, 165, 174, 106, 69, 133, 344)
5, (304, 313, 160, 174, 111, 70, 127, 313)
5, (267, 284, 163, 178, 96, 67, 100, 335)
5, (255, 257, 164, 163, 83, 62, 98, 378)
5, (227, 252, 167, 163, 82, 64, 100, 406)
5, (245, 243, 191, 161, 77, 59, 98, 320)
5, (228, 259, 209, 160, 80, 55, 94, 315)
5, (216, 243, 221, 163, 83, 61, 130, 329)
5, (266, 280, 241, 179, 89, 59, 126, 323)
5, (255, 265, 246, 189, 86, 53, 118, 283)
5, (269, 301, 234, 212, 86, 55, 115, 285)
5, (289, 270, 213, 209, 84, 58, 130, 301)
