0, (219, 398, 223, 198, 73, 73, 114, 282)
0, (218, 342, 213, 226, 77, 70, 122, 288)
0, (218, 342, 215, 226, 77, 54, 103, 284)
0, (227, 340, 179, 190, 86, 68, 134, 282)
0, (207, 357, 161, 189, 83, 69, 145, 288)
0, (226, 290, 181, 198, 93, 69, 144, 287)
0, (215, 268, 161, 173, 98, 70, 137, 286)
0, (212, 330, 154, 185, 98, 73, 134, 300)
0, (169, 323, 148, 187, 84, 66, 125, 298)
0, (153, 340, 153, 178, 81, 60, 110, 175)
0, (149, 363, 127, 183, 71, 59, 108, 163)
0, (150, 364, 148, 180, 61, 58, 113, 265)
0, (173, 300, 166, 167, 70, 68, 126, 257)
0, (190, 349, 178, 168, 76, 63, 119, 264)
0, (214, 300, 178, 167, 87, 65, 122, 262)
0, (197, 257, 177, 150, 97, 70, 121, 260)
0, (202, 281, 166, 189, 103, 72, 121, 149)
0, (177, 350, 150, 215, 105, 76, 131, 117)
0, (222, 329, 145, 229, 106, 86, 136, 107)
0, (204, 325, 141, 228, 104, 86, 133, 109)
0, (204, 329, 145, 224, 97, 84, 139, 104)
0, (198, 310, 147, 187, 89, 82, 133, 93)
0, (224, 349, 144, 175, 76, 69, 108, 76)
0, (190, 328, 131, 149, 76, 50, 88, 100)
0, (196, 332, 134, 138, 77, 48, 91, 104)
0, (198, 326, 123, 129, 72, 45, 81, 101)
0, (197, 358, 144, 119, 73, 47, 84, 101)
0, (165, 247, 138, 83, 79, 41, 80, 102)
0, (131, 242, 145, 117, 82, 48, 68, 70)
0, (111, 224, 143, 120, 76, 51, 59, 56)
0, (149, 229, 149, 120, 76, 50, 71, 58)
0, (146, 167, 113, 122, 72, 51, 69, 60)
0, (141, 165, 116, 120, 73, 53, 67, 58)
0, (174, 286, 114, 83, 64, 54, 87, 54)
0, (185, 302, 112, 70, 62, 53, 87, 47)
0, (156, 313, 124, 67, 69, 54, 82, 45)
0, (163, 314, 138, 68, 74, 53, 81, 41)
0, (179, 318, 136, 69, 67, 55, 90, 43)
0, (164, 293, 139, 67, 67, 48, 89, 44)
0, (169, 281, 139, 61, 85, 58, 91, 42)
0, (169, 289, 138, 75, 94, 59, 100, 42)
0, (170, 301, 126, 70, 93, 65, 112, 52)
0, (150, 373, 122, 61, 92, 60, 103, 48)
0, (162, 317, 116, 64, 91, 63, 93, 46)
0, (158, 323, 116, 67, 88, 52, 91, 46)
0, (212, 322, 100, 56, 77, 53, 90, 50)
1, (251, 343, 94, 56, 74, 48, 81, 43)
1, (256, 257, 95, 60, 71, 50, 90, 48)
1, (242, 260, 97, 67, 76, 49, 89, 49)
1, (274, 254, 98, 66, 77, 55, 94, 50)
1, (252, 228, 93, 63, 85, 54, 90, 47)
1, (214, 183, 112, 66, 88, 56, 86, 48)
1, (222, 218, 119, 64, 90, 56, 82, 45)
1, (216, 199, 115, 56, 90, 55, 82, 46)
1, (170, 233, 113, 57, 76, 51, 76, 47)
1, (180, 247, 114, 58, 64, 52, 73, 46)
1, (225, 245, 102, 60, 78, 54, 71, 47)
1, (220, 215, 95, 57, 82, 50, 63, 46)
1, (232, 259, 92, 62, 81, 58, 79, 48)
1, (243, 254, 88, 62, 84, 57, 81, 47)
1, (286, 277, 100, 63, 87, 54, 80, 48)
1, (251, 269, 101, 65, 73, 49, 86, 43)
1, (251, 274, 102, 70, 66, 49, 94, 43)
1, (290, 346, 109, 63, 63, 40, 79, 39)
1, (312, 344, 109, 62, 83, 44, 90, 48)
1, (262, 322, 115, 62, 78, 53, 113, 57)
1, (268, 349, 133, 93, 80, 63, 132, 78)
1, (269, 374, 174, 107, 84, 73, 152, 88)
1, (217, 283, 184, 138, 91, 70, 150, 96)
1, (231, 280, 178, 118, 91, 66, 146, 220)
2, (249, 289, 192, 115, 91, 80, 172, 90)
2, (228, 290, 193, 118, 86, 77, 165, 93)
2, (247, 251, 143, 121, 95, 60, 139, 244)
2, (250, 265, 139, 148, 96, 54, 118, 258)
2, (251, 264, 145, 148, 87, 66, 125, 261)
2, (257, 405, 151, 130, 81, 68, 126, 264)
2, (242, 387, 147, 139, 81, 67, 122, 188)
2, (258, 386, 177, 158, 79, 68, 108, 322)
2, (262, 365, 166, 136, 68, 70, 105, 327)
2, (262, 391, 159, 136, 66, 62, 98, 326)
2, (279, 302, 163, 148, 86, 60, 107, 326)
2, (290, 330, 159, 150, 90, 56, 94, 318)
2, (269, 338, 132, 118, 83, 64, 112, 148)
2, (247, 368, 120, 111, 82, 69, 140, 129)
2, (236, 399, 123, 110, 83, 68, 153, 124)
2, (215, 390, 134, 122, 70, 67, 148, 116)
2, (203, 387, 132, 112, 77, 76, 149, 106)
2, (202, 378, 118, 114, 82, 74, 139, 224)
2, (207, 357, 146, 149, 83, 63, 120, 304)
2, (201, 308, 157, 163, 80, 64, 104, 313)
2, (215, 282, 173, 163, 86, 69, 122, 316)
2, (226, 262, 168, 171, 84, 66, 128, 325)
2, (275, 261, 208, 179, 86, 59, 121, 258)
2, (271, 296, 198, 200, 101, 68, 117, 384)
2, (272, 318, 203, 207, 103, 71, 132, 393)
2, (275, 315, 182, 222, 107, 76, 136, 395)
2, (260, 315, 183, 215, 101, 72, 124, 393)
2, (193, 311, 149, 211, 101, 75, 124, 394)
2, (193, 318, 147, 205, 102, 69, 124, 174)
2, (205, 278, 132, 196, 106, 64, 111, 156)
2, (191, 278, 131, 167, 93, 52, 86, 274)
2, (219, 293, 159, 186, 95, 48, 85, 284)
2, (263, 296, 154, 198, 90, 51, 109, 287)
2, (248, 253, 170, 155, 85, 53, 104, 290)
2, (233, 244, 173, 159, 78, 56, 126, 283)
2, (238, 320, 172, 180, 85, 63, 132, 165)
2, (245, 318, 160, 166, 83, 66, 134, 211)
2, (198, 321, 158, 180, 92, 74, 124, 276)
2, (216, 324, 145, 184, 83, 81, 146, 272)
2, (238, 322, 151, 170, 94, 88, 145, 272)
2, (229, 344, 188, 216, 129, 98, 144, 281)
2, (197, 333, 198, 231, 133, 101, 145, 231)
2, (267, 343, 204, 218, 136, 91, 136, 143)
2, (344, 361, 213, 243, 139, 85, 115, 292)
2, (332, 352, 214, 243, 137, 78, 91, 303)
2, (344, 271, 179, 220, 109, 60, 81, 302)
2, (347, 275, 162, 245, 105, 58, 79, 305)
2, (303, 293, 165, 242, 103, 65, 101, 308)
2, (208, 302, 140, 241, 107, 62, 106, 251)
2, (217, 332, 168, 245, 104, 60, 103, 338)
2, (232, 351, 172, 252, 95, 56, 102, 353)
2, (255, 346, 193, 215, 109, 54, 101, 357)
2, (258, 286, 187, 149, 91, 62, 142, 282)
2, (250, 329, 201, 217, 106, 46, 91, 355)
2, (260, 333, 188, 156, 95, 57, 100, 281)
2, (280, 304, 214, 247, 103, 49, 82, 325)
2, (270, 363, 185, 172, 104, 64, 112, 281)
2, (294, 340, 203, 290, 102, 57, 104, 333)
2, (298, 358, 174, 173, 92, 68, 121, 269)
2, (272, 308, 218, 268, 105, 59, 107, 322)
2, (291, 359, 162, 203, 108, 84, 130, 212)
2, (244, 309, 205, 278, 106, 62, 113, 325)
2, (315, 349, 144, 213, 117, 92, 156, 215)
2, (263, 304, 193, 297, 109, 71, 114, 329)
2, (339, 317, 152, 204, 118, 89, 159, 299)
2, (233, 306, 182, 252, 110, 79, 129, 311)
2, (333, 258, 141, 239, 123, 88, 158, 303)
2, (221, 236, 157, 246, 126, 77, 117, 194)
2, (308, 257, 135, 237, 132, 95, 164, 302)
2, (258, 245, 150, 237, 129, 76, 121, 271)
2, (308, 248, 140, 242, 123, 87, 149, 301)
3, (275, 274, 246, 275, 97, 99, 174, 315)
3, (264, 306, 277, 331, 95, 65, 130, 340)
3, (241, 306, 291, 322, 83, 55, 126, 304)
3, (248, 318, 302, 374, 108, 54, 123, 295)
3, (227, 304, 326, 379, 115, 73, 139, 296)
3, (219, 353, 310, 400, 116, 77, 120, 298)
3, (220, 333, 293, 353, 122, 82, 121, 313)
3, (252, 341, 300, 343, 125, 86, 121, 283)
3, (286, 371, 273, 265, 116, 99, 138, 281)
3, (305, 424, 250, 239, 117, 92, 121, 277)
3, (281, 362, 236, 196, 121, 103, 160, 321)
3, (280, 356, 223, 182, 111, 99, 163, 284)
3, (247, 354, 178, 157, 115, 96, 155, 279)
3, (254, 327, 184, 156, 105, 86, 156, 290)
3, (291, 328, 186, 182, 98, 87, 163, 402)
3, (286, 336, 180, 174, 90, 69, 124, 340)
3, (296, 325, 173, 183, 92, 71, 113, 323)
3, (301, 345, 187, 185, 84, 72, 116, 327)
3, (268, 333, 179, 184, 77, 65, 103, 345)
3, (200, 285, 166, 174, 90, 65, 90, 388)
3, (207, 300, 172, 169, 93, 64, 88, 388)
3, (262, 336, 183, 167, 91, 67, 98, 390)
3, (266, 300, 176, 202, 95, 71, 117, 400)
3, (298, 301, 175, 210, 95, 71, 111, 412)
3, (317, 298, 178, 191, 82, 62, 103, 293)
3, (344, 320, 164, 192, 76, 68, 116, 296)
3, (326, 293, 172, 179, 79, 68, 121, 296)
3, (339, 302, 194, 148, 80, 73, 104, 301)
3, (325, 343, 216, 192, 81, 72, 100, 315)
3, (311, 372, 215, 191, 85, 73, 104, 320)
3, (277, 350, 227, 187, 84, 64, 91, 318)
3, (254, 352, 216, 193, 73, 62, 81, 315)
3, (298, 373, 199, 233, 67, 56, 82, 306)
3, (281, 354, 188, 249, 75, 57, 81, 238)
3, (284, 362, 175, 252, 82, 57, 78, 309)
3, (286, 358, 164, 299, 90, 58, 94, 307)
3, (330, 411, 203, 305, 90, 57, 101, 307)
3, (270, 406, 202, 284, 89, 51, 98, 299)
3, (267, 389, 180, 252, 84, 53, 99, 305)
3, (274, 345, 181, 249, 71, 55, 107, 269)
3, (284, 383, 181, 197, 76, 59, 106, 275)
3, (245, 326, 144, 185, 96, 55, 100, 270)
3, (265, 312, 158, 166, 103, 65, 104, 270)
3, (323, 334, 191, 140, 99, 76, 128, 265)
3, (329, 382, 212, 148, 106, 82, 132, 160)
3, (358, 334, 221, 142, 100, 80, 122, 302)
3, (349, 337, 236, 152, 88, 85, 136, 303)
3, (339, 333, 226, 157, 81, 84, 168, 301)
3, (288, 330, 208, 150, 89, 71, 149, 302)
3, (275, 271, 203, 140, 95, 61, 138, 306)
3, (243, 281, 199, 139, 95, 64, 153, 236)
4, (260, 270, 182, 174, 106, 71, 98, 315)
4, (269, 248, 163, 182, 110, 77, 107, 315)
4, (313, 262, 163, 178, 99, 86, 121, 317)
4, (310, 264, 149, 174, 81, 77, 122, 385)
4, (312, 268, 155, 175, 87, 79, 126, 307)
4, (339, 272, 159, 158, 86, 81, 135, 301)
4, (334, 270, 170, 151, 86, 76, 137, 315)
4, (301, 265, 174, 137, 81, 75, 127, 403)
4, (312, 274, 190, 178, 97, 83, 124, 301)
4, (296, 268, 193, 184, 93, 81, 135, 324)
4, (252, 245, 205, 224, 92, 75, 125, 333)
4, (258, 262, 206, 224, 99, 78, 130, 386)
4, (298, 253, 194, 221, 102, 67, 139, 336)
4, (265, 213, 177, 191, 98, 73, 155, 348)
4, (251, 210, 204, 195, 104, 79, 154, 346)
4, (258, 264, 184, 152, 121, 82, 161, 409)
4, (259, 289, 172, 167, 114, 80, 166, 356)
4, (224, 290, 177, 175, 118, 84, 153, 314)
4, (220, 298, 181, 195, 117, 102, 175, 317)
4, (255, 306, 165, 230, 117, 102, 172, 362)
4, (250, 263, 199, 251, 104, 102, 169, 293)
4, (257, 249, 200, 267, 98, 99, 157, 294)
5, (222, 290, 183, 168, 91, 74, 113, 304)
5, (180, 307, 181, 189, 81, 66, 107, 359)
5, (152, 329, 130, 203, 82, 69, 103, 318)
5, (137, 318, 183, 190, 86, 69, 107, 306)
5, (186, 349, 179, 223, 92, 79, 117, 313)
5, (216, 369, 189, 236, 84, 75, 118, 407)
5, (232, 381, 198, 223, 90, 73, 121, 352)
5, (234, 345, 200, 212, 90, 71, 104, 349)
5, (237, 336, 164, 234, 83, 76, 106, 350)
5, (243, 292, 165, 218, 92, 85, 143, 363)
5, (237, 283, 168, 224, 97, 81, 142, 312)
5, (232, 283, 176, 230, 97, 82, 139, 316)
5, (253, 280, 173, 245, 98, 80, 141, 371)
5, (289, 281, 177, 213, 101, 80, 146, 387)
5, (293, 289, 169, 211, 86, 64, 117, 376)
5, (306, 351, 159, 200, 85, 63, 113, 444)
5, (293, 318, 162, 196, 86, 62, 108, 436)
5, (283, 312, 170, 178, 83, 66, 130, 395)
5, (301, 305, 156, 188, 86, 76, 136, 375)
5, (308, 315, 192, 194, 89, 74, 126, 442)
5, (283, 226, 194, 217, 81, 74, 124, 320)
5, (295, 236, 172, 229, 83, 77, 132, 399)
5, (308, 263, 158, 236, 92, 77, 115, 408)
5, (254, 271, 156, 252, 107, 75, 113, 462)
5, (195, 260, 117, 258, 115, 72, 122, 392)
5, (192, 250, 109, 240, 133, 73, 123, 393)
5, (202, 247, 126, 236, 127, 66, 121, 337)
5, (205, 257, 154, 246, 134, 64, 115, 417)
5, (223, 281, 204, 254, 136, 64, 106, 360)
5, (240, 293, 252, 245, 128, 65, 129, 362)
5, (237, 302, 254, 293, 135, 64, 132, 368)
5, (231, 317, 248, 317, 140, 67, 129, 462)
5, (216, 295, 234, 299, 132, 74, 142, 380)
5, (207, 274, 221, 284, 120, 88, 219, 375)
5, (190, 249, 228, 282, 121, 86, 201, 440)
5, (190, 245, 233, 235, 97, 87, 200, 465)
5, (188, 310, 272, 187, 94, 86, 199, 345)
5, (182, 327, 280, 186, 86, 86, 198, 347)
5, (166, 321, 259, 188, 95, 69, 110, 365)
5, (185, 370, 223, 209, 98, 68, 101, 339)
5, (207, 375, 221, 224, 97, 62, 98, 294)
5, (205, 313, 173, 242, 111, 77, 110, 299)
5, (250, 349, 209, 263, 124, 72, 109, 311)
5, (252, 387, 247, 276, 123, 72, 111, 391)
5, (242, 353, 249, 248, 122, 73, 114, 327)
5, (232, 341, 251, 230, 128, 76, 118, 332)
5, (266, 352, 261, 217, 127, 76, 121, 363)
5, (250, 301, 219, 196, 117, 73, 108, 412)
