0, (227, 392, 145, 155, 81, 46, 103, 119)
0, (228, 336, 161, 155, 74, 47, 102, 117)
0, (177, 317, 144, 137, 76, 47, 100, 110)
0, (203, 301, 154, 140, 81, 50, 103, 110)
0, (201, 338, 174, 124, 73, 48, 81, 88)
0, (188, 357, 186, 118, 77, 51, 79, 94)
0, (196, 363, 273, 135, 79, 49, 78, 92)
0, (191, 370, 273, 136, 68, 42, 71, 83)
0, (197, 384, 269, 130, 83, 48, 69, 88)
0, (253, 376, 276, 144, 95, 76, 104, 89)
0, (251, 293, 265, 158, 101, 80, 111, 101)
0, (248, 285, 226, 144, 103, 82, 112, 104)
0, (282, 338, 253, 190, 107, 83, 109, 111)
0, (276, 344, 254, 196, 95, 80, 108, 106)
0, (239, 363, 241, 183, 83, 57, 84, 98)
0, (267, 415, 234, 169, 74, 48, 82, 68)
0, (266, 421, 171, 175, 100, 50, 82, 63)
0, (240, 439, 121, 118, 99, 48, 85, 52)
0, (224, 441, 135, 111, 101, 46, 90, 56)
0, (217, 432, 126, 104, 103, 44, 92, 59)
0, (205, 413, 130, 107, 110, 47, 84, 58)
0, (210, 401, 129, 74, 91, 44, 84, 56)
0, (223, 363, 127, 71, 90, 46, 83, 53)
0, (218, 351, 122, 66, 86, 48, 88, 52)
0, (200, 296, 117, 70, 83, 44, 74, 41)
0, (166, 233, 115, 65, 75, 43, 80, 44)
0, (188, 293, 119, 83, 78, 51, 84, 46)
0, (172, 274, 115, 80, 74, 47, 81, 45)
0, (182, 281, 92, 71, 74, 45, 72, 50)
0, (175, 292, 90, 68, 73, 56, 87, 58)
0, (178, 312, 94, 78, 89, 60, 84, 55)
0, (167, 317, 92, 70, 91, 55, 83, 60)
0, (163, 333, 95, 70, 92, 57, 82, 64)
0, (167, 360, 110, 71, 90, 56, 85, 79)
0, (176, 380, 115, 69, 88, 52, 93, 82)
0, (215, 397, 106, 61, 70, 48, 100, 84)
0, (201, 347, 106, 49, 55, 49, 97, 81)
0, (199, 314, 116, 49, 62, 56, 106, 83)
0, (213, 321, 100, 50, 60, 59, 115, 65)
0, (249, 300, 95, 66, 66, 52, 103, 63)
0, (222, 276, 100, 64, 72, 56, 96, 62)
0, (228, 315, 106, 66, 78, 65, 114, 63)
0, (219, 349, 97, 64, 74, 57, 112, 56)
0, (205, 347, 109, 75, 76, 54, 94, 57)
0, (155, 344, 121, 63, 76, 58, 98, 49)
0, (162, 331, 121, 59, 73, 57, 103, 50)
0, (167, 332, 125, 59, 65, 47, 91, 55)
0, (192, 307, 127, 75, 79, 50, 91, 57)
0, (254, 287, 110, 70, 75, 50, 110, 61)
0, (251, 354, 105, 76, 89, 54, 109, 86)
1, (226, 246, 119, 69, 79, 50, 95, 57)
1, (225, 238, 108, 68, 77, 52, 106, 58)
1, (253, 359, 106, 67, 80, 54, 106, 89)
1, (271, 387, 131, 67, 86, 57, 124, 87)
1, (314, 426, 169, 108, 83, 55, 111, 87)
1, (308, 449, 175, 113, 88, 53, 134, 88)
1, (311, 402, 178, 113, 77, 47, 138, 78)
1, (304, 408, 181, 118, 90, 48, 136, 78)
1, (270, 431, 186, 134, 89, 50, 126, 83)
1, (225, 421, 157, 124, 96, 55, 132, 90)
1, (230, 367, 146, 127, 98, 55, 125, 101)
1, (233, 363, 155, 167, 109, 58, 130, 101)
1, (230, 416, 169, 185, 111, 63, 136, 100)
1, (228, 368, 156, 180, 118, 66, 142, 99)
1, (230, 334, 168, 204, 120, 63, 146, 94)
1, (231, 387, 173, 205, 120, 68, 136, 83)
1, (228, 426, 168, 181, 109, 68, 122, 74)
1, (218, 357, 157, 164, 101, 61, 116, 71)
1, (228, 368, 156, 155, 90, 51, 102, 68)
1, (247, 432, 147, 108, 77, 50, 84, 87)
1, (217, 433, 157, 99, 68, 43, 77, 87)
1, (246, 381, 153, 87, 70, 44, 76, 81)
1, (279, 446, 173, 110, 69, 44, 82, 88)
1, (279, 503, 168, 114, 72, 48, 84, 89)
1, (251, 482, 176, 133, 81, 48, 82, 106)
1, (266, 450, 167, 148, 86, 49, 73, 114)
2, (252, 461, 170, 153, 87, 44, 74, 121)
2, (242, 412, 147, 147, 92, 45, 66, 124)
2, (234, 335, 146, 155, 94, 51, 71, 124)
2, (250, 297, 165, 163, 96, 50, 71, 112)
2, (265, 320, 180, 156, 96, 49, 73, 102)
2, (252, 312, 181, 153, 111, 56, 111, 100)
2, (253, 337, 198, 141, 105, 57, 119, 101)
2, (251, 364, 204, 165, 108, 55, 119, 105)
2, (291, 392, 174, 152, 107, 57, 131, 116)
2, (279, 360, 159, 142, 109, 61, 131, 116)
2, (288, 349, 151, 142, 99, 59, 105, 115)
2, (272, 371, 128, 144, 92, 59, 111, 108)
2, (301, 343, 121, 115, 84, 55, 114, 117)
2, (275, 329, 127, 112, 82, 60, 102, 90)
2, (261, 327, 139, 135, 80, 59, 105, 89)
2, (243, 404, 138, 131, 84, 59, 105, 80)
2, (243, 385, 133, 154, 99, 62, 92, 80)
2, (214, 389, 147, 158, 96, 60, 82, 87)
2, (185, 369, 147, 152, 93, 58, 94, 92)
2, (199, 389, 138, 144, 92, 55, 97, 94)
2, (213, 400, 165, 150, 80, 51, 103, 98)
2, (237, 362, 186, 138, 69, 45, 114, 97)
2, (231, 386, 171, 148, 76, 46, 117, 98)
2, (235, 401, 172, 188, 79, 43, 104, 96)
2, (247, 396, 170, 192, 72, 54, 111, 102)
2, (265, 295, 143, 197, 73, 54, 101, 102)
2, (257, 332, 122, 196, 93, 60, 87, 105)
2, (257, 290, 131, 202, 97, 63, 88, 116)
2, (259, 272, 126, 169, 92, 62, 86, 115)
2, (257, 258, 127, 154, 98, 66, 99, 108)
2, (224, 274, 126, 144, 106, 68, 100, 108)
2, (218, 286, 160, 133, 92, 67, 103, 107)
2, (222, 337, 171, 93, 82, 64, 100, 98)
2, (236, 377, 178, 113, 85, 63, 100, 102)
2, (259, 408, 178, 127, 95, 70, 91, 99)
2, (256, 413, 182, 128, 89, 72, 105, 114)
2, (252, 386, 153, 132, 80, 72, 114, 125)
2, (255, 393, 147, 133, 81, 75, 113, 104)
2, (249, 371, 152, 131, 90, 75, 112, 100)
2, (211, 357, 154, 133, 72, 67, 109, 108)
2, (233, 341, 162, 128, 70, 68, 103, 94)
2, (231, 362, 178, 128, 74, 63, 93, 76)
3, (268, 382, 175, 168, 82, 55, 81, 104)
3, (258, 422, 174, 208, 76, 54, 85, 81)
3, (236, 333, 180, 205, 67, 47, 93, 89)
3, (218, 383, 183, 189, 67, 53, 93, 91)
3, (208, 374, 182, 179, 72, 55, 96, 89)
3, (197, 446, 168, 182, 82, 52, 95, 112)
3, (205, 427, 166, 120, 82, 56, 97, 107)
3, (183, 441, 202, 132, 80, 53, 87, 114)
3, (236, 421, 211, 154, 83, 54, 79, 124)
3, (277, 435, 210, 164, 85, 56, 78, 125)
3, (276, 397, 204, 152, 86, 57, 80, 102)
3, (288, 367, 202, 154, 85, 58, 78, 101)
3, (314, 355, 178, 137, 90, 64, 79, 111)
3, (295, 352, 175, 115, 96, 57, 80, 98)
3, (261, 357, 191, 95, 92, 55, 80, 94)
3, (241, 304, 196, 103, 85, 56, 80, 96)
3, (229, 384, 203, 136, 87, 55, 103, 123)
3, (276, 397, 192, 147, 84, 59, 140, 115)
3, (256, 385, 192, 174, 80, 63, 136, 112)
3, (264, 384, 185, 184, 88, 64, 134, 115)
3, (282, 419, 207, 192, 95, 69, 135, 113)
3, (286, 405, 204, 176, 95, 75, 137, 119)
3, (211, 358, 167, 146, 84, 62, 90, 76)
3, (229, 378, 196, 178, 91, 66, 97, 127)
3, (218, 345, 159, 142, 72, 63, 98, 101)
3, (227, 407, 176, 162, 93, 66, 98, 130)
3, (218, 386, 161, 143, 76, 64, 105, 127)
3, (218, 410, 185, 161, 84, 64, 101, 127)
4, (243, 297, 164, 122, 69, 54, 87, 126)
4, (241, 343, 160, 126, 70, 52, 87, 125)
4, (240, 404, 159, 122, 67, 48, 86, 127)
4, (258, 401, 180, 131, 72, 53, 96, 95)
4, (203, 379, 170, 126, 91, 49, 78, 82)
4, (199, 376, 176, 128, 99, 52, 76, 94)
4, (198, 349, 180, 129, 98, 54, 84, 96)
4, (190, 271, 181, 131, 98, 58, 84, 96)
4, (183, 277, 147, 170, 97, 59, 80, 101)
4, (209, 325, 147, 169, 90, 54, 83, 101)
4, (203, 357, 144, 157, 83, 50, 87, 97)
4, (197, 348, 179, 157, 77, 46, 79, 94)
4, (217, 357, 175, 168, 84, 44, 75, 114)
4, (244, 433, 181, 122, 94, 49, 73, 99)
4, (240, 408, 189, 149, 86, 51, 82, 102)
4, (243, 391, 194, 163, 81, 50, 78, 99)
5, (163, 320, 212, 191, 97, 47, 57, 94)
5, (184, 304, 185, 179, 101, 50, 61, 94)
5, (180, 308, 193, 177, 107, 54, 74, 97)
5, (216, 317, 186, 155, 108, 57, 77, 103)
5, (218, 283, 199, 177, 111, 54, 77, 104)
5, (250, 279, 182, 156, 103, 55, 88, 84)
5, (243, 278, 170, 161, 114, 63, 88, 105)
5, (253, 300, 175, 191, 112, 58, 82, 102)
5, (217, 290, 176, 191, 109, 54, 81, 96)
5, (215, 302, 200, 172, 107, 58, 80, 91)
5, (196, 323, 220, 203, 100, 63, 83, 83)
5, (202, 340, 219, 199, 82, 64, 96, 96)
5, (223, 386, 235, 169, 71, 63, 91, 97)
5, (225, 392, 230, 183, 68, 63, 87, 96)
5, (254, 395, 191, 180, 72, 66, 90, 101)
5, (242, 398, 199, 151, 70, 63, 92, 106)
5, (235, 406, 232, 175, 75, 57, 83, 103)
5, (223, 365, 215, 177, 75, 57, 83, 103)
5, (224, 363, 223, 174, 79, 56, 85, 106)
5, (209, 348, 224, 189, 74, 52, 90, 102)
5, (268, 362, 198, 170, 73, 52, 83, 97)
5, (286, 358, 154, 151, 71, 44, 102, 82)
5, (265, 341, 148, 171, 73, 49, 104, 84)
5, (279, 382, 137, 159, 70, 48, 101, 82)
5, (269, 386, 137, 142, 67, 47, 97, 86)
5, (274, 327, 140, 141, 61, 43, 97, 88)
5, (264, 313, 155, 160, 56, 44, 74, 97)
5, (274, 316, 157, 139, 79, 43, 75, 102)
5, (259, 342, 155, 140, 92, 52, 75, 101)
5, (264, 336, 154, 153, 101, 62, 77, 103)
5, (204, 337, 148, 152, 102, 66, 85, 112)
5, (220, 344, 126, 121, 108, 66, 80, 101)
5, (234, 362, 129, 117, 95, 70, 87, 99)
5, (235, 341, 147, 121, 88, 68, 90, 97)
5, (223, 341, 168, 114, 86, 63, 85, 101)
5, (208, 374, 174, 116, 104, 72, 96, 104)
5, (184, 387, 179, 118, 99, 74, 101, 96)
5, (175, 391, 186, 150, 104, 68, 102, 92)
5, (174, 324, 194, 146, 102, 65, 113, 105)
5, (192, 364, 197, 150, 98, 63, 117, 109)
5, (192, 397, 208, 151, 78, 46, 99, 92)
5, (244, 378, 201, 163, 75, 44, 95, 92)
5, (228, 352, 190, 141, 73, 51, 100, 107)
5, (233, 394, 174, 136, 70, 53, 87, 111)
5, (228, 388, 152, 122, 73, 64, 93, 97)
5, (249, 334, 146, 134, 89, 70, 108, 103)
5, (185, 328, 185, 134, 87, 70, 109, 114)
5, (188, 434, 188, 142, 80, 68, 102, 115)
5, (187, 438, 189, 159, 83, 69, 102, 101)
5, (182, 432, 198, 163, 77, 56, 90, 102)
5, (159, 434, 191, 157, 59, 62, 116, 106)
5, (160, 473, 175, 141, 70, 65, 125, 102)
5, (178, 416, 203, 130, 74, 67, 120, 104)
5, (190, 384, 219, 146, 72, 67, 122, 105)
5, (187, 351, 242, 148, 78, 73, 124, 108)
5, (226, 424, 280, 152, 99, 78, 98, 113)
5, (238, 413, 284, 153, 101, 78, 92, 120)
5, (233, 395, 268, 160, 111, 79, 92, 116)
5, (234, 404, 249, 152, 116, 78, 88, 115)
5, (249, 463, 277, 199, 112, 75, 95, 119)
5, (226, 406, 247, 197, 101, 58, 76, 115)
5, (246, 400, 245, 198, 98, 55, 74, 117)
5, (234, 383, 269, 195, 85, 45, 70, 103)
5, (216, 407, 267, 183, 82, 44, 71, 107)
5, (207, 352, 215, 137, 81, 44, 64, 108)
5, (238, 324, 218, 136, 74, 51, 98, 134)
5, (217, 314, 211, 135, 71, 50, 105, 118)
5, (220, 314, 172, 125, 68, 56, 110, 120)
5, (223, 293, 191, 121, 64, 58, 110, 115)
5, (253, 305, 191, 106, 77, 59, 109, 114)
5, (240, 356, 182, 103, 75, 55, 107, 85)
5, (229, 356, 176, 102, 79, 59, 95, 89)
5, (223, 376, 173, 112, 86, 55, 90, 94)
5, (229, 357, 152, 106, 87, 57, 92, 118)
5, (235, 404, 142, 108, 75, 57, 100, 151)
5, (221, 376, 159, 116, 77, 59, 71, 141)
5, (235, 367, 167, 113, 73, 57, 72, 140)
5, (241, 346, 171, 107, 68, 58, 79, 140)
5, (239, 363, 187, 119, 65, 55, 80, 154)
5, (251, 306, 189, 123, 66, 57, 88, 126)
