0, (164, 90, 186, 119, 126, 55, 102, 106)
0, (190, 86, 187, 117, 127, 54, 108, 110)
0, (217, 94, 185, 118, 148, 63, 107, 115)
0, (228, 85, 181, 122, 129, 65, 108, 116)
0, (229, 83, 153, 135, 113, 69, 109, 107)
0, (216, 88, 182, 137, 112, 68, 105, 92)
0, (220, 91, 181, 146, 111, 67, 105, 91)
0, (191, 93, 187, 148, 84, 53, 90, 88)
0, (185, 98, 165, 129, 84, 53, 85, 115)
0, (194, 111, 172, 112, 80, 49, 95, 102)
0, (222, 107, 176, 103, 83, 54, 98, 103)
0, (201, 104, 167, 109, 78, 52, 101, 101)
0, (211, 93, 165, 103, 82, 53, 106, 111)
0, (206, 88, 182, 103, 77, 45, 97, 86)
0, (190, 71, 196, 111, 92, 45, 117, 90)
0, (174, 77, 164, 115, 87, 42, 114, 93)
0, (189, 83, 177, 105, 103, 50, 120, 111)
0, (192, 86, 192, 107, 102, 53, 117, 105)
0, (187, 90, 182, 104, 111, 56, 117, 101)
0, (189, 90, 166, 106, 102, 58, 97, 99)
0, (177, 80, 153, 127, 120, 61, 104, 96)
0, (168, 90, 142, 123, 109, 57, 89, 68)
0, (146, 90, 116, 129, 101, 58, 93, 78)
0, (196, 97, 109, 134, 96, 55, 94, 101)
0, (207, 97, 108, 129, 115, 54, 80, 103)
0, (201, 102, 107, 103, 114, 48, 73, 101)
0, (183, 84, 110, 108, 126, 58, 107, 100)
0, (183, 83, 157, 111, 129, 59, 103, 86)
0, (130, 78, 161, 101, 127, 60, 104, 58)
0, (122, 75, 152, 95, 117, 60, 109, 49)
0, (123, 72, 154, 89, 100, 62, 115, 51)
0, (118, 88, 148, 87, 79, 49, 88, 50)
0, (118, 109, 95, 88, 82, 41, 81, 41)
0, (127, 130, 85, 92, 95, 44, 75, 37)
0, (133, 136, 91, 95, 102, 49, 93, 38)
0, (139, 135, 80, 101, 110, 50, 84, 32)
0, (135, 138, 75, 103, 112, 53, 82, 39)
0, (134, 122, 69, 93, 111, 55, 81, 38)
0, (126, 111, 62, 90, 106, 54, 85, 39)
0, (110, 115, 64, 90, 94, 46, 70, 39)
0, (139, 123, 62, 88, 83, 48, 69, 40)
0, (136, 116, 61, 83, 89, 47, 68, 38)
0, (131, 115, 65, 87, 87, 50, 73, 39)
0, (138, 104, 61, 88, 99, 49, 68, 41)
0, (150, 105, 54, 83, 116, 51, 57, 40)
0, (130, 98, 51, 90, 122, 49, 59, 41)
0, (170, 103, 58, 85, 119, 44, 54, 37)
0, (169, 105, 58, 83, 120, 42, 55, 39)
1, (174, 103, 56, 86, 110, 48, 81, 39)
1, (173, 120, 60, 93, 105, 49, 80, 39)
1, (161, 127, 64, 95, 94, 50, 78, 40)
1, (124, 130, 58, 111, 96, 56, 80, 39)
1, (168, 145, 60, 109, 99, 55, 77, 39)
1, (183, 150, 62, 103, 94, 55, 58, 42)
1, (175, 139, 64, 104, 81, 54, 59, 42)
1, (181, 138, 64, 104, 87, 50, 60, 40)
1, (179, 134, 63, 93, 90, 47, 58, 46)
1, (153, 120, 66, 95, 96, 47, 64, 44)
1, (126, 126, 65, 100, 105, 43, 57, 38)
1, (141, 117, 61, 95, 103, 47, 67, 45)
1, (164, 112, 57, 96, 104, 49, 69, 46)
1, (161, 117, 58, 88, 104, 48, 75, 41)
1, (150, 108, 47, 82, 105, 46, 68, 42)
1, (173, 94, 46, 77, 98, 46, 71, 45)
1, (168, 113, 45, 81, 118, 50, 76, 42)
1, (157, 127, 48, 73, 131, 56, 83, 42)
1, (161, 126, 47, 71, 132, 59, 78, 42)
1, (182, 139, 46, 84, 141, 68, 86, 42)
1, (169, 140, 47, 87, 149, 68, 88, 40)
1, (164, 122, 50, 87, 141, 63, 77, 39)
1, (203, 134, 46, 93, 124, 59, 72, 45)
1, (199, 130, 44, 93, 119, 55, 77, 45)
2, (200, 119, 48, 83, 103, 51, 77, 45)
2, (190, 143, 53, 80, 92, 53, 72, 45)
2, (206, 157, 47, 84, 75, 54, 73, 44)
2, (176, 137, 50, 72, 82, 55, 80, 39)
2, (181, 143, 58, 72, 90, 63, 85, 40)
2, (168, 145, 59, 67, 94, 62, 91, 41)
2, (190, 125, 58, 76, 94, 61, 92, 45)
2, (217, 122, 78, 67, 95, 59, 98, 44)
2, (230, 121, 82, 64, 88, 53, 95, 48)
2, (239, 113, 87, 73, 90, 44, 90, 48)
2, (249, 129, 90, 95, 89, 43, 88, 53)
2, (247, 136, 95, 99, 85, 50, 93, 69)
2, (216, 120, 87, 97, 87, 51, 92, 72)
2, (198, 125, 89, 107, 102, 58, 95, 75)
2, (193, 139, 104, 166, 130, 61, 95, 77)
2, (184, 122, 107, 184, 137, 60, 89, 77)
2, (190, 117, 106, 181, 141, 62, 94, 74)
2, (202, 134, 143, 246, 141, 68, 106, 71)
2, (204, 145, 145, 249, 140, 66, 98, 68)
2, (196, 147, 134, 223, 113, 68, 106, 65)
2, (195, 151, 132, 208, 100, 68, 106, 61)
2, (198, 166, 136, 210, 99, 66, 105, 60)
2, (192, 173, 91, 138, 100, 66, 100, 68)
2, (181, 161, 89, 129, 95, 66, 100, 69)
2, (186, 156, 89, 117, 87, 61, 88, 70)
2, (216, 158, 91, 140, 86, 60, 87, 71)
2, (197, 146, 83, 139, 95, 61, 82, 60)
2, (196, 129, 82, 134, 95, 55, 75, 73)
2, (195, 126, 84, 138, 101, 56, 76, 73)
2, (208, 125, 82, 132, 106, 59, 92, 73)
2, (179, 126, 77, 92, 115, 62, 98, 74)
2, (173, 119, 76, 86, 113, 60, 93, 73)
2, (179, 118, 79, 86, 119, 62, 87, 49)
2, (194, 125, 110, 112, 114, 65, 97, 70)
2, (209, 113, 119, 117, 109, 64, 84, 78)
2, (199, 114, 119, 122, 98, 58, 77, 82)
2, (200, 119, 119, 121, 92, 58, 77, 83)
2, (185, 116, 121, 122, 95, 57, 78, 84)
2, (213, 106, 105, 99, 102, 58, 80, 89)
2, (183, 136, 102, 90, 111, 58, 93, 87)
2, (204, 132, 102, 91, 119, 64, 95, 85)
2, (233, 123, 105, 126, 117, 58, 93, 85)
2, (234, 137, 108, 125, 116, 62, 93, 87)
2, (232, 146, 99, 155, 111, 62, 83, 64)
2, (235, 116, 98, 156, 102, 65, 83, 61)
2, (225, 114, 99, 159, 114, 61, 75, 64)
2, (199, 133, 100, 142, 117, 66, 81, 61)
2, (193, 122, 115, 147, 124, 67, 108, 57)
2, (164, 119, 111, 113, 125, 65, 107, 59)
2, (219, 100, 159, 143, 141, 84, 91, 84)
2, (158, 121, 118, 113, 129, 59, 97, 95)
2, (217, 107, 157, 137, 136, 85, 91, 85)
2, (196, 119, 120, 118, 121, 60, 96, 97)
2, (252, 110, 147, 148, 116, 84, 103, 89)
2, (232, 117, 121, 108, 119, 56, 95, 100)
2, (220, 114, 142, 148, 110, 75, 99, 97)
2, (231, 115, 106, 102, 120, 53, 59, 101)
2, (222, 104, 141, 139, 102, 80, 102, 73)
2, (220, 109, 127, 131, 117, 52, 54, 99)
2, (220, 95, 132, 137, 93, 67, 108, 72)
2, (244, 123, 125, 134, 115, 55, 81, 91)
2, (225, 94, 124, 140, 97, 67, 111, 72)
2, (232, 121, 136, 125, 115, 52, 83, 85)
2, (187, 104, 128, 131, 95, 55, 101, 85)
2, (202, 102, 138, 127, 110, 52, 78, 85)
2, (178, 107, 135, 139, 99, 61, 106, 76)
2, (197, 106, 136, 136, 92, 43, 78, 85)
2, (182, 102, 131, 136, 87, 55, 97, 74)
2, (189, 105, 144, 117, 88, 47, 80, 85)
2, (168, 106, 136, 139, 116, 57, 79, 80)
2, (162, 105, 135, 112, 88, 44, 56, 89)
2, (214, 105, 139, 142, 113, 57, 86, 91)
2, (135, 114, 130, 118, 75, 44, 63, 92)
2, (201, 109, 136, 153, 112, 63, 88, 78)
2, (164, 120, 137, 144, 83, 46, 67, 91)
2, (192, 114, 123, 147, 112, 66, 82, 75)
2, (166, 124, 136, 141, 86, 57, 76, 91)
2, (208, 123, 137, 167, 115, 66, 85, 76)
2, (169, 135, 122, 154, 86, 57, 76, 94)
2, (220, 127, 138, 166, 84, 58, 83, 75)
3, (193, 104, 84, 129, 155, 62, 105, 106)
3, (208, 105, 122, 133, 169, 67, 105, 98)
3, (198, 101, 126, 117, 166, 75, 108, 85)
3, (218, 104, 126, 113, 114, 73, 110, 95)
3, (183, 101, 124, 104, 119, 75, 95, 96)
3, (204, 97, 131, 98, 116, 76, 97, 78)
3, (197, 106, 94, 116, 110, 69, 94, 78)
3, (242, 104, 117, 143, 109, 60, 92, 84)
3, (244, 100, 137, 155, 118, 65, 91, 90)
3, (237, 99, 143, 161, 134, 64, 93, 83)
3, (247, 99, 137, 162, 138, 61, 93, 87)
3, (254, 89, 154, 155, 130, 63, 104, 93)
3, (207, 86, 145, 167, 136, 61, 95, 106)
3, (235, 107, 140, 163, 127, 52, 92, 92)
3, (232, 110, 143, 156, 111, 51, 97, 98)
3, (254, 110, 148, 172, 115, 52, 99, 105)
3, (242, 124, 155, 166, 110, 53, 93, 102)
3, (266, 124, 153, 126, 100, 59, 96, 76)
3, (228, 102, 161, 124, 120, 61, 93, 76)
3, (295, 115, 156, 110, 118, 55, 86, 87)
3, (247, 111, 158, 88, 109, 57, 91, 80)
3, (251, 97, 150, 97, 115, 71, 114, 82)
3, (250, 97, 168, 110, 117, 70, 113, 85)
3, (300, 115, 170, 125, 113, 75, 115, 87)
3, (247, 97, 171, 128, 158, 80, 118, 85)
3, (267, 107, 169, 144, 155, 81, 119, 84)
3, (267, 113, 172, 140, 154, 68, 89, 81)
3, (259, 130, 149, 145, 157, 64, 83, 90)
3, (217, 116, 132, 136, 153, 61, 91, 107)
3, (219, 124, 131, 138, 146, 61, 88, 104)
3, (223, 124, 131, 118, 148, 60, 80, 103)
3, (241, 130, 138, 122, 154, 68, 86, 103)
3, (239, 119, 172, 136, 148, 70, 92, 96)
3, (233, 121, 173, 129, 143, 66, 87, 92)
3, (282, 128, 175, 137, 115, 64, 82, 83)
3, (265, 121, 173, 133, 110, 59, 80, 81)
3, (251, 110, 147, 138, 102, 54, 81, 83)
3, (285, 112, 114, 125, 109, 54, 83, 96)
3, (289, 111, 115, 133, 118, 52, 86, 77)
3, (249, 92, 117, 146, 106, 49, 87, 75)
3, (260, 105, 155, 151, 109, 51, 86, 75)
3, (294, 110, 161, 154, 115, 44, 88, 85)
3, (269, 111, 172, 164, 113, 44, 88, 87)
3, (281, 113, 202, 169, 103, 46, 89, 89)
3, (287, 125, 204, 155, 95, 56, 95, 90)
3, (284, 116, 187, 173, 93, 55, 94, 88)
3, (251, 109, 186, 168, 93, 59, 94, 80)
3, (254, 108, 204, 156, 106, 60, 89, 95)
3, (233, 110, 175, 192, 106, 65, 85, 94)
3, (210, 98, 170, 190, 104, 57, 75, 93)
3, (198, 100, 165, 170, 116, 61, 81, 95)
3, (187, 96, 167, 171, 121, 61, 80, 107)
3, (190, 97, 140, 173, 107, 59, 85, 77)
3, (181, 112, 155, 127, 106, 51, 76, 79)
3, (196, 138, 175, 143, 118, 50, 79, 77)
3, (206, 131, 168, 152, 144, 43, 68, 77)
3, (214, 132, 162, 147, 139, 58, 70, 79)
3, (181, 124, 157, 152, 143, 67, 72, 80)
3, (198, 106, 137, 144, 150, 72, 79, 77)
3, (177, 77, 115, 159, 158, 71, 75, 82)
3, (162, 84, 120, 164, 125, 75, 78, 87)
3, (156, 85, 128, 182, 121, 63, 67, 83)
3, (165, 87, 139, 178, 118, 51, 53, 81)
3, (153, 82, 156, 184, 133, 59, 47, 82)
3, (206, 74, 160, 160, 122, 71, 66, 82)
3, (209, 90, 156, 161, 137, 68, 72, 99)
4, (141, 80, 103, 125, 130, 57, 92, 102)
4, (83, 72, 113, 128, 122, 55, 94, 92)
4, (103, 67, 123, 131, 134, 54, 88, 91)
4, (124, 73, 125, 123, 136, 53, 90, 99)
4, (160, 87, 135, 110, 95, 54, 106, 109)
4, (156, 102, 153, 127, 97, 60, 115, 94)
4, (168, 104, 153, 123, 106, 61, 100, 85)
4, (176, 108, 157, 117, 119, 63, 104, 87)
4, (218, 106, 162, 119, 113, 69, 112, 102)
4, (233, 99, 152, 124, 119, 63, 95, 89)
4, (244, 100, 123, 118, 117, 57, 86, 85)
4, (249, 96, 121, 113, 121, 59, 105, 90)
4, (248, 99, 133, 138, 116, 54, 106, 119)
4, (204, 99, 132, 165, 115, 46, 95, 99)
4, (161, 96, 133, 158, 104, 48, 98, 102)
4, (169, 78, 145, 154, 111, 53, 93, 124)
4, (233, 95, 140, 158, 119, 53, 82, 127)
4, (225, 92, 123, 134, 99, 56, 78, 101)
4, (223, 87, 120, 92, 99, 61, 83, 109)
4, (234, 94, 111, 113, 111, 59, 90, 118)
4, (215, 103, 93, 104, 159, 61, 94, 93)
4, (191, 98, 91, 122, 147, 60, 105, 90)
5, (185, 91, 160, 117, 87, 52, 101, 97)
5, (184, 94, 152, 125, 115, 46, 96, 98)
5, (187, 94, 145, 109, 126, 45, 95, 103)
5, (181, 102, 105, 94, 126, 44, 110, 88)
5, (154, 95, 105, 100, 129, 54, 131, 90)
5, (153, 87, 113, 103, 125, 56, 127, 95)
5, (151, 85, 122, 84, 98, 55, 130, 98)
5, (155, 89, 120, 82, 74, 55, 134, 100)
5, (148, 74, 128, 96, 89, 59, 119, 89)
5, (157, 75, 130, 113, 96, 53, 90, 85)
5, (136, 71, 124, 109, 95, 52, 93, 94)
5, (135, 68, 111, 122, 90, 52, 100, 115)
5, (119, 57, 111, 137, 104, 58, 104, 109)
5, (143, 61, 107, 134, 130, 57, 107, 112)
5, (124, 78, 96, 125, 124, 66, 125, 149)
5, (134, 79, 112, 144, 125, 65, 140, 137)
5, (141, 87, 119, 135, 137, 67, 134, 116)
5, (154, 87, 129, 130, 137, 67, 128, 117)
5, (176, 94, 131, 133, 126, 76, 138, 120)
5, (186, 81, 134, 125, 130, 72, 134, 71)
5, (191, 85, 192, 113, 129, 69, 99, 71)
5, (198, 79, 185, 111, 121, 70, 110, 86)
5, (202, 83, 184, 96, 126, 79, 111, 84)
5, (187, 87, 191, 96, 106, 93, 132, 74)
5, (185, 82, 196, 102, 102, 92, 129, 77)
5, (176, 79, 133, 90, 104, 92, 131, 104)
5, (174, 83, 147, 107, 115, 90, 125, 89)
5, (174, 81, 141, 116, 111, 84, 125, 99)
5, (185, 74, 126, 114, 114, 59, 100, 115)
5, (168, 79, 111, 114, 112, 57, 96, 113)
5, (162, 82, 100, 123, 113, 57, 95, 87)
5, (153, 81, 90, 127, 140, 64, 91, 92)
