0, (284, 90, 141, 181, 110, 71, 120, 195)
0, (272, 88, 126, 171, 102, 70, 106, 214)
0, (310, 81, 116, 130, 95, 70, 111, 195)
0, (229, 83, 113, 128, 106, 65, 101, 180)
0, (219, 82, 109, 118, 108, 63, 87, 215)
0, (228, 86, 134, 122, 110, 56, 99, 231)
0, (237, 96, 137, 132, 121, 55, 101, 209)
0, (205, 95, 161, 122, 120, 59, 102, 186)
0, (197, 98, 157, 120, 123, 76, 126, 226)
0, (197, 101, 154, 148, 116, 74, 121, 190)
0, (177, 102, 130, 143, 112, 74, 102, 161)
0, (178, 95, 119, 129, 101, 76, 101, 205)
0, (172, 95, 115, 138, 116, 89, 123, 211)
0, (183, 106, 116, 130, 99, 73, 96, 165)
0, (206, 99, 138, 95, 102, 73, 96, 192)
0, (208, 95, 143, 104, 106, 78, 123, 213)
0, (201, 98, 199, 105, 115, 76, 124, 167)
0, (199, 100, 191, 97, 108, 54, 103, 159)
0, (195, 90, 187, 106, 115, 57, 118, 196)
0, (176, 101, 197, 108, 113, 60, 131, 179)
0, (185, 103, 208, 104, 116, 56, 110, 158)
0, (180, 106, 160, 122, 105, 57, 108, 160)
0, (178, 105, 163, 142, 106, 57, 102, 159)
0, (217, 137, 165, 142, 100, 70, 106, 107)
0, (219, 138, 139, 144, 85, 77, 121, 85)
0, (214, 136, 115, 153, 94, 82, 124, 78)
0, (210, 130, 104, 133, 97, 81, 126, 103)
0, (202, 128, 98, 136, 107, 82, 126, 104)
0, (128, 87, 102, 137, 109, 70, 109, 101)
0, (126, 72, 99, 135, 109, 55, 74, 100)
0, (118, 73, 95, 121, 98, 44, 69, 94)
0, (148, 93, 96, 129, 107, 44, 60, 57)
0, (178, 91, 89, 101, 99, 46, 68, 50)
0, (178, 96, 78, 97, 96, 44, 61, 46)
0, (179, 114, 82, 102, 112, 42, 54, 43)
0, (193, 136, 94, 99, 118, 44, 57, 42)
0, (177, 135, 91, 90, 132, 58, 60, 41)
0, (167, 137, 82, 87, 127, 61, 59, 37)
0, (163, 138, 78, 75, 129, 60, 67, 34)
0, (155, 129, 73, 69, 119, 61, 71, 32)
0, (144, 108, 57, 83, 129, 63, 66, 31)
0, (153, 108, 50, 100, 110, 54, 72, 31)
1, (135, 109, 51, 105, 104, 59, 90, 34)
1, (150, 102, 51, 104, 110, 60, 87, 35)
1, (150, 97, 44, 107, 109, 62, 86, 32)
1, (149, 116, 49, 99, 92, 60, 85, 36)
1, (132, 106, 49, 92, 100, 56, 77, 36)
1, (166, 126, 51, 94, 106, 49, 54, 37)
1, (164, 139, 50, 94, 102, 51, 53, 34)
1, (172, 142, 58, 91, 104, 51, 53, 35)
1, (190, 135, 55, 93, 104, 51, 57, 35)
1, (190, 143, 57, 82, 95, 51, 63, 35)
1, (161, 136, 60, 69, 93, 51, 66, 33)
1, (167, 133, 62, 71, 95, 55, 65, 34)
1, (199, 135, 61, 75, 94, 57, 69, 40)
1, (252, 124, 59, 72, 88, 55, 67, 39)
1, (260, 124, 58, 72, 95, 66, 82, 42)
1, (267, 116, 55, 94, 102, 67, 77, 42)
1, (269, 108, 52, 96, 102, 66, 80, 47)
1, (258, 115, 46, 92, 104, 61, 77, 45)
2, (198, 128, 50, 94, 114, 68, 89, 45)
2, (219, 143, 62, 100, 114, 59, 76, 45)
2, (236, 146, 63, 85, 105, 53, 74, 44)
2, (222, 141, 64, 81, 101, 47, 70, 40)
2, (210, 131, 70, 81, 98, 50, 78, 36)
2, (230, 122, 69, 82, 141, 41, 63, 37)
2, (213, 89, 62, 93, 146, 43, 58, 32)
2, (180, 84, 58, 88, 144, 43, 61, 33)
2, (186, 84, 58, 90, 151, 42, 61, 31)
2, (198, 108, 58, 99, 155, 40, 49, 37)
2, (175, 108, 56, 89, 124, 42, 53, 38)
2, (165, 109, 53, 68, 115, 39, 52, 42)
2, (170, 118, 61, 72, 116, 42, 62, 43)
2, (201, 130, 65, 86, 111, 46, 63, 43)
2, (211, 122, 61, 82, 112, 56, 78, 39)
2, (228, 122, 68, 85, 89, 54, 77, 40)
2, (227, 123, 73, 86, 86, 56, 78, 36)
2, (257, 122, 68, 95, 87, 58, 72, 37)
2, (247, 125, 68, 83, 77, 67, 96, 37)
2, (237, 115, 73, 78, 72, 63, 103, 63)
2, (212, 110, 69, 77, 92, 63, 105, 64)
2, (223, 116, 78, 107, 99, 67, 111, 71)
2, (218, 120, 79, 131, 110, 70, 109, 72)
2, (214, 125, 83, 142, 113, 60, 97, 73)
2, (217, 128, 83, 146, 112, 61, 94, 54)
2, (231, 130, 89, 150, 126, 64, 119, 70)
2, (268, 135, 92, 159, 132, 60, 116, 77)
2, (255, 126, 99, 155, 122, 57, 121, 125)
2, (279, 123, 95, 152, 119, 56, 114, 130)
2, (264, 119, 97, 156, 121, 60, 118, 132)
2, (266, 134, 100, 159, 157, 67, 106, 138)
2, (247, 142, 106, 138, 152, 68, 105, 133)
2, (239, 144, 107, 119, 149, 74, 108, 98)
2, (206, 132, 108, 116, 150, 80, 122, 103)
2, (212, 132, 103, 122, 157, 78, 109, 98)
2, (223, 123, 101, 128, 153, 72, 95, 83)
2, (194, 119, 97, 125, 155, 92, 123, 114)
2, (200, 115, 94, 131, 161, 88, 122, 114)
2, (212, 123, 95, 129, 158, 82, 110, 115)
2, (273, 126, 96, 120, 164, 81, 109, 126)
2, (249, 121, 107, 112, 123, 80, 108, 124)
2, (247, 106, 118, 111, 116, 55, 73, 95)
2, (262, 118, 133, 115, 110, 62, 92, 104)
2, (264, 103, 144, 129, 120, 63, 98, 149)
2, (195, 98, 146, 123, 98, 59, 102, 147)
2, (206, 110, 140, 123, 94, 59, 106, 152)
2, (233, 123, 129, 126, 89, 66, 115, 173)
2, (266, 114, 126, 120, 92, 61, 108, 168)
2, (249, 113, 121, 124, 79, 61, 107, 121)
2, (249, 122, 118, 153, 97, 66, 112, 114)
2, (253, 114, 124, 157, 93, 79, 114, 112)
2, (251, 102, 123, 165, 94, 71, 115, 144)
2, (230, 124, 113, 161, 91, 67, 112, 180)
2, (228, 131, 109, 159, 121, 74, 121, 185)
2, (247, 126, 130, 167, 135, 74, 112, 190)
2, (254, 116, 121, 164, 138, 59, 106, 193)
2, (233, 115, 113, 167, 142, 71, 119, 151)
2, (215, 90, 109, 181, 149, 75, 114, 120)
2, (227, 84, 126, 172, 139, 65, 99, 115)
2, (253, 84, 107, 154, 117, 59, 102, 106)
2, (249, 99, 118, 155, 115, 68, 119, 106)
2, (272, 101, 127, 148, 131, 57, 104, 103)
2, (255, 105, 147, 151, 123, 57, 108, 76)
2, (283, 106, 142, 162, 112, 57, 119, 80)
2, (277, 114, 152, 179, 115, 57, 118, 85)
2, (259, 107, 147, 178, 115, 62, 152, 79)
2, (267, 110, 156, 182, 92, 63, 156, 76)
2, (282, 109, 157, 179, 107, 65, 152, 82)
2, (274, 114, 202, 169, 107, 66, 147, 91)
2, (236, 110, 209, 165, 100, 68, 156, 89)
2, (252, 103, 208, 164, 93, 62, 119, 85)
2, (232, 100, 196, 166, 97, 64, 108, 87)
2, (241, 94, 189, 180, 116, 61, 111, 87)
2, (210, 88, 148, 190, 131, 64, 113, 105)
2, (235, 123, 145, 199, 133, 78, 124, 180)
2, (225, 77, 137, 184, 137, 66, 101, 109)
2, (227, 123, 139, 216, 99, 61, 98, 131)
2, (223, 84, 142, 210, 141, 63, 95, 140)
2, (209, 102, 129, 189, 100, 61, 100, 134)
2, (237, 85, 147, 196, 142, 62, 111, 141)
2, (216, 84, 143, 191, 119, 61, 104, 148)
3, (257, 104, 163, 140, 100, 58, 85, 117)
3, (252, 127, 149, 158, 99, 54, 105, 155)
3, (280, 122, 151, 162, 99, 52, 107, 152)
3, (275, 128, 141, 157, 111, 56, 110, 153)
3, (264, 129, 144, 157, 130, 58, 113, 145)
3, (226, 123, 127, 167, 120, 51, 109, 132)
3, (246, 110, 142, 146, 118, 53, 92, 95)
3, (234, 113, 166, 140, 122, 64, 107, 105)
3, (223, 106, 169, 115, 118, 69, 103, 109)
3, (247, 107, 190, 119, 101, 69, 96, 154)
3, (256, 112, 191, 102, 99, 73, 105, 158)
3, (248, 110, 203, 116, 120, 74, 103, 161)
3, (243, 105, 183, 131, 124, 68, 90, 172)
3, (247, 121, 185, 174, 121, 63, 88, 170)
3, (231, 123, 187, 176, 125, 81, 113, 123)
3, (206, 123, 188, 184, 129, 90, 127, 127)
3, (219, 115, 164, 203, 132, 87, 124, 125)
3, (205, 114, 176, 203, 128, 85, 118, 125)
3, (250, 118, 172, 186, 125, 84, 118, 164)
3, (252, 115, 139, 184, 119, 66, 101, 163)
3, (288, 114, 140, 177, 122, 47, 78, 159)
3, (307, 117, 149, 145, 104, 53, 95, 175)
3, (308, 120, 143, 141, 99, 54, 103, 164)
3, (264, 120, 142, 127, 110, 61, 112, 123)
3, (247, 119, 143, 119, 111, 60, 108, 124)
3, (267, 136, 134, 110, 108, 61, 109, 120)
3, (234, 171, 123, 109, 98, 62, 125, 117)
3, (250, 179, 123, 163, 111, 58, 120, 110)
3, (293, 166, 121, 169, 125, 54, 110, 155)
3, (335, 168, 127, 180, 136, 53, 106, 158)
3, (292, 159, 129, 187, 126, 59, 113, 167)
3, (290, 114, 132, 190, 143, 73, 119, 143)
3, (290, 92, 149, 177, 151, 86, 124, 141)
3, (249, 123, 161, 163, 134, 83, 124, 92)
3, (228, 119, 157, 162, 119, 87, 127, 104)
3, (228, 107, 158, 160, 130, 86, 118, 133)
3, (241, 112, 161, 167, 147, 86, 117, 203)
3, (245, 127, 156, 182, 139, 77, 111, 202)
3, (236, 115, 139, 193, 134, 81, 112, 206)
3, (213, 115, 144, 202, 137, 79, 110, 205)
4, (219, 149, 184, 193, 99, 51, 76, 150)
4, (174, 144, 166, 178, 115, 54, 76, 146)
4, (170, 144, 186, 175, 115, 70, 94, 113)
4, (248, 143, 190, 164, 109, 68, 95, 138)
4, (238, 133, 161, 131, 108, 71, 124, 146)
4, (252, 106, 135, 136, 117, 71, 128, 134)
4, (251, 105, 135, 119, 110, 68, 128, 141)
4, (258, 106, 114, 116, 103, 58, 128, 141)
4, (282, 118, 136, 136, 113, 61, 138, 101)
4, (303, 130, 131, 136, 118, 56, 113, 120)
4, (289, 145, 135, 135, 131, 55, 103, 131)
4, (291, 145, 137, 134, 117, 55, 109, 174)
4, (282, 149, 129, 140, 118, 56, 98, 170)
4, (226, 145, 94, 120, 107, 53, 88, 175)
4, (236, 134, 96, 122, 106, 53, 84, 154)
4, (241, 134, 98, 122, 79, 55, 83, 149)
4, (237, 133, 93, 137, 86, 57, 84, 93)
4, (267, 134, 100, 133, 85, 52, 76, 118)
4, (236, 122, 124, 140, 93, 59, 73, 109)
4, (203, 124, 125, 131, 87, 60, 81, 111)
4, (227, 103, 140, 151, 86, 57, 87, 110)
4, (238, 109, 144, 140, 85, 54, 84, 123)
5, (135, 95, 131, 120, 114, 66, 94, 204)
5, (163, 92, 137, 122, 151, 65, 83, 228)
5, (164, 91, 144, 123, 149, 62, 86, 179)
5, (141, 83, 138, 115, 142, 65, 83, 184)
5, (155, 74, 157, 106, 154, 58, 91, 174)
5, (157, 70, 147, 105, 159, 50, 104, 204)
5, (126, 83, 139, 119, 125, 51, 127, 185)
5, (135, 97, 156, 145, 118, 53, 124, 184)
5, (138, 89, 152, 155, 121, 50, 125, 168)
5, (157, 90, 143, 157, 119, 48, 119, 204)
5, (188, 94, 151, 170, 110, 47, 108, 174)
5, (193, 93, 157, 162, 114, 43, 85, 166)
5, (202, 90, 155, 172, 128, 42, 91, 163)
5, (232, 97, 168, 190, 139, 46, 93, 165)
5, (236, 106, 171, 186, 127, 62, 107, 166)
5, (220, 105, 165, 173, 124, 63, 108, 149)
5, (220, 96, 162, 179, 124, 73, 116, 150)
5, (211, 89, 151, 164, 108, 72, 111, 156)
5, (183, 88, 154, 150, 81, 71, 110, 170)
5, (157, 83, 161, 169, 83, 58, 99, 160)
5, (174, 80, 173, 197, 102, 68, 102, 158)
5, (167, 84, 191, 208, 111, 63, 94, 160)
5, (164, 79, 194, 193, 107, 62, 92, 164)
5, (162, 77, 230, 189, 111, 64, 89, 192)
5, (170, 76, 216, 185, 121, 66, 91, 160)
5, (149, 87, 205, 150, 119, 58, 94, 165)
5, (161, 78, 204, 124, 111, 52, 83, 163)
5, (159, 93, 192, 135, 114, 51, 83, 157)
5, (194, 93, 137, 121, 115, 51, 89, 158)
5, (191, 93, 132, 112, 120, 47, 79, 167)
5, (201, 81, 147, 118, 110, 47, 72, 185)
5, (194, 84, 118, 113, 107, 43, 78, 183)
5, (203, 89, 141, 105, 103, 45, 84, 187)
5, (185, 87, 136, 106, 94, 41, 80, 174)
5, (200, 99, 139, 91, 76, 41, 94, 171)
5, (195, 102, 144, 92, 80, 43, 93, 145)
5, (204, 102, 157, 91, 78, 44, 87, 155)
5, (205, 91, 143, 88, 78, 52, 90, 191)
5, (229, 103, 140, 107, 100, 66, 109, 181)
5, (206, 85, 142, 105, 111, 74, 100, 177)
5, (195, 83, 129, 107, 105, 74, 99, 183)
5, (189, 84, 105, 107, 107, 81, 113, 181)
5, (186, 89, 99, 111, 122, 85, 121, 177)
5, (142, 72, 110, 126, 171, 81, 104, 178)
5, (138, 75, 105, 135, 163, 74, 104, 178)
5, (147, 78, 101, 133, 162, 80, 111, 174)
5, (150, 104, 120, 180, 168, 77, 98, 167)
5, (149, 93, 119, 177, 162, 67, 84, 131)
5, (142, 101, 113, 158, 92, 63, 87, 119)
5, (159, 130, 122, 157, 101, 67, 112, 121)
5, (177, 134, 118, 156, 114, 73, 128, 157)
5, (189, 118, 127, 104, 131, 73, 131, 175)
5, (209, 126, 127, 117, 135, 77, 138, 176)
5, (223, 124, 123, 116, 136, 75, 145, 165)
5, (220, 97, 128, 104, 130, 70, 129, 165)
5, (241, 118, 133, 119, 132, 63, 107, 181)
5, (224, 122, 115, 120, 106, 58, 99, 177)
5, (230, 117, 145, 140, 96, 56, 96, 174)
5, (244, 127, 153, 149, 97, 62, 93, 172)
5, (274, 151, 151, 158, 110, 60, 92, 178)
5, (250, 140, 152, 149, 118, 50, 90, 141)
5, (279, 138, 154, 153, 120, 52, 96, 136)
5, (271, 138, 131, 129, 122, 54, 99, 163)
5, (248, 136, 150, 117, 131, 50, 91, 159)
5, (226, 111, 173, 110, 138, 54, 91, 151)
5, (242, 121, 176, 113, 115, 55, 101, 139)
5, (218, 124, 172, 111, 113, 52, 97, 127)
5, (251, 128, 187, 147, 116, 49, 84, 83)
5, (256, 121, 163, 155, 114, 46, 85, 129)
5, (240, 125, 134, 166, 97, 45, 83, 144)
5, (226, 130, 163, 194, 101, 48, 72, 141)
