0, (204, 81, 115, 122, 118, 49, 81, 175)
0, (206, 91, 128, 117, 117, 56, 90, 183)
0, (204, 99, 127, 123, 111, 57, 88, 163)
0, (239, 94, 110, 122, 114, 55, 91, 161)
0, (216, 95, 126, 137, 114, 56, 101, 136)
0, (212, 96, 133, 136, 117, 55, 115, 149)
0, (210, 91, 127, 142, 122, 47, 105, 138)
0, (215, 82, 137, 150, 126, 48, 104, 147)
0, (169, 76, 133, 141, 119, 48, 105, 155)
0, (155, 65, 113, 116, 147, 47, 100, 140)
0, (161, 65, 113, 143, 143, 45, 90, 106)
0, (183, 60, 103, 139, 136, 50, 92, 110)
0, (201, 76, 98, 139, 130, 54, 94, 142)
0, (183, 79, 124, 146, 138, 52, 110, 131)
0, (204, 80, 126, 141, 156, 66, 111, 123)
0, (213, 84, 132, 119, 145, 65, 99, 124)
0, (213, 89, 131, 135, 136, 69, 121, 134)
0, (194, 86, 155, 125, 135, 64, 123, 96)
0, (200, 87, 149, 124, 134, 70, 111, 151)
0, (181, 94, 142, 121, 110, 62, 101, 150)
0, (193, 90, 133, 112, 114, 63, 106, 160)
0, (173, 100, 151, 100, 121, 57, 75, 154)
0, (172, 98, 131, 96, 126, 59, 81, 149)
0, (167, 97, 122, 90, 120, 50, 79, 95)
0, (183, 94, 132, 82, 84, 41, 77, 97)
0, (176, 121, 133, 92, 85, 40, 71, 78)
0, (180, 119, 114, 80, 74, 38, 78, 64)
0, (168, 113, 95, 81, 70, 36, 64, 58)
0, (163, 124, 85, 113, 113, 37, 55, 46)
0, (127, 132, 103, 119, 134, 40, 55, 40)
0, (87, 111, 138, 120, 129, 46, 84, 33)
0, (98, 120, 141, 126, 131, 47, 79, 39)
0, (106, 124, 143, 124, 131, 50, 79, 42)
0, (102, 111, 144, 93, 100, 53, 85, 42)
0, (129, 100, 122, 95, 105, 66, 110, 45)
0, (156, 106, 76, 95, 115, 60, 88, 43)
0, (150, 96, 68, 88, 116, 59, 88, 44)
0, (149, 105, 67, 89, 116, 57, 87, 41)
0, (173, 121, 64, 87, 128, 55, 86, 42)
0, (165, 122, 63, 86, 105, 37, 56, 44)
0, (156, 117, 65, 75, 102, 42, 62, 48)
0, (157, 111, 59, 90, 108, 53, 68, 46)
0, (162, 120, 57, 99, 109, 54, 71, 47)
0, (162, 126, 65, 100, 126, 61, 72, 49)
0, (167, 132, 63, 116, 128, 63, 81, 55)
0, (176, 142, 62, 112, 123, 62, 91, 58)
0, (180, 144, 70, 111, 119, 55, 85, 56)
0, (181, 132, 71, 105, 122, 64, 86, 57)
0, (184, 114, 62, 105, 116, 59, 83, 57)
0, (178, 110, 59, 91, 124, 65, 77, 48)
0, (181, 100, 58, 95, 128, 64, 65, 43)
0, (198, 104, 45, 79, 135, 62, 72, 47)
0, (221, 107, 49, 86, 153, 54, 73, 46)
0, (241, 108, 46, 95, 142, 55, 78, 48)
0, (249, 106, 44, 85, 130, 47, 78, 49)
0, (242, 115, 55, 88, 130, 50, 75, 49)
0, (272, 152, 65, 68, 159, 63, 59, 47)
0, (292, 159, 65, 86, 199, 68, 63, 48)
1, (225, 103, 57, 89, 120, 49, 68, 42)
1, (234, 105, 54, 79, 96, 49, 66, 44)
1, (257, 125, 59, 66, 131, 57, 69, 47)
1, (266, 126, 63, 72, 141, 62, 60, 45)
1, (263, 115, 53, 65, 136, 58, 59, 41)
1, (269, 148, 62, 89, 193, 64, 66, 45)
1, (254, 149, 62, 85, 190, 62, 78, 49)
1, (255, 168, 66, 101, 198, 67, 89, 50)
1, (277, 142, 56, 98, 190, 68, 89, 50)
1, (232, 126, 52, 85, 155, 65, 88, 45)
1, (214, 130, 56, 83, 122, 61, 88, 46)
1, (221, 140, 53, 91, 128, 58, 83, 43)
1, (309, 135, 53, 84, 137, 62, 85, 46)
1, (286, 136, 49, 87, 133, 62, 88, 43)
1, (296, 147, 52, 85, 133, 59, 87, 44)
1, (294, 143, 54, 87, 138, 59, 77, 40)
1, (314, 130, 53, 78, 131, 60, 73, 39)
1, (246, 123, 53, 79, 113, 50, 58, 33)
1, (250, 124, 53, 79, 111, 44, 55, 32)
1, (256, 120, 61, 78, 110, 47, 52, 32)
2, (254, 124, 60, 84, 104, 44, 51, 31)
2, (223, 134, 61, 88, 104, 45, 54, 35)
2, (235, 129, 59, 80, 104, 50, 68, 48)
2, (244, 147, 64, 76, 104, 45, 65, 49)
2, (219, 164, 64, 83, 89, 49, 76, 54)
2, (216, 175, 59, 87, 116, 50, 77, 54)
2, (229, 169, 61, 84, 119, 51, 71, 54)
2, (197, 175, 63, 87, 122, 51, 57, 44)
2, (195, 158, 59, 90, 119, 64, 70, 43)
2, (194, 138, 49, 87, 129, 61, 61, 39)
2, (279, 121, 49, 76, 107, 64, 73, 50)
2, (297, 125, 52, 74, 100, 62, 80, 51)
2, (298, 113, 44, 81, 96, 61, 80, 50)
2, (284, 120, 49, 82, 102, 50, 72, 50)
2, (294, 128, 53, 83, 93, 50, 74, 53)
2, (216, 122, 54, 82, 92, 45, 66, 43)
2, (174, 139, 50, 84, 93, 44, 62, 38)
2, (181, 137, 53, 72, 90, 41, 61, 39)
2, (258, 134, 60, 79, 84, 48, 69, 51)
2, (285, 127, 94, 115, 96, 48, 77, 68)
2, (285, 137, 140, 142, 102, 65, 145, 79)
2, (291, 114, 151, 148, 105, 65, 153, 82)
2, (293, 112, 160, 169, 108, 69, 171, 96)
2, (235, 108, 166, 200, 114, 64, 175, 93)
2, (199, 97, 152, 204, 114, 66, 172, 82)
2, (225, 105, 117, 195, 119, 61, 124, 74)
2, (213, 107, 110, 190, 116, 67, 121, 72)
2, (194, 108, 103, 186, 115, 63, 92, 68)
2, (209, 111, 94, 165, 121, 71, 98, 90)
2, (234, 126, 91, 144, 109, 79, 106, 92)
2, (218, 110, 98, 138, 94, 71, 100, 92)
2, (231, 104, 103, 169, 108, 69, 100, 94)
2, (247, 119, 105, 163, 109, 75, 112, 94)
2, (283, 128, 113, 157, 102, 67, 99, 80)
2, (260, 116, 119, 153, 104, 57, 95, 79)
2, (261, 146, 120, 185, 105, 57, 99, 94)
2, (288, 156, 110, 170, 92, 58, 111, 94)
2, (307, 155, 119, 178, 90, 52, 99, 83)
2, (277, 166, 115, 186, 85, 59, 100, 77)
2, (278, 173, 132, 220, 108, 65, 98, 75)
2, (280, 159, 121, 195, 130, 64, 100, 83)
2, (246, 175, 131, 194, 130, 58, 82, 92)
2, (210, 177, 149, 219, 130, 55, 90, 91)
2, (197, 162, 169, 204, 122, 66, 133, 94)
2, (210, 162, 155, 169, 133, 61, 146, 110)
2, (190, 168, 164, 187, 130, 63, 142, 93)
2, (221, 150, 157, 182, 144, 72, 150, 89)
2, (248, 158, 146, 142, 141, 77, 148, 91)
2, (277, 152, 122, 158, 154, 67, 118, 103)
2, (285, 147, 117, 176, 136, 69, 101, 93)
2, (346, 141, 122, 166, 128, 70, 103, 92)
2, (335, 144, 127, 179, 118, 63, 90, 87)
2, (333, 129, 121, 184, 121, 58, 91, 100)
2, (323, 141, 119, 169, 120, 58, 81, 84)
2, (320, 156, 131, 154, 117, 58, 92, 80)
2, (256, 161, 133, 154, 102, 58, 93, 78)
2, (260, 157, 128, 139, 122, 59, 102, 79)
2, (242, 166, 116, 134, 136, 69, 125, 79)
2, (210, 158, 117, 140, 131, 66, 125, 77)
2, (180, 146, 102, 131, 123, 63, 115, 77)
2, (223, 131, 117, 116, 129, 66, 115, 75)
2, (231, 129, 139, 183, 118, 66, 108, 90)
2, (224, 120, 149, 180, 119, 60, 77, 82)
2, (242, 129, 153, 185, 134, 61, 88, 86)
2, (225, 112, 144, 171, 100, 53, 107, 76)
2, (295, 143, 169, 204, 142, 62, 93, 85)
2, (232, 129, 142, 170, 129, 56, 105, 78)
2, (305, 148, 164, 211, 143, 62, 103, 92)
2, (240, 160, 139, 136, 129, 64, 109, 84)
2, (296, 178, 153, 170, 134, 65, 113, 95)
2, (246, 164, 151, 148, 132, 67, 122, 92)
2, (300, 187, 143, 164, 146, 64, 116, 93)
2, (284, 179, 160, 166, 134, 69, 126, 92)
3, (309, 143, 172, 150, 152, 68, 120, 102)
3, (314, 140, 178, 144, 98, 65, 120, 120)
3, (374, 157, 167, 165, 98, 56, 125, 117)
3, (331, 148, 148, 154, 119, 43, 105, 117)
3, (306, 142, 163, 155, 110, 57, 125, 131)
3, (342, 155, 170, 162, 108, 51, 125, 126)
3, (346, 151, 162, 166, 120, 54, 124, 111)
3, (291, 134, 161, 130, 111, 55, 113, 101)
3, (289, 124, 158, 139, 97, 61, 107, 96)
3, (283, 126, 143, 152, 95, 48, 91, 77)
3, (230, 136, 114, 124, 101, 67, 121, 88)
3, (231, 141, 126, 117, 133, 69, 124, 100)
3, (222, 167, 129, 126, 160, 73, 119, 99)
3, (274, 187, 132, 122, 160, 70, 120, 99)
3, (272, 188, 135, 105, 162, 82, 127, 101)
3, (267, 175, 160, 111, 164, 74, 115, 110)
3, (278, 173, 147, 112, 135, 75, 114, 99)
3, (304, 153, 140, 108, 103, 68, 112, 94)
3, (267, 131, 142, 112, 105, 67, 111, 98)
3, (265, 140, 145, 119, 132, 57, 98, 112)
3, (292, 145, 146, 136, 126, 56, 86, 99)
3, (271, 148, 150, 156, 124, 52, 87, 95)
3, (238, 154, 168, 181, 122, 57, 101, 98)
3, (221, 148, 175, 180, 124, 61, 111, 104)
3, (213, 138, 165, 191, 140, 57, 117, 96)
3, (192, 125, 149, 178, 142, 53, 113, 96)
3, (255, 141, 151, 162, 138, 55, 117, 103)
3, (291, 140, 147, 169, 145, 51, 110, 100)
3, (326, 148, 136, 174, 144, 51, 114, 93)
3, (328, 150, 151, 167, 116, 54, 116, 100)
3, (362, 174, 152, 178, 114, 53, 112, 97)
3, (325, 150, 153, 176, 118, 56, 113, 86)
3, (290, 139, 140, 143, 148, 60, 111, 85)
3, (265, 149, 133, 144, 159, 58, 111, 92)
3, (261, 147, 131, 133, 147, 57, 95, 70)
3, (207, 121, 147, 114, 154, 64, 121, 76)
3, (201, 130, 156, 132, 172, 70, 135, 81)
3, (232, 129, 204, 151, 163, 70, 134, 89)
3, (253, 144, 231, 146, 140, 69, 125, 75)
3, (253, 160, 225, 155, 140, 74, 145, 83)
3, (265, 165, 211, 165, 139, 69, 135, 85)
3, (268, 166, 220, 184, 143, 65, 120, 85)
3, (245, 171, 190, 174, 120, 60, 123, 76)
3, (212, 141, 158, 191, 129, 65, 121, 81)
3, (215, 122, 165, 191, 138, 59, 107, 103)
3, (206, 144, 158, 187, 133, 59, 113, 99)
3, (206, 152, 151, 159, 111, 52, 108, 94)
3, (223, 152, 155, 164, 119, 60, 112, 98)
3, (253, 155, 158, 148, 110, 61, 132, 107)
3, (279, 155, 156, 147, 104, 73, 137, 91)
3, (294, 136, 156, 145, 108, 73, 124, 90)
3, (297, 120, 137, 175, 135, 79, 122, 92)
3, (292, 146, 117, 171, 131, 77, 125, 90)
3, (263, 158, 137, 183, 137, 76, 143, 78)
3, (295, 170, 129, 204, 138, 78, 140, 65)
3, (282, 171, 130, 203, 144, 75, 136, 61)
3, (265, 173, 127, 172, 116, 70, 141, 62)
3, (261, 155, 130, 204, 113, 65, 138, 78)
3, (300, 144, 112, 184, 109, 61, 95, 73)
3, (246, 123, 119, 158, 109, 44, 81, 72)
4, (224, 146, 186, 104, 136, 63, 118, 86)
4, (232, 130, 215, 130, 133, 61, 121, 111)
4, (222, 126, 202, 128, 126, 66, 140, 111)
4, (237, 128, 186, 125, 135, 63, 130, 109)
4, (249, 136, 183, 130, 131, 56, 122, 113)
4, (280, 133, 179, 137, 137, 50, 133, 122)
4, (274, 137, 138, 134, 130, 51, 133, 104)
4, (256, 135, 147, 131, 119, 46, 110, 108)
4, (246, 130, 177, 146, 122, 50, 127, 120)
4, (275, 128, 169, 139, 120, 52, 124, 119)
4, (265, 133, 170, 140, 104, 55, 109, 104)
4, (263, 137, 179, 125, 106, 52, 104, 112)
4, (275, 146, 184, 134, 128, 54, 109, 113)
4, (295, 163, 170, 128, 124, 50, 92, 100)
4, (253, 145, 151, 139, 128, 49, 90, 99)
4, (252, 134, 157, 141, 122, 48, 91, 106)
4, (252, 136, 152, 149, 133, 60, 86, 106)
4, (242, 139, 144, 141, 147, 62, 77, 95)
4, (222, 129, 119, 133, 137, 63, 79, 105)
4, (220, 138, 117, 129, 135, 76, 96, 125)
4, (206, 141, 130, 140, 136, 78, 108, 122)
4, (226, 136, 118, 146, 130, 70, 109, 111)
4, (226, 117, 118, 154, 115, 63, 105, 111)
4, (252, 112, 119, 156, 114, 62, 103, 114)
4, (263, 111, 120, 150, 113, 48, 97, 91)
4, (280, 122, 102, 142, 121, 56, 86, 83)
4, (260, 128, 116, 130, 159, 58, 86, 83)
4, (253, 130, 126, 141, 152, 68, 103, 105)
4, (289, 146, 156, 150, 155, 75, 123, 97)
4, (323, 155, 156, 148, 160, 71, 118, 96)
5, (252, 130, 179, 164, 107, 61, 96, 83)
5, (241, 118, 217, 167, 95, 57, 90, 81)
5, (235, 128, 223, 185, 102, 58, 101, 86)
5, (230, 124, 219, 175, 103, 59, 96, 82)
5, (238, 133, 222, 179, 114, 59, 91, 82)
5, (234, 134, 225, 150, 113, 66, 105, 83)
5, (244, 138, 162, 165, 107, 62, 111, 84)
5, (236, 123, 150, 126, 101, 57, 107, 109)
5, (215, 122, 163, 125, 113, 66, 107, 109)
5, (201, 108, 156, 122, 117, 61, 103, 108)
5, (172, 102, 131, 126, 112, 59, 89, 110)
5, (190, 109, 133, 107, 115, 61, 93, 130)
5, (202, 116, 141, 106, 116, 59, 85, 106)
5, (206, 112, 172, 113, 109, 49, 82, 97)
5, (224, 118, 172, 101, 114, 53, 85, 102)
5, (221, 116, 170, 100, 112, 46, 98, 108)
5, (215, 142, 169, 92, 111, 44, 89, 88)
5, (185, 149, 174, 131, 128, 54, 100, 96)
5, (197, 150, 139, 120, 141, 55, 100, 98)
5, (185, 154, 165, 123, 126, 48, 110, 110)
5, (198, 162, 178, 119, 131, 61, 121, 113)
5, (192, 130, 177, 124, 132, 62, 121, 112)
5, (263, 132, 159, 93, 122, 53, 110, 116)
5, (258, 134, 168, 99, 106, 57, 115, 112)
5, (281, 126, 157, 111, 122, 60, 108, 103)
5, (271, 137, 155, 123, 113, 52, 102, 96)
5, (265, 135, 164, 122, 109, 47, 108, 109)
5, (199, 120, 186, 120, 118, 49, 110, 104)
5, (205, 116, 177, 119, 115, 48, 108, 111)
5, (190, 132, 178, 119, 91, 48, 102, 115)
5, (188, 114, 177, 116, 91, 45, 82, 119)
5, (223, 114, 179, 114, 95, 50, 79, 116)
5, (258, 116, 163, 109, 80, 51, 80, 112)
5, (257, 128, 152, 105, 89, 50, 89, 126)
5, (263, 131, 148, 92, 104, 50, 93, 117)
5, (331, 149, 140, 91, 113, 52, 98, 118)
5, (296, 148, 164, 104, 115, 48, 93, 121)
5, (289, 157, 180, 102, 118, 50, 100, 121)
5, (283, 152, 180, 100, 117, 51, 91, 104)
5, (268, 139, 180, 104, 112, 49, 92, 110)
5, (267, 142, 191, 125, 116, 53, 89, 103)
5, (283, 139, 165, 128, 116, 50, 88, 86)
5, (266, 134, 160, 155, 110, 53, 89, 113)
5, (275, 130, 166, 155, 114, 59, 110, 113)
5, (308, 133, 167, 151, 121, 61, 130, 113)
5, (242, 105, 153, 150, 109, 55, 135, 122)
5, (229, 103, 149, 141, 109, 58, 137, 130)
5, (236, 118, 136, 115, 121, 56, 134, 109)
5, (269, 125, 146, 120, 129, 47, 118, 111)
5, (219, 123, 154, 128, 117, 53, 108, 103)
5, (222, 136, 186, 100, 126, 60, 119, 89)
