0, (269, 431, 184, 224, 118, 96, 108, 331)
0, (231, 418, 217, 240, 118, 98, 111, 282)
0, (233, 407, 252, 232, 115, 98, 113, 279)
0, (244, 428, 251, 237, 131, 110, 129, 341)
0, (235, 389, 243, 245, 115, 120, 121, 260)
0, (241, 414, 250, 215, 111, 115, 122, 248)
0, (225, 396, 226, 200, 111, 115, 123, 301)
0, (238, 358, 209, 200, 115, 127, 137, 313)
0, (256, 324, 216, 170, 101, 122, 148, 252)
0, (246, 302, 238, 177, 111, 105, 152, 261)
0, (261, 299, 254, 162, 110, 105, 157, 350)
0, (277, 304, 246, 145, 100, 102, 153, 321)
0, (282, 337, 230, 147, 94, 86, 139, 305)
0, (260, 365, 230, 149, 89, 79, 130, 354)
0, (270, 394, 211, 144, 79, 81, 127, 425)
0, (222, 372, 185, 158, 84, 86, 115, 367)
0, (231, 386, 195, 145, 92, 93, 137, 355)
0, (219, 374, 210, 153, 89, 92, 149, 374)
0, (282, 360, 220, 162, 88, 103, 139, 351)
0, (272, 414, 222, 151, 90, 93, 145, 269)
0, (289, 418, 231, 148, 80, 87, 145, 253)
0, (283, 391, 225, 159, 70, 80, 123, 247)
0, (283, 393, 226, 145, 79, 83, 130, 218)
0, (242, 428, 227, 132, 78, 84, 154, 215)
0, (238, 347, 223, 131, 77, 72, 143, 182)
0, (225, 338, 212, 120, 74, 70, 141, 174)
0, (206, 344, 205, 114, 71, 68, 138, 172)
0, (207, 322, 185, 116, 63, 95, 126, 165)
0, (175, 229, 160, 118, 67, 88, 119, 86)
0, (171, 237, 165, 133, 68, 90, 117, 71)
0, (164, 245, 141, 130, 75, 91, 130, 68)
0, (176, 239, 128, 125, 77, 91, 134, 69)
0, (152, 237, 131, 125, 79, 85, 121, 97)
0, (167, 230, 131, 124, 80, 81, 109, 103)
0, (158, 211, 133, 92, 83, 81, 107, 106)
0, (164, 186, 142, 89, 91, 83, 96, 103)
0, (152, 259, 171, 80, 91, 89, 104, 101)
0, (171, 269, 173, 74, 88, 95, 138, 96)
0, (152, 268, 169, 61, 92, 98, 124, 85)
0, (151, 295, 165, 61, 92, 98, 125, 83)
0, (144, 333, 166, 62, 80, 95, 121, 84)
0, (164, 303, 146, 62, 78, 91, 118, 83)
0, (146, 314, 150, 61, 78, 63, 81, 53)
0, (154, 322, 149, 66, 77, 58, 80, 52)
0, (179, 310, 142, 67, 79, 54, 80, 53)
0, (179, 291, 128, 65, 75, 55, 94, 51)
0, (145, 283, 123, 63, 77, 57, 91, 48)
0, (156, 259, 98, 63, 81, 71, 92, 45)
0, (156, 274, 103, 61, 73, 72, 90, 46)
0, (148, 268, 104, 55, 59, 75, 97, 41)
0, (150, 238, 114, 63, 64, 74, 88, 42)
0, (151, 232, 138, 65, 63, 71, 82, 42)
0, (149, 233, 134, 81, 62, 54, 75, 42)
0, (164, 226, 151, 78, 70, 48, 92, 40)
0, (167, 286, 150, 76, 77, 42, 83, 41)
0, (170, 277, 148, 70, 74, 43, 83, 43)
0, (177, 260, 118, 71, 78, 43, 91, 46)
0, (198, 304, 145, 53, 76, 66, 95, 52)
0, (192, 320, 135, 53, 65, 72, 77, 51)
0, (182, 290, 132, 54, 59, 77, 83, 51)
0, (176, 319, 124, 63, 72, 81, 89, 51)
0, (182, 340, 142, 61, 87, 85, 84, 49)
0, (176, 307, 120, 58, 87, 64, 86, 43)
0, (208, 365, 112, 58, 87, 93, 116, 51)
0, (207, 347, 112, 63, 87, 94, 122, 51)
0, (222, 314, 117, 60, 81, 94, 123, 49)
0, (220, 329, 101, 60, 60, 92, 123, 52)
0, (214, 377, 108, 63, 59, 96, 122, 55)
0, (173, 310, 105, 70, 64, 64, 97, 51)
0, (202, 332, 103, 120, 99, 59, 95, 51)
0, (206, 333, 105, 130, 116, 58, 86, 51)
0, (196, 340, 103, 136, 118, 55, 84, 47)
0, (186, 327, 94, 139, 116, 51, 78, 41)
1, (199, 309, 92, 141, 112, 48, 98, 43)
1, (172, 305, 96, 101, 103, 52, 92, 41)
1, (212, 391, 128, 86, 80, 45, 93, 47)
1, (212, 373, 124, 75, 77, 46, 98, 50)
1, (216, 378, 126, 70, 79, 51, 111, 52)
1, (208, 385, 131, 67, 85, 65, 100, 50)
1, (214, 396, 156, 64, 70, 68, 107, 61)
1, (194, 315, 157, 79, 74, 73, 112, 63)
1, (216, 305, 174, 83, 74, 72, 114, 63)
1, (216, 269, 177, 82, 74, 89, 141, 69)
1, (227, 317, 175, 80, 73, 81, 146, 71)
1, (227, 299, 152, 93, 62, 75, 154, 87)
1, (210, 293, 120, 125, 68, 77, 162, 92)
1, (187, 301, 116, 153, 71, 81, 167, 91)
1, (195, 308, 124, 162, 86, 78, 145, 99)
1, (205, 244, 118, 184, 91, 85, 160, 110)
1, (198, 242, 138, 183, 92, 85, 159, 104)
1, (203, 256, 146, 158, 83, 80, 146, 105)
2, (209, 261, 141, 138, 80, 78, 147, 110)
2, (229, 266, 155, 141, 75, 57, 146, 102)
2, (231, 299, 176, 120, 72, 54, 124, 133)
2, (225, 361, 170, 114, 69, 89, 121, 131)
2, (213, 382, 179, 113, 70, 93, 126, 125)
2, (223, 404, 200, 115, 76, 91, 118, 125)
2, (191, 418, 181, 101, 86, 95, 104, 127)
2, (175, 416, 204, 135, 87, 99, 142, 79)
2, (210, 407, 216, 155, 89, 93, 133, 97)
2, (221, 399, 219, 164, 90, 91, 131, 112)
2, (220, 380, 201, 161, 92, 95, 134, 108)
2, (233, 351, 207, 164, 75, 93, 144, 108)
2, (228, 384, 176, 130, 67, 84, 115, 131)
2, (214, 355, 162, 108, 64, 59, 119, 118)
2, (208, 337, 155, 98, 64, 62, 130, 105)
2, (200, 352, 145, 103, 64, 60, 130, 113)
2, (184, 380, 138, 112, 66, 59, 127, 113)
2, (176, 366, 147, 116, 67, 53, 116, 83)
2, (175, 374, 151, 114, 67, 52, 110, 73)
2, (195, 368, 141, 117, 69, 46, 92, 80)
2, (193, 372, 148, 129, 70, 42, 94, 101)
2, (203, 280, 128, 150, 87, 55, 99, 164)
2, (186, 347, 153, 120, 73, 40, 98, 104)
2, (202, 288, 131, 155, 76, 50, 97, 181)
2, (195, 333, 171, 124, 78, 43, 104, 104)
2, (248, 315, 149, 164, 72, 52, 88, 144)
2, (200, 329, 182, 126, 90, 40, 99, 107)
2, (233, 291, 158, 139, 83, 57, 87, 130)
2, (190, 350, 182, 126, 93, 44, 109, 102)
2, (221, 291, 167, 153, 84, 53, 71, 121)
2, (188, 313, 179, 115, 86, 49, 100, 108)
2, (211, 271, 190, 158, 79, 49, 73, 122)
2, (207, 331, 181, 137, 104, 52, 94, 107)
2, (221, 283, 204, 140, 80, 50, 75, 110)
2, (220, 349, 168, 141, 106, 53, 84, 110)
2, (191, 263, 205, 171, 97, 53, 76, 112)
2, (214, 319, 152, 144, 97, 52, 88, 108)
2, (181, 265, 195, 186, 91, 53, 87, 118)
2, (197, 332, 147, 139, 91, 48, 79, 127)
2, (173, 292, 189, 188, 94, 56, 112, 113)
2, (210, 346, 147, 132, 90, 42, 79, 111)
2, (191, 375, 196, 195, 95, 58, 115, 134)
2, (199, 358, 158, 115, 69, 43, 84, 105)
2, (204, 387, 183, 195, 93, 59, 112, 124)
2, (220, 318, 137, 115, 67, 44, 84, 105)
2, (202, 401, 170, 158, 73, 65, 140, 128)
2, (210, 364, 163, 114, 68, 56, 100, 111)
2, (202, 406, 174, 154, 69, 60, 133, 115)
2, (206, 398, 179, 113, 69, 73, 106, 98)
2, (218, 389, 174, 178, 72, 61, 116, 117)
2, (212, 451, 184, 114, 79, 81, 103, 102)
2, (213, 319, 146, 171, 81, 61, 113, 117)
2, (221, 427, 188, 115, 80, 81, 101, 112)
2, (197, 290, 155, 179, 80, 64, 119, 111)
2, (175, 434, 213, 112, 85, 87, 103, 111)
2, (210, 311, 176, 192, 91, 56, 84, 110)
2, (188, 425, 193, 129, 89, 82, 83, 111)
2, (217, 333, 202, 190, 108, 63, 95, 117)
2, (207, 405, 184, 133, 92, 69, 83, 118)
2, (207, 333, 199, 167, 110, 63, 105, 133)
2, (190, 345, 184, 149, 93, 63, 87, 106)
2, (206, 316, 195, 193, 110, 65, 105, 112)
2, (184, 347, 193, 167, 86, 63, 98, 101)
2, (212, 312, 196, 198, 118, 65, 100, 111)
2, (205, 362, 182, 188, 83, 55, 96, 103)
2, (173, 271, 190, 201, 118, 75, 109, 110)
2, (237, 347, 189, 185, 84, 57, 98, 110)
2, (189, 254, 174, 215, 108, 77, 100, 138)
2, (239, 320, 199, 206, 88, 67, 90, 129)
2, (231, 264, 185, 210, 103, 78, 87, 128)
2, (230, 311, 210, 210, 95, 77, 99, 128)
2, (240, 301, 197, 205, 101, 79, 86, 127)
3, (257, 372, 186, 182, 86, 77, 155, 241)
3, (248, 399, 177, 178, 93, 73, 156, 224)
3, (242, 342, 161, 184, 99, 72, 158, 224)
3, (252, 326, 153, 187, 82, 60, 141, 225)
3, (208, 355, 169, 195, 94, 56, 123, 230)
3, (246, 345, 156, 186, 90, 55, 121, 209)
3, (225, 314, 171, 191, 83, 58, 117, 210)
3, (221, 309, 180, 193, 81, 61, 103, 218)
3, (218, 311, 205, 190, 83, 65, 108, 155)
3, (226, 349, 206, 171, 76, 65, 119, 135)
3, (224, 306, 213, 178, 79, 65, 121, 157)
3, (220, 302, 202, 160, 83, 63, 112, 164)
3, (215, 313, 200, 164, 88, 60, 110, 142)
3, (217, 327, 198, 165, 92, 56, 104, 146)
3, (200, 307, 200, 183, 87, 51, 92, 144)
3, (173, 329, 211, 235, 84, 54, 94, 143)
3, (171, 363, 211, 246, 92, 52, 89, 121)
3, (192, 382, 211, 231, 84, 49, 100, 123)
3, (202, 390, 202, 230, 76, 48, 111, 131)
3, (206, 373, 192, 236, 77, 52, 127, 137)
3, (182, 354, 163, 185, 73, 57, 145, 109)
3, (187, 341, 187, 176, 61, 55, 146, 109)
3, (181, 340, 216, 181, 69, 55, 140, 106)
3, (163, 328, 203, 174, 77, 58, 132, 123)
3, (168, 302, 198, 148, 78, 64, 122, 124)
3, (184, 321, 200, 135, 85, 58, 83, 125)
3, (165, 349, 188, 145, 80, 62, 94, 130)
3, (164, 340, 166, 139, 71, 61, 98, 131)
3, (165, 353, 190, 187, 73, 59, 102, 126)
3, (159, 372, 221, 200, 70, 55, 92, 119)
3, (184, 409, 256, 193, 74, 63, 104, 122)
3, (196, 384, 254, 185, 77, 62, 93, 123)
3, (186, 357, 243, 202, 82, 65, 94, 128)
3, (185, 363, 233, 181, 81, 68, 97, 102)
3, (212, 350, 216, 180, 87, 64, 100, 98)
3, (196, 306, 216, 208, 84, 57, 89, 107)
3, (195, 305, 239, 203, 84, 59, 106, 111)
3, (197, 323, 248, 196, 86, 59, 105, 120)
3, (198, 348, 243, 176, 78, 54, 102, 116)
3, (175, 339, 232, 179, 84, 57, 105, 122)
3, (158, 318, 187, 145, 88, 57, 113, 156)
3, (179, 325, 140, 172, 88, 52, 97, 164)
3, (197, 322, 124, 161, 84, 53, 100, 161)
4, (218, 289, 152, 156, 99, 89, 167, 280)
4, (204, 294, 173, 156, 110, 98, 191, 301)
4, (193, 334, 170, 156, 104, 89, 163, 303)
4, (208, 323, 181, 164, 100, 92, 161, 307)
4, (209, 378, 192, 164, 100, 94, 169, 302)
4, (206, 418, 200, 154, 90, 83, 165, 233)
4, (203, 437, 202, 152, 72, 68, 141, 267)
4, (194, 408, 204, 153, 68, 67, 143, 300)
4, (196, 442, 225, 155, 74, 66, 148, 333)
4, (199, 396, 235, 154, 84, 68, 139, 328)
4, (224, 372, 224, 159, 91, 62, 132, 358)
4, (220, 362, 206, 169, 101, 67, 134, 299)
4, (237, 354, 202, 171, 110, 66, 128, 258)
4, (217, 298, 195, 197, 110, 66, 117, 210)
4, (231, 305, 221, 212, 103, 72, 128, 288)
4, (205, 303, 228, 201, 93, 65, 107, 240)
4, (206, 289, 241, 213, 90, 60, 99, 239)
4, (199, 309, 252, 248, 81, 63, 104, 252)
4, (242, 311, 228, 219, 76, 70, 127, 256)
4, (251, 319, 200, 212, 76, 61, 115, 228)
4, (250, 305, 186, 205, 80, 65, 138, 231)
4, (265, 302, 165, 186, 71, 64, 136, 233)
4, (295, 272, 153, 142, 67, 69, 144, 234)
4, (272, 341, 170, 157, 66, 62, 133, 230)
4, (236, 335, 152, 164, 83, 73, 149, 217)
4, (273, 320, 155, 167, 81, 76, 149, 227)
5, (184, 258, 194, 167, 109, 58, 155, 299)
5, (154, 311, 179, 170, 101, 54, 147, 320)
5, (196, 300, 169, 174, 96, 53, 128, 241)
5, (208, 298, 164, 156, 83, 76, 153, 316)
5, (230, 310, 133, 142, 78, 75, 142, 303)
5, (239, 315, 128, 150, 81, 79, 136, 302)
5, (293, 254, 124, 158, 84, 78, 128, 319)
5, (290, 296, 134, 165, 98, 84, 140, 371)
5, (297, 308, 145, 165, 105, 70, 115, 312)
5, (307, 274, 143, 205, 102, 75, 125, 317)
5, (312, 289, 160, 203, 98, 80, 149, 335)
5, (258, 271, 169, 203, 105, 89, 162, 305)
5, (243, 298, 178, 220, 116, 105, 179, 317)
5, (213, 297, 181, 263, 114, 104, 200, 332)
5, (191, 302, 192, 235, 116, 101, 192, 331)
5, (176, 268, 185, 231, 120, 94, 178, 320)
5, (176, 274, 179, 254, 117, 88, 175, 380)
5, (192, 337, 195, 246, 99, 67, 149, 322)
5, (234, 355, 189, 184, 99, 64, 122, 316)
5, (231, 369, 203, 202, 104, 66, 130, 320)
5, (242, 382, 204, 223, 100, 67, 123, 451)
5, (256, 483, 239, 212, 96, 61, 114, 385)
5, (248, 447, 256, 252, 111, 60, 107, 366)
5, (243, 446, 263, 252, 110, 66, 101, 360)
5, (233, 433, 257, 237, 96, 68, 120, 406)
5, (252, 458, 258, 253, 106, 66, 118, 263)
5, (253, 359, 238, 243, 116, 70, 115, 254)
5, (256, 324, 224, 188, 103, 68, 116, 261)
5, (247, 306, 238, 186, 102, 64, 126, 254)
5, (244, 366, 220, 178, 103, 55, 97, 210)
5, (208, 354, 220, 131, 93, 57, 96, 185)
5, (208, 343, 217, 112, 73, 56, 106, 183)
5, (255, 319, 203, 120, 72, 79, 130, 200)
5, (244, 321, 167, 158, 68, 76, 128, 224)
5, (240, 268, 191, 187, 72, 90, 154, 309)
5, (261, 250, 204, 189, 70, 93, 165, 311)
5, (290, 276, 203, 195, 79, 106, 182, 321)
5, (251, 340, 192, 190, 77, 86, 159, 330)
5, (264, 341, 189, 165, 75, 90, 155, 330)
5, (278, 341, 181, 143, 84, 89, 170, 222)
5, (262, 357, 162, 136, 90, 85, 169, 224)
5, (223, 342, 146, 124, 87, 66, 142, 230)
