0, (151, 252, 127, 104, 73, 89, 188, 129)
0, (138, 245, 145, 84, 73, 94, 192, 176)
0, (155, 249, 148, 85, 73, 94, 193, 181)
0, (131, 276, 150, 90, 65, 90, 188, 189)
0, (145, 282, 150, 91, 54, 114, 264, 185)
0, (137, 265, 132, 96, 64, 106, 267, 200)
0, (131, 257, 162, 95, 90, 105, 283, 146)
0, (112, 260, 184, 106, 94, 106, 277, 129)
0, (123, 265, 208, 103, 92, 105, 276, 118)
0, (121, 241, 226, 95, 91, 74, 232, 112)
0, (135, 233, 225, 88, 81, 64, 229, 133)
0, (143, 230, 185, 113, 56, 62, 199, 148)
0, (148, 228, 161, 106, 51, 64, 205, 147)
0, (135, 188, 150, 106, 53, 79, 250, 158)
0, (118, 178, 126, 107, 54, 84, 244, 159)
0, (105, 190, 130, 105, 69, 91, 235, 116)
0, (93, 234, 135, 91, 70, 87, 233, 89)
0, (85, 209, 135, 85, 71, 87, 227, 90)
0, (99, 216, 108, 82, 74, 71, 164, 63)
0, (106, 220, 105, 78, 77, 57, 122, 48)
0, (112, 204, 100, 77, 67, 49, 123, 40)
0, (113, 238, 93, 55, 60, 47, 122, 39)
0, (122, 238, 100, 52, 60, 44, 111, 42)
0, (122, 319, 110, 47, 56, 43, 97, 46)
0, (153, 357, 161, 46, 52, 43, 101, 57)
0, (163, 399, 173, 47, 45, 37, 69, 60)
0, (186, 363, 177, 60, 70, 44, 67, 62)
0, (184, 381, 169, 58, 78, 51, 92, 61)
0, (173, 330, 167, 63, 79, 53, 100, 58)
0, (143, 292, 145, 65, 78, 55, 98, 48)
0, (132, 244, 129, 65, 87, 62, 115, 54)
0, (105, 247, 117, 66, 82, 59, 114, 54)
0, (111, 287, 119, 73, 88, 69, 144, 60)
0, (117, 266, 111, 74, 91, 74, 149, 78)
0, (122, 268, 96, 83, 93, 75, 147, 80)
0, (134, 275, 91, 86, 92, 79, 144, 77)
0, (135, 299, 90, 78, 80, 81, 155, 79)
0, (126, 230, 87, 74, 69, 71, 117, 73)
0, (125, 241, 97, 92, 67, 63, 113, 54)
0, (127, 229, 82, 86, 64, 61, 115, 56)
0, (134, 227, 79, 82, 56, 54, 116, 60)
0, (144, 211, 84, 83, 59, 53, 122, 90)
0, (146, 204, 90, 84, 61, 57, 134, 99)
0, (146, 204, 87, 56, 79, 72, 150, 104)
0, (144, 216, 79, 57, 77, 72, 152, 102)
0, (121, 233, 87, 57, 78, 76, 174, 105)
0, (115, 206, 87, 56, 76, 75, 163, 82)
0, (140, 212, 84, 53, 78, 74, 169, 75)
0, (145, 202, 78, 55, 64, 62, 159, 69)
0, (151, 240, 81, 50, 71, 61, 157, 69)
0, (151, 255, 80, 49, 74, 56, 126, 58)
0, (138, 250, 74, 47, 74, 57, 139, 53)
0, (122, 256, 72, 44, 68, 51, 119, 51)
0, (122, 260, 67, 43, 62, 48, 126, 51)
0, (149, 289, 70, 47, 60, 55, 135, 60)
0, (145, 250, 68, 47, 74, 60, 144, 63)
0, (159, 253, 74, 53, 75, 60, 149, 69)
0, (157, 252, 76, 54, 73, 63, 176, 64)
0, (152, 254, 85, 50, 74, 62, 162, 62)
0, (147, 216, 78, 51, 72, 57, 153, 58)
0, (162, 243, 74, 50, 56, 52, 151, 56)
0, (147, 242, 77, 49, 55, 51, 146, 56)
0, (149, 265, 74, 50, 61, 49, 123, 57)
0, (153, 271, 73, 54, 60, 52, 126, 60)
0, (133, 264, 74, 52, 59, 52, 127, 56)
0, (133, 238, 76, 54, 61, 47, 125, 57)
1, (148, 262, 75, 50, 69, 52, 114, 53)
1, (142, 251, 82, 53, 69, 50, 95, 57)
1, (149, 232, 95, 51, 66, 54, 119, 64)
1, (149, 213, 96, 57, 65, 58, 123, 67)
1, (177, 261, 99, 63, 64, 60, 121, 66)
1, (185, 255, 95, 67, 58, 57, 136, 72)
1, (185, 256, 99, 71, 57, 62, 138, 69)
1, (186, 261, 92, 70, 58, 55, 122, 67)
1, (180, 287, 102, 61, 64, 53, 132, 74)
1, (134, 256, 97, 60, 66, 56, 136, 76)
1, (133, 263, 100, 61, 65, 52, 126, 71)
1, (138, 300, 103, 60, 63, 47, 141, 75)
1, (138, 317, 100, 61, 67, 49, 136, 70)
1, (163, 279, 90, 67, 62, 50, 125, 58)
1, (181, 356, 95, 68, 55, 44, 125, 55)
1, (170, 354, 93, 70, 50, 44, 135, 51)
1, (165, 336, 83, 71, 51, 50, 126, 51)
1, (178, 337, 79, 71, 59, 56, 129, 53)
1, (157, 316, 81, 66, 60, 64, 111, 51)
1, (163, 314, 74, 58, 61, 57, 106, 56)
1, (140, 312, 77, 64, 51, 52, 101, 57)
2, (177, 347, 82, 74, 57, 59, 128, 55)
2, (160, 280, 79, 70, 56, 62, 126, 53)
2, (133, 328, 82, 57, 54, 48, 119, 53)
2, (137, 376, 92, 63, 61, 49, 132, 55)
2, (150, 334, 87, 65, 64, 48, 127, 61)
2, (142, 328, 92, 70, 68, 57, 149, 53)
2, (143, 310, 89, 65, 67, 60, 169, 55)
2, (133, 317, 82, 68, 67, 61, 156, 58)
2, (131, 233, 67, 58, 60, 62, 158, 64)
2, (124, 271, 78, 55, 55, 67, 167, 62)
2, (158, 281, 91, 75, 51, 58, 144, 71)
2, (198, 319, 94, 78, 52, 53, 122, 68)
2, (197, 308, 100, 79, 58, 68, 158, 71)
2, (204, 349, 109, 84, 65, 69, 162, 71)
2, (200, 321, 103, 84, 65, 65, 155, 72)
2, (180, 325, 92, 65, 66, 70, 165, 63)
2, (154, 329, 92, 69, 66, 72, 166, 70)
2, (148, 346, 88, 77, 63, 54, 139, 71)
2, (141, 309, 88, 82, 61, 52, 124, 66)
2, (191, 326, 85, 84, 57, 54, 121, 64)
2, (189, 341, 83, 85, 56, 48, 116, 65)
2, (175, 326, 81, 89, 56, 48, 128, 61)
2, (182, 313, 79, 84, 53, 57, 197, 64)
2, (203, 313, 80, 82, 57, 55, 193, 69)
2, (181, 321, 80, 79, 62, 56, 203, 77)
2, (203, 279, 78, 78, 55, 57, 231, 86)
2, (206, 280, 79, 72, 61, 64, 262, 93)
2, (203, 286, 80, 71, 63, 61, 253, 103)
2, (185, 330, 85, 83, 61, 61, 271, 121)
2, (176, 309, 92, 91, 57, 69, 286, 126)
2, (152, 310, 105, 102, 61, 68, 270, 120)
2, (146, 338, 106, 109, 55, 69, 285, 126)
2, (184, 327, 132, 117, 55, 68, 255, 178)
2, (190, 292, 143, 117, 59, 70, 248, 178)
2, (181, 315, 174, 134, 60, 65, 232, 190)
2, (187, 342, 193, 139, 72, 74, 282, 199)
2, (195, 305, 200, 134, 74, 70, 239, 194)
2, (185, 319, 191, 128, 71, 73, 281, 170)
2, (186, 317, 181, 122, 66, 71, 280, 161)
2, (205, 298, 155, 121, 70, 65, 270, 144)
2, (206, 254, 127, 116, 68, 58, 209, 136)
2, (244, 267, 125, 121, 69, 60, 273, 145)
2, (234, 257, 121, 136, 69, 58, 250, 132)
2, (232, 262, 121, 129, 70, 58, 243, 131)
2, (223, 267, 124, 115, 67, 70, 323, 130)
2, (215, 296, 136, 123, 54, 73, 339, 126)
2, (189, 340, 142, 128, 50, 70, 283, 118)
2, (189, 316, 146, 121, 51, 67, 270, 112)
2, (184, 308, 148, 131, 58, 76, 301, 114)
2, (171, 327, 151, 152, 63, 69, 224, 114)
2, (222, 314, 152, 156, 63, 63, 214, 194)
2, (211, 265, 159, 155, 62, 61, 224, 197)
2, (203, 328, 158, 158, 65, 64, 236, 204)
2, (200, 334, 170, 159, 58, 67, 239, 212)
2, (208, 326, 184, 149, 51, 66, 251, 211)
2, (154, 314, 177, 135, 53, 71, 243, 182)
2, (154, 327, 162, 136, 63, 73, 240, 227)
2, (189, 279, 162, 141, 81, 73, 226, 243)
2, (190, 274, 203, 168, 82, 69, 271, 241)
2, (199, 255, 194, 162, 83, 66, 256, 245)
2, (208, 262, 195, 165, 83, 63, 273, 228)
2, (202, 208, 192, 172, 79, 74, 296, 267)
2, (185, 212, 185, 163, 57, 80, 299, 262)
2, (190, 198, 155, 148, 52, 76, 223, 259)
2, (171, 208, 155, 157, 52, 81, 239, 260)
2, (171, 261, 224, 189, 60, 68, 223, 204)
2, (167, 223, 156, 162, 55, 88, 223, 317)
2, (171, 236, 250, 182, 64, 69, 228, 208)
2, (175, 256, 196, 168, 57, 79, 201, 257)
2, (161, 226, 247, 188, 64, 71, 233, 251)
2, (154, 238, 212, 175, 59, 72, 184, 231)
2, (154, 248, 250, 183, 62, 71, 237, 252)
3, (280, 277, 165, 142, 61, 77, 255, 250)
3, (291, 313, 163, 144, 64, 76, 254, 245)
3, (267, 298, 166, 150, 71, 92, 249, 244)
3, (258, 295, 174, 162, 85, 89, 184, 247)
3, (223, 288, 150, 134, 80, 96, 214, 256)
3, (225, 309, 149, 135, 81, 99, 218, 257)
3, (241, 284, 144, 178, 80, 102, 211, 338)
3, (234, 304, 152, 181, 80, 94, 217, 283)
3, (239, 335, 137, 178, 69, 91, 229, 277)
3, (227, 384, 176, 194, 70, 84, 216, 271)
3, (244, 357, 179, 226, 69, 86, 224, 306)
3, (208, 387, 195, 211, 77, 87, 246, 228)
3, (195, 381, 194, 204, 74, 89, 255, 208)
3, (194, 329, 189, 216, 65, 84, 240, 216)
3, (192, 279, 199, 228, 72, 88, 277, 309)
3, (168, 322, 190, 193, 74, 111, 360, 291)
3, (228, 294, 171, 169, 64, 107, 343, 272)
3, (223, 273, 171, 185, 74, 100, 340, 275)
3, (227, 275, 164, 166, 81, 104, 346, 266)
3, (226, 281, 121, 169, 78, 104, 331, 178)
3, (233, 236, 125, 171, 85, 70, 226, 139)
3, (190, 214, 155, 190, 86, 68, 230, 151)
3, (191, 231, 147, 173, 77, 66, 217, 151)
3, (223, 229, 150, 174, 79, 60, 200, 203)
3, (266, 211, 146, 145, 87, 64, 202, 270)
3, (257, 194, 164, 149, 89, 84, 285, 288)
3, (245, 205, 139, 121, 93, 90, 276, 288)
3, (260, 272, 143, 123, 94, 97, 285, 302)
3, (240, 269, 177, 153, 87, 99, 288, 292)
3, (192, 272, 197, 137, 76, 106, 282, 214)
3, (198, 301, 188, 163, 68, 90, 186, 204)
3, (193, 287, 215, 166, 65, 92, 229, 210)
3, (176, 232, 221, 171, 68, 89, 253, 244)
3, (173, 273, 197, 152, 73, 103, 274, 237)
3, (167, 263, 180, 153, 72, 90, 268, 243)
3, (151, 252, 173, 121, 69, 89, 272, 233)
3, (167, 303, 139, 152, 66, 83, 245, 227)
3, (172, 307, 134, 146, 60, 85, 210, 212)
3, (168, 272, 142, 160, 58, 66, 195, 193)
3, (166, 277, 209, 184, 59, 64, 230, 207)
4, (223, 338, 198, 152, 64, 61, 266, 223)
4, (221, 348, 194, 156, 67, 66, 265, 246)
4, (195, 275, 155, 174, 70, 67, 243, 227)
4, (240, 272, 155, 188, 68, 77, 251, 228)
4, (255, 285, 135, 183, 79, 91, 256, 273)
4, (248, 295, 147, 190, 98, 87, 212, 267)
4, (250, 291, 159, 179, 99, 81, 222, 250)
4, (264, 266, 153, 151, 95, 88, 234, 265)
4, (283, 291, 150, 183, 103, 93, 241, 302)
4, (264, 298, 164, 202, 97, 80, 233, 263)
4, (255, 321, 159, 195, 71, 83, 304, 244)
4, (257, 312, 152, 197, 68, 87, 306, 255)
4, (291, 333, 141, 197, 64, 77, 296, 316)
4, (223, 330, 154, 148, 58, 80, 335, 273)
4, (278, 308, 165, 151, 60, 82, 318, 255)
5, (169, 227, 123, 117, 68, 101, 189, 225)
5, (140, 251, 123, 89, 74, 105, 201, 255)
5, (145, 255, 124, 88, 84, 112, 219, 254)
5, (144, 226, 133, 83, 86, 109, 205, 253)
5, (153, 224, 136, 79, 83, 98, 223, 260)
5, (182, 204, 154, 107, 84, 88, 205, 271)
5, (165, 154, 147, 111, 83, 82, 209, 174)
5, (181, 184, 149, 113, 71, 72, 201, 256)
5, (171, 201, 139, 115, 65, 71, 222, 256)
5, (170, 226, 157, 120, 64, 79, 215, 249)
5, (179, 239, 129, 99, 77, 78, 205, 245)
5, (183, 265, 148, 101, 79, 78, 188, 242)
5, (179, 256, 175, 120, 78, 80, 193, 164)
5, (187, 240, 182, 138, 79, 82, 177, 217)
5, (207, 236, 162, 131, 80, 89, 265, 223)
5, (212, 270, 173, 128, 71, 94, 277, 207)
5, (206, 266, 165, 128, 66, 95, 278, 207)
5, (206, 260, 148, 176, 69, 100, 278, 201)
5, (201, 262, 133, 168, 68, 113, 300, 150)
5, (181, 287, 143, 177, 73, 103, 244, 240)
5, (149, 243, 132, 180, 68, 102, 260, 234)
5, (164, 233, 162, 215, 74, 105, 273, 232)
5, (150, 266, 142, 167, 72, 126, 308, 236)
5, (147, 266, 138, 157, 76, 115, 292, 231)
5, (172, 225, 139, 147, 65, 106, 284, 155)
5, (187, 223, 166, 161, 65, 105, 277, 201)
5, (177, 202, 140, 116, 70, 101, 266, 200)
5, (174, 147, 155, 117, 74, 80, 255, 195)
5, (190, 226, 159, 136, 69, 78, 243, 197)
5, (186, 234, 161, 133, 71, 82, 228, 200)
5, (166, 234, 139, 115, 76, 86, 210, 140)
5, (172, 242, 135, 127, 67, 89, 222, 151)
5, (198, 241, 132, 144, 61, 80, 209, 199)
5, (188, 210, 138, 130, 64, 84, 227, 204)
5, (174, 193, 142, 129, 68, 90, 229, 214)
5, (171, 194, 149, 128, 63, 85, 224, 217)
5, (165, 201, 159, 112, 63, 89, 254, 218)
5, (147, 228, 153, 95, 63, 93, 229, 179)
5, (193, 205, 145, 92, 60, 101, 233, 264)
5, (207, 215, 151, 124, 57, 104, 254, 245)
5, (208, 224, 159, 130, 61, 104, 255, 248)
5, (215, 243, 150, 135, 66, 100, 216, 255)
5, (208, 216, 158, 143, 69, 97, 245, 274)
5, (184, 219, 160, 143, 71, 90, 271, 206)
5, (165, 224, 145, 117, 66, 79, 247, 218)
5, (168, 281, 142, 120, 71, 79, 249, 224)
5, (181, 273, 154, 111, 63, 76, 261, 227)
5, (199, 275, 156, 111, 64, 74, 255, 214)
5, (184, 262, 165, 122, 80, 67, 222, 191)
5, (181, 291, 168, 139, 84, 66, 230, 168)
5, (203, 244, 156, 156, 79, 70, 234, 156)
5, (202, 248, 145, 156, 79, 71, 222, 233)
5, (184, 292, 142, 165, 95, 104, 243, 227)
5, (192, 299, 150, 169, 84, 113, 257, 247)
5, (196, 283, 140, 156, 81, 111, 273, 324)
5, (177, 270, 139, 133, 80, 108, 269, 336)
5, (157, 283, 165, 139, 80, 106, 262, 276)
5, (176, 273, 159, 105, 52, 77, 254, 274)
5, (181, 271, 144, 86, 48, 75, 233, 284)
5, (201, 276, 143, 100, 55, 72, 188, 196)
5, (241, 294, 139, 99, 71, 71, 220, 196)
5, (242, 273, 101, 108, 71, 83, 234, 200)
5, (251, 267, 119, 121, 71, 82, 243, 235)
5, (268, 274, 126, 142, 77, 77, 252, 226)
5, (249, 303, 176, 140, 83, 87, 277, 223)
5, (216, 301, 190, 161, 72, 88, 262, 207)
5, (215, 314, 193, 175, 72, 85, 261, 283)
5, (201, 292, 181, 189, 77, 85, 244, 253)
5, (171, 278, 175, 184, 77, 79, 232, 248)
5, (178, 218, 140, 188, 67, 73, 215, 249)
5, (190, 232, 126, 170, 66, 74, 221, 310)
5, (216, 202, 156, 156, 78, 73, 221, 243)
5, (222, 240, 155, 139, 85, 73, 197, 251)
5, (221, 270, 163, 142, 79, 76, 207, 242)
5, (222, 264, 173, 148, 85, 75, 201, 264)
5, (205, 269, 170, 154, 85, 91, 202, 189)
5, (176, 267, 151, 151, 75, 86, 187, 184)
5, (175, 246, 150, 151, 71, 95, 208, 221)
5, (207, 265, 146, 131, 74, 94, 216, 251)
5, (210, 310, 127, 122, 72, 99, 218, 235)
5, (206, 278, 156, 127, 84, 91, 208, 230)
5, (210, 298, 147, 118, 85, 94, 248, 254)
5, (210, 285, 149, 111, 79, 91, 290, 240)
5, (192, 256, 143, 127, 82, 121, 349, 221)
5, (192, 214, 145, 119, 81, 119, 367, 211)
5, (236, 250, 116, 104, 68, 114, 363, 214)
5, (272, 237, 116, 109, 71, 113, 348, 206)
5, (275, 254, 125, 126, 74, 119, 317, 230)
5, (266, 300, 135, 117, 76, 90, 237, 210)
5, (256, 336, 148, 120, 70, 88, 210, 211)
5, (252, 310, 158, 131, 72, 87, 240, 222)
5, (262, 300, 168, 155, 66, 91, 266, 283)
5, (252, 287, 169, 154, 61, 71, 248, 235)
5, (270, 331, 212, 165, 57, 65, 270, 254)
5, (282, 304, 202, 163, 57, 63, 269, 263)
5, (257, 322, 206, 164, 52, 59, 258, 269)
