0, (246, 246, 196, 162, 117, 76, 119, 193)
0, (247, 261, 218, 170, 111, 82, 137, 186)
0, (235, 287, 232, 173, 110, 76, 140, 184)
0, (250, 292, 243, 160, 116, 75, 142, 204)
0, (257, 276, 211, 109, 110, 73, 138, 217)
0, (236, 257, 205, 137, 98, 86, 147, 177)
0, (281, 255, 204, 132, 96, 71, 119, 184)
0, (294, 279, 247, 178, 101, 70, 105, 186)
0, (349, 237, 236, 182, 81, 68, 103, 190)
0, (362, 273, 232, 182, 75, 64, 104, 161)
0, (348, 268, 227, 177, 81, 51, 82, 163)
0, (346, 290, 211, 175, 86, 58, 74, 163)
0, (348, 260, 150, 131, 72, 59, 72, 161)
0, (298, 287, 163, 133, 85, 64, 72, 125)
0, (265, 276, 163, 143, 91, 64, 70, 123)
0, (250, 326, 155, 127, 89, 60, 56, 104)
0, (188, 307, 149, 137, 84, 54, 69, 78)
0, (162, 292, 131, 141, 90, 50, 70, 65)
0, (133, 280, 94, 131, 83, 47, 72, 50)
0, (157, 279, 91, 117, 78, 46, 80, 77)
0, (193, 233, 107, 128, 83, 57, 83, 85)
0, (190, 234, 127, 125, 86, 55, 68, 84)
0, (200, 283, 136, 116, 79, 55, 66, 88)
0, (198, 314, 133, 111, 80, 54, 66, 88)
0, (201, 313, 122, 121, 85, 57, 66, 65)
0, (183, 310, 115, 116, 87, 46, 68, 51)
0, (209, 315, 93, 112, 84, 42, 68, 52)
0, (217, 275, 91, 104, 93, 51, 81, 57)
0, (213, 240, 98, 111, 116, 51, 80, 61)
0, (213, 235, 102, 103, 119, 56, 75, 61)
0, (210, 232, 91, 91, 116, 61, 75, 62)
0, (202, 255, 142, 84, 122, 67, 78, 63)
0, (184, 299, 133, 117, 123, 64, 72, 53)
0, (214, 330, 139, 123, 109, 67, 79, 52)
0, (208, 325, 139, 123, 107, 60, 74, 52)
0, (232, 338, 141, 131, 108, 65, 83, 63)
0, (230, 311, 116, 139, 107, 63, 81, 60)
0, (307, 288, 122, 124, 106, 67, 84, 61)
0, (328, 362, 119, 127, 92, 69, 87, 58)
0, (337, 387, 95, 114, 86, 68, 93, 63)
1, (314, 298, 110, 122, 94, 65, 86, 63)
1, (332, 297, 110, 126, 92, 69, 92, 65)
1, (268, 377, 92, 112, 83, 59, 85, 61)
1, (274, 346, 96, 157, 101, 59, 79, 56)
1, (251, 363, 99, 162, 108, 66, 87, 63)
1, (275, 301, 89, 158, 122, 59, 82, 62)
1, (275, 339, 89, 162, 120, 58, 76, 61)
1, (278, 351, 101, 167, 118, 63, 88, 64)
1, (264, 358, 103, 134, 102, 63, 88, 63)
1, (294, 349, 96, 129, 93, 54, 79, 57)
1, (260, 377, 96, 136, 74, 55, 83, 63)
1, (256, 317, 98, 137, 78, 55, 86, 61)
2, (278, 333, 98, 145, 72, 54, 81, 61)
2, (278, 324, 91, 131, 71, 60, 89, 61)
2, (255, 328, 96, 120, 71, 61, 93, 57)
2, (278, 281, 94, 109, 76, 59, 90, 53)
2, (286, 332, 94, 115, 78, 60, 92, 53)
2, (275, 291, 82, 154, 102, 64, 100, 60)
2, (323, 285, 85, 157, 105, 59, 96, 67)
2, (316, 289, 94, 159, 114, 63, 114, 77)
2, (324, 300, 99, 162, 112, 65, 123, 96)
2, (337, 288, 100, 158, 110, 64, 120, 103)
2, (344, 356, 103, 130, 104, 64, 118, 99)
2, (306, 365, 98, 127, 109, 84, 159, 102)
2, (353, 368, 84, 124, 107, 84, 153, 100)
2, (333, 359, 87, 124, 102, 86, 164, 84)
2, (314, 373, 98, 142, 111, 89, 173, 92)
2, (322, 311, 99, 137, 113, 89, 180, 97)
2, (362, 314, 105, 178, 124, 79, 158, 103)
2, (334, 288, 125, 210, 122, 79, 161, 116)
2, (345, 335, 171, 356, 143, 100, 164, 178)
2, (349, 283, 185, 395, 150, 105, 172, 175)
2, (326, 294, 182, 394, 151, 103, 160, 176)
2, (284, 313, 186, 385, 139, 98, 147, 192)
2, (282, 317, 185, 375, 139, 98, 139, 192)
2, (316, 269, 142, 259, 136, 91, 130, 140)
2, (304, 271, 138, 211, 127, 116, 122, 139)
2, (310, 328, 137, 203, 112, 118, 131, 151)
2, (308, 298, 135, 207, 113, 117, 140, 129)
2, (319, 306, 146, 259, 153, 135, 152, 119)
2, (276, 344, 155, 258, 146, 136, 156, 121)
2, (312, 339, 136, 248, 151, 112, 149, 127)
2, (341, 315, 148, 249, 154, 113, 146, 147)
2, (326, 318, 148, 235, 163, 113, 141, 146)
2, (316, 367, 129, 185, 128, 88, 138, 144)
2, (352, 327, 121, 175, 124, 74, 121, 139)
2, (325, 375, 123, 159, 112, 72, 119, 131)
2, (324, 393, 173, 227, 117, 72, 128, 99)
3, (339, 380, 175, 231, 99, 87, 140, 92)
3, (325, 367, 203, 234, 102, 93, 127, 88)
3, (289, 363, 208, 229, 93, 89, 129, 89)
3, (291, 358, 213, 236, 90, 94, 140, 100)
3, (248, 301, 172, 184, 93, 91, 127, 86)
3, (250, 326, 168, 179, 92, 80, 126, 93)
3, (248, 308, 147, 193, 87, 74, 123, 92)
3, (244, 346, 151, 233, 104, 75, 124, 95)
3, (257, 291, 152, 287, 110, 63, 108, 102)
3, (269, 290, 144, 282, 105, 61, 114, 105)
3, (290, 329, 160, 290, 139, 70, 108, 107)
3, (292, 334, 161, 275, 144, 75, 113, 116)
3, (277, 289, 186, 253, 136, 74, 113, 130)
3, (279, 305, 215, 215, 132, 78, 112, 114)
3, (320, 319, 221, 227, 148, 75, 101, 111)
3, (310, 272, 215, 231, 127, 74, 98, 131)
3, (306, 227, 226, 289, 127, 68, 95, 156)
3, (346, 241, 239, 325, 131, 65, 82, 153)
3, (374, 266, 219, 314, 134, 69, 99, 158)
3, (347, 243, 218, 312, 117, 84, 138, 158)
3, (325, 248, 217, 327, 110, 78, 129, 137)
3, (332, 268, 199, 289, 107, 73, 123, 102)
3, (301, 299, 161, 278, 103, 74, 125, 118)
3, (321, 278, 183, 282, 95, 82, 127, 168)
3, (339, 291, 175, 268, 101, 84, 89, 169)
3, (371, 281, 192, 240, 98, 81, 91, 185)
3, (373, 300, 195, 244, 100, 83, 97, 192)
3, (377, 272, 198, 227, 126, 100, 136, 174)
3, (315, 263, 164, 251, 132, 91, 123, 164)
3, (306, 266, 181, 261, 125, 74, 123, 169)
3, (277, 299, 163, 264, 129, 89, 131, 155)
3, (273, 281, 160, 236, 127, 90, 131, 149)
3, (298, 287, 141, 249, 134, 75, 94, 171)
3, (381, 286, 154, 218, 131, 80, 97, 134)
3, (372, 313, 160, 224, 133, 80, 97, 170)
3, (379, 273, 172, 229, 132, 70, 98, 167)
3, (328, 281, 199, 310, 162, 121, 166, 127)
3, (414, 248, 187, 239, 128, 70, 98, 176)
3, (334, 318, 303, 319, 166, 141, 162, 124)
3, (390, 224, 193, 226, 87, 68, 105, 156)
3, (354, 286, 307, 323, 177, 138, 167, 126)
3, (318, 284, 183, 278, 91, 67, 131, 157)
3, (373, 287, 305, 284, 164, 132, 145, 133)
3, (332, 267, 191, 324, 110, 69, 142, 153)
3, (386, 312, 313, 319, 163, 129, 143, 150)
3, (355, 271, 181, 321, 108, 70, 140, 161)
3, (351, 298, 162, 327, 132, 83, 146, 155)
3, (362, 345, 282, 355, 150, 118, 143, 154)
4, (382, 375, 153, 203, 147, 110, 130, 148)
4, (383, 381, 216, 194, 139, 114, 129, 156)
4, (407, 388, 231, 201, 167, 109, 132, 174)
4, (408, 376, 227, 202, 158, 104, 137, 189)
4, (321, 399, 235, 195, 138, 103, 131, 172)
4, (309, 345, 250, 222, 148, 123, 144, 184)
4, (297, 305, 211, 231, 153, 119, 140, 202)
4, (296, 291, 190, 214, 114, 116, 139, 185)
4, (326, 314, 194, 217, 108, 116, 136, 165)
4, (382, 282, 217, 226, 115, 108, 126, 170)
4, (370, 308, 196, 210, 139, 92, 82, 200)
4, (358, 334, 191, 204, 131, 91, 79, 176)
4, (394, 333, 194, 203, 138, 90, 78, 177)
4, (358, 320, 209, 196, 146, 83, 81, 186)
4, (316, 327, 176, 184, 145, 84, 103, 210)
4, (316, 336, 185, 172, 107, 78, 99, 168)
4, (355, 294, 158, 189, 114, 85, 104, 172)
4, (273, 292, 152, 218, 115, 86, 107, 173)
4, (319, 317, 185, 300, 129, 102, 138, 158)
4, (318, 286, 195, 300, 132, 102, 123, 187)
4, (302, 312, 213, 293, 132, 96, 123, 195)
4, (275, 336, 233, 273, 125, 96, 124, 189)
4, (277, 330, 241, 248, 123, 97, 124, 195)
4, (250, 382, 208, 171, 112, 95, 119, 214)
4, (258, 393, 214, 178, 110, 89, 123, 195)
4, (266, 343, 208, 177, 124, 84, 126, 186)
4, (265, 332, 204, 216, 141, 79, 129, 186)
4, (265, 373, 204, 235, 145, 83, 143, 195)
4, (243, 282, 199, 328, 139, 80, 145, 171)
4, (228, 292, 210, 328, 140, 82, 147, 131)
4, (224, 335, 191, 333, 129, 83, 146, 143)
4, (210, 325, 177, 317, 118, 92, 150, 186)
4, (283, 303, 165, 321, 112, 102, 154, 205)
4, (322, 303, 195, 221, 115, 97, 130, 206)
4, (311, 301, 210, 236, 118, 95, 126, 202)
4, (339, 271, 233, 227, 117, 100, 122, 215)
4, (355, 310, 254, 219, 113, 90, 112, 214)
4, (300, 301, 293, 221, 153, 84, 117, 181)
4, (270, 363, 302, 255, 159, 78, 128, 184)
4, (284, 347, 273, 237, 151, 91, 129, 185)
4, (264, 334, 263, 237, 164, 86, 140, 162)
4, (280, 371, 253, 234, 162, 93, 155, 149)
4, (296, 398, 225, 219, 131, 96, 164, 148)
4, (296, 345, 189, 232, 127, 103, 156, 142)
4, (315, 385, 186, 237, 133, 105, 156, 141)
4, (327, 388, 178, 282, 134, 115, 174, 142)
4, (302, 313, 174, 307, 151, 115, 171, 130)
5, (270, 257, 198, 165, 85, 98, 112, 209)
5, (201, 256, 206, 165, 103, 103, 125, 228)
5, (228, 291, 223, 209, 115, 101, 138, 226)
5, (223, 236, 220, 210, 111, 94, 124, 185)
5, (243, 237, 221, 217, 120, 98, 127, 211)
5, (260, 258, 214, 213, 112, 97, 134, 188)
5, (281, 299, 207, 212, 98, 92, 125, 184)
5, (284, 265, 220, 185, 92, 67, 96, 181)
5, (303, 267, 238, 173, 86, 68, 96, 191)
5, (396, 288, 233, 141, 74, 64, 98, 173)
5, (395, 349, 236, 136, 97, 61, 86, 230)
5, (375, 308, 223, 165, 100, 86, 85, 217)
5, (375, 318, 186, 161, 104, 91, 96, 223)
5, (375, 318, 209, 173, 107, 91, 99, 219)
5, (243, 299, 248, 190, 108, 90, 90, 214)
5, (255, 258, 232, 185, 95, 94, 88, 187)
5, (249, 265, 231, 163, 91, 90, 99, 185)
5, (241, 248, 247, 161, 94, 83, 93, 175)
5, (229, 241, 223, 148, 114, 87, 102, 208)
5, (285, 258, 176, 134, 113, 85, 116, 217)
5, (268, 201, 176, 155, 112, 88, 118, 189)
5, (291, 200, 192, 173, 115, 69, 107, 176)
5, (319, 245, 186, 172, 106, 68, 110, 196)
5, (304, 255, 171, 177, 78, 64, 101, 160)
5, (256, 328, 169, 211, 85, 68, 92, 147)
5, (301, 332, 189, 201, 108, 76, 122, 147)
5, (276, 334, 175, 188, 114, 89, 149, 218)
5, (240, 337, 173, 184, 114, 91, 148, 213)
5, (257, 358, 168, 177, 131, 104, 146, 219)
5, (271, 289, 164, 133, 175, 105, 143, 250)
5, (278, 284, 150, 133, 162, 99, 125, 251)
5, (303, 307, 173, 133, 157, 91, 87, 207)
5, (302, 290, 194, 171, 167, 90, 82, 221)
5, (300, 284, 197, 171, 157, 73, 83, 217)
5, (293, 284, 203, 168, 100, 80, 92, 190)
5, (309, 311, 262, 178, 99, 89, 103, 227)
5, (314, 285, 275, 174, 96, 83, 112, 234)
5, (338, 330, 261, 152, 98, 88, 133, 213)
5, (334, 302, 255, 142, 100, 101, 134, 209)
5, (326, 297, 263, 170, 110, 92, 131, 234)
5, (278, 283, 206, 158, 111, 100, 158, 196)
5, (261, 320, 238, 168, 123, 117, 153, 168)
5, (227, 253, 225, 153, 113, 120, 164, 187)
5, (249, 267, 228, 155, 111, 113, 174, 214)
5, (335, 328, 214, 148, 104, 114, 178, 185)
5, (322, 348, 220, 169, 107, 106, 153, 192)
5, (311, 324, 190, 164, 117, 93, 155, 218)
5, (350, 339, 212, 178, 115, 86, 135, 207)
5, (376, 342, 235, 192, 115, 86, 128, 187)
5, (307, 302, 242, 196, 128, 97, 137, 224)
5, (300, 259, 235, 180, 126, 99, 129, 224)
5, (321, 250, 196, 179, 105, 108, 180, 206)
5, (290, 224, 179, 188, 107, 108, 174, 199)
5, (261, 274, 151, 190, 112, 109, 169, 209)
5, (269, 242, 128, 174, 96, 99, 159, 168)
5, (292, 261, 132, 192, 110, 92, 166, 163)
5, (273, 264, 172, 206, 137, 78, 111, 191)
5, (267, 307, 161, 190, 136, 73, 114, 200)
5, (314, 256, 169, 194, 137, 66, 117, 186)
5, (318, 249, 185, 203, 143, 66, 111, 205)
5, (308, 230, 176, 200, 131, 57, 99, 209)
5, (378, 250, 146, 192, 104, 58, 105, 183)
5, (376, 215, 166, 187, 102, 59, 103, 210)
5, (326, 231, 158, 176, 99, 63, 110, 220)
5, (319, 234, 145, 170, 95, 65, 117, 206)
5, (343, 345, 152, 154, 106, 74, 111, 201)
5, (290, 335, 145, 140, 135, 90, 142, 196)
5, (346, 342, 144, 159, 146, 92, 143, 207)
5, (354, 327, 171, 228, 149, 90, 137, 195)
5, (359, 379, 204, 226, 144, 95, 132, 186)
5, (331, 289, 200, 226, 137, 93, 134, 180)
5, (326, 293, 211, 230, 115, 87, 120, 237)
5, (290, 330, 208, 230, 109, 87, 120, 190)
5, (282, 341, 191, 177, 107, 94, 118, 187)
5, (276, 305, 157, 175, 128, 101, 119, 196)
5, (365, 331, 159, 188, 151, 113, 131, 215)
