0, (182, 84, 172, 118, 94, 48, 79, 90)
0, (186, 93, 171, 117, 98, 55, 84, 109)
0, (188, 88, 140, 118, 103, 55, 79, 79)
0, (205, 91, 129, 107, 97, 61, 79, 79)
0, (256, 115, 111, 101, 104, 66, 71, 78)
0, (257, 118, 106, 105, 96, 71, 70, 82)
0, (234, 103, 100, 115, 113, 67, 62, 74)
0, (233, 101, 102, 99, 118, 75, 84, 83)
0, (233, 105, 107, 90, 122, 72, 83, 92)
0, (200, 85, 107, 90, 119, 66, 84, 91)
0, (220, 75, 110, 88, 116, 60, 94, 98)
0, (226, 81, 122, 87, 109, 74, 103, 114)
0, (224, 83, 121, 102, 104, 67, 89, 114)
0, (222, 85, 171, 100, 100, 72, 102, 111)
0, (220, 89, 177, 103, 125, 75, 108, 127)
0, (197, 102, 163, 113, 133, 87, 116, 137)
0, (197, 107, 160, 113, 126, 82, 127, 118)
0, (189, 106, 166, 109, 124, 80, 124, 113)
0, (191, 103, 119, 124, 123, 74, 119, 109)
0, (165, 93, 109, 130, 93, 68, 112, 91)
0, (197, 113, 131, 122, 71, 48, 105, 101)
0, (205, 111, 131, 127, 85, 40, 86, 102)
0, (206, 111, 130, 122, 82, 45, 93, 102)
0, (186, 102, 129, 121, 88, 49, 88, 101)
0, (195, 107, 143, 129, 109, 54, 91, 99)
0, (180, 95, 143, 126, 110, 57, 86, 85)
0, (183, 103, 159, 113, 99, 63, 90, 82)
0, (187, 102, 161, 112, 99, 61, 90, 83)
0, (193, 106, 159, 102, 120, 62, 93, 82)
0, (191, 106, 155, 87, 101, 60, 92, 85)
0, (217, 92, 146, 93, 104, 58, 88, 82)
0, (255, 90, 114, 97, 108, 52, 81, 77)
0, (268, 98, 111, 105, 112, 56, 80, 79)
0, (265, 98, 112, 104, 98, 53, 72, 81)
0, (268, 97, 107, 99, 94, 52, 67, 79)
0, (228, 87, 98, 86, 95, 61, 69, 53)
0, (152, 70, 103, 87, 88, 60, 66, 47)
0, (118, 67, 92, 82, 92, 55, 54, 41)
0, (112, 67, 85, 83, 104, 56, 52, 35)
0, (83, 82, 75, 86, 107, 54, 50, 32)
0, (82, 91, 74, 102, 106, 44, 42, 29)
0, (97, 94, 74, 107, 121, 42, 37, 32)
0, (96, 91, 68, 99, 123, 54, 67, 34)
0, (101, 89, 62, 96, 101, 53, 68, 36)
0, (104, 89, 57, 90, 102, 53, 69, 37)
0, (99, 100, 60, 77, 98, 53, 73, 39)
0, (83, 132, 64, 73, 96, 61, 77, 40)
0, (81, 138, 65, 75, 93, 54, 59, 39)
0, (86, 142, 66, 77, 99, 56, 63, 40)
0, (101, 149, 70, 80, 93, 61, 71, 41)
0, (127, 150, 61, 83, 96, 60, 64, 42)
0, (123, 121, 50, 80, 89, 56, 61, 41)
0, (132, 119, 57, 94, 97, 52, 60, 41)
0, (180, 121, 57, 98, 122, 66, 77, 43)
0, (215, 112, 54, 98, 128, 67, 72, 43)
0, (251, 108, 55, 91, 134, 71, 78, 47)
0, (270, 133, 56, 89, 132, 66, 79, 44)
0, (277, 135, 52, 77, 135, 72, 91, 46)
1, (252, 131, 49, 66, 115, 59, 81, 42)
1, (217, 124, 51, 62, 110, 57, 79, 43)
1, (260, 122, 48, 72, 105, 55, 73, 42)
1, (269, 112, 51, 70, 115, 62, 75, 54)
1, (268, 111, 49, 68, 114, 59, 59, 53)
1, (269, 109, 51, 73, 111, 57, 49, 54)
1, (295, 114, 48, 78, 109, 59, 55, 54)
1, (230, 111, 59, 75, 107, 59, 66, 51)
1, (197, 95, 57, 73, 95, 53, 61, 38)
1, (187, 88, 56, 74, 135, 50, 61, 37)
1, (254, 102, 55, 75, 139, 52, 72, 43)
1, (239, 104, 59, 74, 139, 48, 67, 42)
1, (227, 109, 59, 84, 140, 45, 63, 41)
1, (233, 115, 57, 90, 143, 46, 63, 42)
2, (268, 120, 57, 89, 129, 63, 63, 45)
2, (206, 129, 58, 100, 130, 63, 68, 37)
2, (189, 122, 61, 101, 141, 63, 68, 36)
2, (187, 119, 53, 90, 139, 64, 64, 34)
2, (192, 122, 54, 82, 147, 66, 74, 37)
2, (152, 132, 56, 99, 114, 52, 83, 34)
2, (177, 123, 59, 86, 108, 52, 69, 36)
2, (181, 125, 63, 102, 96, 51, 67, 38)
2, (183, 120, 61, 101, 99, 52, 76, 40)
2, (190, 122, 69, 103, 103, 51, 69, 39)
2, (191, 125, 67, 102, 107, 46, 55, 39)
2, (190, 127, 84, 126, 110, 48, 67, 44)
2, (194, 127, 108, 130, 114, 53, 73, 73)
2, (200, 125, 128, 131, 112, 58, 66, 75)
2, (217, 117, 128, 130, 106, 58, 86, 76)
2, (214, 100, 130, 123, 109, 65, 97, 75)
2, (211, 92, 122, 105, 117, 65, 94, 89)
2, (213, 94, 98, 86, 111, 63, 93, 91)
2, (202, 97, 76, 88, 110, 55, 95, 90)
2, (189, 108, 76, 102, 110, 56, 87, 98)
2, (192, 106, 75, 104, 104, 47, 74, 98)
2, (168, 99, 77, 102, 92, 45, 72, 84)
2, (171, 119, 78, 99, 89, 42, 70, 65)
2, (177, 123, 94, 103, 109, 64, 101, 70)
2, (178, 128, 89, 103, 137, 68, 92, 61)
2, (185, 133, 100, 101, 134, 71, 94, 60)
2, (194, 132, 99, 99, 136, 75, 96, 62)
2, (202, 121, 99, 103, 138, 78, 102, 58)
2, (198, 120, 81, 115, 147, 63, 89, 70)
2, (206, 101, 87, 123, 119, 57, 90, 75)
2, (208, 92, 87, 172, 134, 60, 89, 75)
2, (207, 105, 83, 177, 131, 53, 88, 74)
2, (192, 101, 87, 176, 135, 54, 91, 74)
2, (211, 103, 97, 168, 120, 51, 71, 63)
2, (197, 105, 93, 160, 116, 53, 85, 68)
2, (224, 116, 79, 101, 99, 55, 107, 75)
2, (222, 107, 94, 120, 108, 57, 111, 83)
2, (217, 100, 100, 125, 113, 57, 104, 81)
2, (219, 97, 102, 121, 113, 61, 108, 80)
2, (208, 121, 124, 127, 109, 59, 103, 73)
2, (199, 119, 132, 128, 112, 52, 86, 70)
2, (262, 124, 123, 106, 102, 51, 87, 63)
2, (268, 122, 125, 118, 99, 54, 85, 64)
2, (263, 118, 121, 119, 91, 50, 80, 64)
2, (269, 102, 117, 120, 91, 51, 91, 67)
2, (254, 95, 120, 123, 95, 64, 108, 77)
2, (201, 83, 121, 123, 114, 65, 108, 75)
2, (202, 85, 119, 121, 118, 64, 107, 73)
3, (179, 95, 113, 162, 122, 61, 99, 76)
3, (218, 101, 152, 193, 116, 58, 90, 98)
3, (273, 111, 147, 188, 139, 59, 98, 90)
3, (277, 114, 174, 179, 139, 66, 103, 91)
3, (279, 110, 184, 175, 131, 63, 97, 93)
3, (273, 108, 190, 180, 132, 58, 95, 114)
3, (243, 116, 180, 127, 130, 65, 105, 91)
3, (209, 113, 175, 127, 109, 66, 98, 92)
3, (219, 114, 163, 129, 118, 58, 101, 99)
3, (216, 116, 155, 134, 112, 62, 102, 98)
3, (230, 108, 152, 129, 121, 60, 103, 83)
3, (224, 94, 147, 165, 122, 67, 112, 96)
3, (299, 137, 185, 124, 119, 59, 93, 92)
3, (298, 143, 196, 147, 113, 57, 91, 95)
3, (318, 159, 202, 152, 115, 61, 92, 98)
3, (303, 149, 196, 142, 109, 71, 102, 98)
3, (318, 156, 192, 139, 124, 70, 94, 95)
3, (285, 140, 159, 131, 118, 66, 97, 91)
3, (317, 149, 161, 133, 115, 67, 97, 91)
3, (328, 131, 158, 137, 110, 66, 109, 101)
3, (287, 130, 147, 160, 117, 56, 108, 104)
3, (296, 137, 155, 161, 107, 48, 99, 84)
3, (273, 151, 125, 146, 121, 70, 127, 96)
3, (341, 132, 182, 175, 94, 46, 95, 87)
3, (297, 148, 123, 150, 124, 70, 124, 96)
3, (292, 104, 178, 158, 84, 43, 103, 87)
3, (302, 149, 117, 186, 121, 62, 118, 86)
3, (272, 99, 181, 154, 99, 61, 133, 76)
3, (303, 153, 120, 189, 117, 68, 116, 85)
3, (299, 100, 177, 173, 154, 73, 138, 74)
3, (327, 164, 119, 192, 115, 67, 121, 106)
3, (298, 85, 184, 186, 152, 72, 138, 74)
3, (258, 120, 115, 190, 118, 61, 98, 80)
3, (241, 82, 191, 176, 153, 75, 136, 71)
3, (237, 127, 101, 183, 111, 58, 82, 75)
3, (254, 93, 186, 187, 153, 74, 131, 70)
3, (238, 130, 94, 152, 131, 58, 71, 74)
3, (251, 93, 188, 189, 153, 69, 95, 75)
3, (232, 147, 104, 152, 129, 48, 62, 76)
3, (271, 99, 182, 166, 87, 61, 87, 74)
3, (186, 134, 97, 150, 125, 45, 56, 47)
3, (256, 93, 166, 169, 80, 60, 80, 76)
3, (198, 124, 120, 168, 121, 43, 58, 57)
3, (260, 97, 144, 170, 92, 60, 87, 93)
3, (175, 110, 141, 174, 119, 42, 63, 71)
3, (252, 88, 145, 161, 111, 64, 87, 88)
3, (207, 103, 167, 185, 96, 31, 64, 75)
3, (280, 93, 144, 177, 101, 68, 123, 78)
3, (244, 76, 167, 198, 88, 52, 114, 74)
3, (266, 77, 157, 180, 106, 62, 120, 76)
3, (252, 72, 172, 192, 101, 56, 117, 71)
3, (256, 73, 171, 167, 104, 61, 122, 85)
4, (266, 110, 181, 120, 107, 64, 98, 87)
4, (271, 105, 150, 120, 129, 82, 120, 85)
4, (205, 105, 177, 127, 150, 94, 149, 93)
4, (255, 114, 172, 129, 151, 103, 157, 128)
4, (245, 112, 149, 140, 159, 102, 154, 121)
4, (242, 114, 156, 141, 150, 92, 142, 118)
4, (254, 111, 158, 142, 160, 88, 128, 117)
4, (260, 115, 180, 159, 139, 80, 142, 139)
4, (198, 112, 172, 170, 139, 70, 137, 110)
4, (211, 130, 165, 175, 127, 72, 157, 116)
4, (237, 115, 167, 170, 143, 69, 162, 129)
4, (246, 116, 191, 177, 124, 63, 160, 129)
4, (244, 109, 153, 165, 131, 64, 131, 107)
4, (258, 105, 157, 150, 130, 64, 129, 104)
4, (246, 81, 159, 145, 154, 65, 102, 97)
4, (236, 91, 152, 150, 142, 72, 99, 84)
4, (216, 87, 126, 143, 130, 67, 93, 111)
4, (219, 91, 123, 142, 127, 64, 94, 100)
4, (214, 94, 136, 176, 145, 66, 95, 100)
4, (204, 95, 136, 171, 126, 63, 102, 101)
4, (222, 100, 151, 201, 125, 61, 107, 118)
4, (247, 122, 146, 193, 131, 70, 134, 89)
4, (251, 115, 157, 185, 135, 69, 119, 90)
4, (245, 109, 141, 163, 146, 66, 119, 104)
4, (241, 108, 136, 152, 138, 66, 115, 106)
4, (209, 107, 129, 113, 136, 70, 117, 81)
4, (237, 108, 126, 118, 134, 63, 101, 97)
4, (281, 108, 107, 121, 138, 68, 123, 103)
4, (287, 112, 110, 126, 129, 76, 124, 86)
4, (297, 129, 128, 148, 141, 76, 128, 83)
4, (298, 120, 125, 139, 141, 69, 119, 84)
4, (284, 128, 122, 137, 154, 73, 125, 84)
4, (280, 138, 123, 132, 150, 68, 109, 79)
4, (309, 142, 128, 121, 132, 66, 120, 86)
4, (302, 128, 121, 120, 125, 67, 112, 105)
4, (304, 128, 137, 127, 118, 69, 117, 103)
4, (265, 101, 151, 131, 111, 65, 107, 89)
4, (246, 110, 167, 132, 101, 69, 121, 94)
4, (201, 103, 177, 127, 104, 70, 119, 111)
4, (225, 104, 170, 107, 104, 75, 138, 94)
4, (243, 103, 155, 107, 126, 79, 144, 96)
4, (302, 119, 149, 108, 117, 75, 146, 99)
4, (284, 101, 138, 117, 120, 74, 140, 104)
4, (288, 106, 124, 120, 129, 70, 139, 83)
4, (295, 145, 138, 121, 137, 71, 133, 85)
4, (282, 147, 135, 141, 132, 66, 128, 87)
4, (223, 131, 142, 146, 128, 68, 120, 95)
4, (202, 127, 131, 158, 124, 62, 108, 79)
4, (208, 130, 126, 162, 130, 63, 104, 78)
4, (219, 95, 148, 190, 145, 75, 120, 96)
4, (213, 92, 178, 188, 137, 76, 113, 87)
4, (215, 85, 191, 196, 144, 71, 113, 86)
4, (217, 89, 207, 232, 131, 76, 124, 79)
4, (239, 87, 199, 207, 140, 68, 110, 64)
4, (216, 83, 208, 200, 125, 55, 92, 58)
4, (222, 82, 180, 199, 124, 55, 93, 63)
4, (219, 87, 173, 186, 110, 59, 100, 93)
4, (217, 93, 173, 138, 111, 62, 92, 91)
4, (222, 100, 166, 134, 106, 61, 90, 92)
4, (214, 102, 151, 105, 97, 59, 90, 92)
4, (279, 122, 179, 111, 106, 56, 92, 93)
4, (268, 117, 175, 122, 105, 61, 104, 89)
5, (227, 69, 171, 156, 206, 53, 92, 93)
5, (262, 68, 164, 136, 126, 49, 88, 118)
5, (274, 73, 132, 139, 113, 48, 82, 112)
5, (256, 81, 162, 166, 115, 54, 80, 115)
5, (231, 83, 149, 150, 114, 57, 85, 107)
5, (234, 87, 159, 152, 82, 61, 91, 113)
5, (226, 96, 159, 154, 81, 63, 92, 89)
5, (216, 99, 166, 159, 85, 64, 90, 87)
5, (243, 129, 131, 119, 101, 60, 97, 90)
5, (251, 136, 154, 132, 123, 60, 94, 94)
5, (248, 133, 152, 125, 121, 63, 93, 116)
5, (213, 128, 159, 116, 127, 60, 90, 109)
5, (222, 122, 160, 116, 133, 60, 83, 111)
5, (208, 112, 156, 115, 147, 66, 81, 113)
5, (204, 105, 138, 124, 122, 68, 103, 129)
5, (193, 105, 128, 131, 129, 67, 97, 103)
5, (204, 110, 125, 121, 127, 67, 98, 98)
5, (195, 109, 157, 125, 141, 67, 109, 98)
5, (198, 99, 160, 145, 116, 65, 141, 111)
5, (178, 103, 158, 126, 116, 61, 127, 93)
5, (181, 105, 162, 122, 113, 59, 137, 97)
5, (173, 98, 153, 140, 118, 60, 156, 110)
5, (210, 112, 112, 144, 99, 60, 152, 116)
5, (188, 99, 129, 129, 93, 52, 120, 98)
5, (202, 95, 139, 138, 98, 48, 115, 97)
5, (213, 95, 158, 136, 110, 44, 124, 104)
5, (227, 104, 162, 125, 112, 52, 115, 96)
5, (263, 107, 209, 129, 105, 52, 114, 97)
5, (292, 104, 213, 134, 110, 52, 115, 109)
5, (287, 102, 199, 124, 109, 54, 121, 106)
5, (273, 103, 218, 124, 110, 61, 103, 99)
5, (268, 95, 220, 134, 104, 56, 87, 108)
5, (206, 86, 202, 120, 106, 54, 87, 104)
5, (252, 96, 184, 115, 103, 55, 88, 91)
5, (255, 98, 198, 115, 102, 52, 75, 91)
5, (273, 94, 188, 130, 88, 46, 78, 98)
