0, (178, 70, 109, 112, 118, 58, 78, 109)
0, (155, 67, 116, 107, 103, 52, 86, 100)
0, (172, 77, 108, 115, 109, 47, 74, 96)
0, (178, 79, 113, 110, 110, 61, 132, 96)
0, (170, 77, 108, 111, 121, 61, 128, 107)
0, (202, 76, 106, 104, 103, 60, 130, 91)
0, (214, 85, 89, 108, 102, 64, 125, 98)
0, (188, 75, 118, 94, 119, 64, 137, 100)
0, (211, 84, 117, 94, 125, 60, 103, 113)
0, (207, 85, 125, 94, 128, 64, 110, 104)
0, (167, 84, 126, 94, 130, 63, 107, 103)
0, (216, 91, 146, 92, 138, 58, 106, 93)
0, (216, 100, 161, 112, 117, 54, 96, 94)
0, (198, 89, 169, 132, 112, 52, 111, 95)
0, (207, 99, 163, 133, 102, 52, 104, 91)
0, (203, 96, 163, 129, 109, 52, 106, 87)
0, (151, 90, 153, 143, 109, 52, 103, 83)
0, (180, 83, 144, 134, 118, 58, 105, 91)
0, (181, 78, 155, 121, 119, 56, 92, 77)
0, (176, 67, 151, 125, 117, 57, 98, 77)
0, (174, 69, 149, 128, 127, 59, 115, 75)
0, (185, 73, 157, 143, 114, 60, 118, 82)
0, (160, 72, 182, 134, 107, 58, 119, 98)
0, (186, 85, 181, 125, 107, 56, 110, 105)
0, (191, 85, 189, 122, 111, 53, 103, 104)
0, (197, 89, 196, 141, 97, 51, 91, 108)
0, (206, 88, 195, 107, 100, 51, 94, 103)
0, (204, 87, 157, 127, 111, 50, 85, 76)
0, (170, 86, 164, 130, 112, 46, 83, 61)
0, (150, 85, 162, 128, 114, 44, 91, 66)
0, (150, 86, 152, 105, 106, 40, 99, 85)
0, (165, 83, 140, 115, 128, 43, 100, 92)
0, (156, 87, 181, 134, 117, 45, 101, 91)
0, (161, 84, 167, 131, 113, 44, 88, 88)
0, (168, 85, 158, 136, 108, 51, 99, 83)
0, (165, 80, 156, 133, 117, 54, 87, 56)
0, (95, 75, 154, 123, 89, 51, 80, 43)
0, (102, 67, 90, 77, 86, 48, 82, 42)
0, (99, 64, 68, 87, 88, 55, 88, 41)
0, (91, 59, 67, 77, 113, 54, 80, 38)
0, (79, 56, 64, 78, 104, 50, 78, 34)
1, (88, 86, 75, 79, 105, 51, 77, 31)
1, (85, 103, 72, 82, 111, 57, 78, 29)
1, (75, 108, 68, 78, 138, 55, 73, 32)
1, (70, 112, 72, 100, 145, 59, 64, 32)
1, (91, 120, 76, 104, 142, 62, 69, 36)
1, (95, 102, 60, 114, 151, 72, 73, 36)
1, (95, 97, 57, 121, 164, 69, 71, 38)
1, (102, 93, 58, 117, 144, 69, 78, 39)
1, (103, 104, 51, 98, 119, 60, 71, 37)
1, (93, 100, 42, 102, 134, 63, 66, 36)
1, (80, 97, 42, 96, 129, 55, 59, 36)
1, (76, 95, 44, 89, 112, 57, 67, 34)
1, (79, 92, 48, 96, 114, 59, 57, 30)
1, (88, 90, 49, 99, 113, 63, 61, 33)
1, (84, 92, 49, 95, 111, 57, 60, 32)
1, (98, 98, 49, 97, 102, 56, 68, 36)
1, (106, 99, 50, 95, 117, 55, 71, 38)
1, (105, 109, 48, 97, 121, 51, 73, 40)
2, (101, 101, 45, 88, 133, 44, 68, 40)
2, (102, 108, 52, 85, 119, 51, 74, 40)
2, (142, 106, 52, 76, 124, 61, 80, 44)
2, (136, 100, 52, 82, 115, 63, 83, 43)
2, (150, 90, 49, 63, 122, 61, 81, 45)
2, (158, 88, 57, 71, 110, 62, 82, 45)
2, (171, 77, 48, 77, 115, 57, 78, 45)
2, (141, 78, 48, 79, 114, 46, 70, 42)
2, (173, 93, 44, 73, 105, 36, 61, 43)
2, (173, 92, 43, 74, 113, 42, 73, 41)
2, (178, 92, 38, 86, 110, 43, 74, 40)
2, (169, 97, 39, 87, 106, 46, 76, 40)
2, (177, 100, 40, 83, 103, 45, 70, 37)
2, (155, 86, 44, 91, 102, 49, 67, 38)
2, (146, 91, 44, 105, 85, 48, 59, 38)
2, (151, 97, 45, 89, 105, 49, 62, 36)
2, (152, 92, 43, 84, 107, 46, 54, 35)
2, (137, 87, 40, 85, 107, 44, 54, 32)
2, (150, 98, 37, 80, 114, 45, 60, 31)
2, (143, 99, 45, 81, 131, 42, 57, 27)
2, (137, 90, 41, 83, 119, 41, 67, 30)
2, (128, 95, 43, 97, 124, 48, 68, 31)
2, (139, 92, 47, 101, 126, 48, 68, 34)
2, (163, 78, 48, 98, 128, 46, 66, 36)
2, (175, 67, 41, 93, 105, 47, 65, 39)
2, (169, 72, 44, 118, 109, 48, 48, 35)
2, (170, 67, 45, 110, 106, 45, 51, 37)
2, (161, 67, 41, 109, 105, 46, 51, 34)
2, (118, 71, 41, 110, 106, 45, 52, 36)
2, (103, 75, 41, 120, 102, 43, 54, 35)
2, (96, 116, 47, 96, 90, 43, 52, 37)
2, (96, 112, 46, 97, 87, 45, 55, 35)
2, (113, 117, 46, 105, 89, 47, 60, 36)
2, (103, 125, 47, 106, 93, 46, 52, 32)
2, (97, 131, 47, 88, 100, 48, 49, 30)
2, (109, 101, 45, 88, 109, 49, 55, 32)
2, (128, 125, 51, 84, 110, 45, 47, 34)
2, (121, 122, 50, 72, 106, 47, 50, 33)
2, (144, 118, 51, 73, 140, 60, 51, 37)
2, (152, 114, 53, 70, 156, 67, 49, 39)
2, (161, 120, 55, 76, 157, 71, 58, 40)
2, (161, 108, 54, 75, 159, 72, 60, 39)
2, (165, 109, 54, 78, 164, 70, 69, 39)
2, (158, 107, 51, 78, 132, 62, 68, 34)
2, (156, 108, 54, 81, 103, 58, 74, 33)
2, (150, 94, 44, 69, 95, 50, 68, 28)
2, (136, 89, 38, 76, 85, 51, 77, 28)
2, (151, 95, 40, 78, 98, 55, 74, 32)
2, (146, 91, 43, 73, 101, 54, 74, 32)
2, (139, 86, 44, 71, 105, 51, 71, 32)
2, (156, 106, 44, 72, 114, 54, 71, 35)
2, (159, 105, 46, 65, 116, 51, 68, 36)
2, (150, 97, 48, 60, 110, 52, 75, 37)
2, (155, 106, 48, 60, 104, 48, 75, 38)
2, (154, 106, 50, 57, 121, 59, 84, 38)
3, (235, 101, 89, 155, 100, 63, 107, 94)
3, (244, 107, 72, 136, 101, 70, 109, 87)
3, (261, 115, 95, 146, 94, 61, 90, 85)
3, (250, 101, 93, 139, 95, 62, 90, 104)
3, (245, 98, 91, 133, 85, 58, 88, 102)
3, (240, 96, 90, 139, 87, 54, 93, 90)
3, (216, 96, 95, 138, 94, 50, 119, 91)
3, (191, 82, 67, 104, 114, 56, 122, 102)
3, (209, 96, 75, 79, 112, 56, 121, 84)
3, (234, 126, 81, 87, 120, 59, 123, 82)
3, (272, 140, 87, 96, 122, 62, 116, 85)
3, (250, 130, 81, 108, 137, 64, 73, 92)
3, (267, 142, 75, 113, 124, 61, 71, 74)
3, (271, 140, 81, 155, 122, 65, 77, 75)
3, (244, 115, 93, 151, 116, 64, 80, 78)
3, (210, 105, 94, 140, 125, 62, 89, 104)
3, (241, 107, 96, 143, 110, 57, 94, 90)
3, (319, 114, 104, 154, 108, 56, 94, 96)
3, (143, 87, 53, 57, 113, 55, 91, 42)
3, (310, 109, 104, 113, 113, 54, 88, 96)
3, (191, 95, 60, 64, 122, 61, 89, 45)
3, (313, 109, 90, 115, 114, 56, 93, 107)
3, (194, 95, 72, 70, 129, 63, 123, 45)
3, (357, 109, 97, 123, 103, 58, 95, 93)
3, (185, 80, 71, 83, 141, 66, 136, 49)
3, (337, 107, 106, 128, 112, 61, 97, 94)
3, (203, 89, 70, 87, 123, 62, 151, 65)
3, (291, 110, 101, 116, 120, 65, 98, 92)
3, (228, 95, 73, 91, 126, 70, 156, 69)
3, (303, 120, 118, 118, 120, 62, 100, 92)
3, (191, 79, 84, 109, 124, 67, 165, 69)
3, (310, 123, 120, 111, 144, 59, 93, 106)
3, (178, 86, 85, 114, 124, 62, 137, 67)
3, (241, 119, 112, 99, 154, 61, 87, 95)
3, (187, 87, 87, 109, 106, 67, 133, 67)
3, (245, 123, 101, 77, 145, 61, 104, 95)
3, (180, 79, 89, 117, 110, 64, 120, 78)
3, (226, 101, 102, 82, 145, 58, 104, 98)
3, (160, 77, 95, 131, 108, 56, 108, 77)
3, (251, 91, 75, 85, 140, 62, 110, 113)
3, (167, 89, 85, 118, 110, 61, 97, 75)
3, (281, 92, 69, 83, 126, 69, 130, 85)
3, (164, 91, 77, 109, 94, 62, 106, 78)
3, (296, 101, 72, 86, 118, 65, 132, 84)
3, (155, 90, 77, 117, 97, 57, 96, 75)
3, (297, 119, 88, 95, 160, 63, 117, 83)
3, (174, 93, 74, 127, 94, 55, 87, 50)
3, (288, 126, 93, 79, 154, 74, 129, 89)
3, (155, 94, 60, 109, 91, 56, 90, 42)
3, (258, 125, 93, 92, 162, 82, 132, 71)
3, (147, 86, 58, 112, 101, 50, 96, 62)
3, (214, 122, 104, 113, 181, 80, 126, 72)
3, (151, 88, 60, 120, 116, 57, 87, 58)
3, (197, 119, 99, 113, 182, 82, 123, 72)
3, (150, 93, 66, 112, 115, 59, 93, 60)
3, (199, 96, 84, 101, 142, 81, 116, 74)
3, (113, 88, 66, 95, 113, 61, 90, 58)
3, (200, 90, 71, 101, 141, 72, 99, 74)
3, (147, 87, 70, 97, 112, 62, 92, 71)
3, (198, 90, 70, 117, 134, 59, 96, 72)
3, (148, 94, 74, 97, 112, 62, 87, 66)
3, (270, 93, 66, 103, 125, 60, 77, 77)
3, (146, 88, 76, 91, 121, 59, 85, 74)
3, (278, 90, 69, 101, 113, 61, 89, 82)
3, (148, 91, 68, 86, 122, 56, 75, 75)
3, (271, 89, 78, 106, 119, 58, 86, 94)
3, (181, 95, 70, 85, 122, 54, 74, 75)
3, (259, 81, 82, 113, 137, 62, 88, 81)
3, (157, 93, 70, 108, 123, 71, 99, 63)
3, (260, 102, 79, 80, 141, 64, 79, 77)
3, (183, 84, 66, 98, 134, 75, 95, 56)
3, (197, 96, 68, 74, 111, 59, 83, 73)
3, (186, 79, 77, 114, 121, 72, 95, 71)
3, (180, 99, 69, 76, 123, 60, 85, 76)
3, (187, 73, 79, 119, 120, 73, 95, 75)
3, (195, 103, 67, 77, 133, 61, 86, 57)
3, (176, 79, 75, 116, 139, 74, 103, 77)
3, (179, 111, 75, 70, 123, 51, 82, 66)
3, (181, 90, 68, 92, 145, 58, 79, 77)
3, (186, 94, 76, 80, 117, 57, 82, 72)
3, (157, 103, 71, 93, 120, 53, 78, 75)
3, (208, 92, 79, 88, 135, 56, 88, 102)
3, (185, 105, 47, 68, 110, 53, 73, 54)
3, (212, 85, 77, 89, 125, 59, 81, 98)
3, (210, 107, 45, 67, 138, 52, 71, 69)
3, (190, 98, 80, 97, 118, 60, 85, 99)
3, (216, 106, 54, 78, 122, 52, 72, 72)
3, (239, 92, 74, 103, 116, 63, 84, 100)
3, (213, 104, 55, 80, 126, 52, 76, 76)
3, (223, 90, 84, 114, 132, 55, 90, 113)
3, (217, 106, 63, 90, 123, 50, 73, 77)
3, (213, 93, 89, 131, 116, 53, 75, 88)
3, (220, 105, 87, 95, 133, 45, 73, 86)
3, (203, 97, 91, 137, 122, 41, 77, 87)
3, (222, 103, 89, 93, 115, 46, 77, 77)
3, (223, 84, 86, 138, 124, 41, 81, 91)
3, (224, 99, 89, 99, 119, 45, 76, 81)
3, (204, 78, 81, 134, 128, 39, 83, 92)
3, (218, 94, 90, 107, 117, 41, 75, 79)
3, (232, 76, 89, 123, 120, 39, 77, 80)
4, (241, 67, 134, 253, 127, 55, 116, 95)
4, (215, 73, 117, 214, 108, 56, 113, 96)
4, (225, 72, 102, 165, 108, 57, 104, 91)
4, (227, 91, 90, 155, 120, 68, 117, 70)
4, (209, 107, 82, 147, 104, 65, 117, 74)
4, (195, 106, 81, 130, 102, 63, 114, 70)
4, (212, 104, 64, 90, 96, 61, 112, 67)
4, (188, 109, 69, 95, 123, 63, 114, 74)
4, (209, 103, 67, 102, 111, 59, 109, 78)
4, (219, 92, 68, 87, 110, 55, 94, 76)
4, (217, 89, 68, 90, 111, 56, 97, 78)
4, (214, 94, 67, 103, 118, 58, 106, 82)
4, (232, 89, 69, 106, 106, 56, 107, 100)
4, (217, 89, 71, 102, 98, 53, 97, 92)
4, (218, 85, 73, 103, 104, 57, 97, 90)
4, (235, 85, 83, 115, 128, 60, 101, 88)
4, (225, 82, 84, 104, 136, 62, 97, 93)
4, (247, 91, 100, 123, 122, 68, 95, 95)
4, (226, 85, 106, 131, 125, 66, 79, 91)
4, (234, 99, 114, 131, 123, 62, 79, 94)
4, (235, 101, 105, 123, 112, 60, 83, 97)
4, (271, 106, 116, 142, 91, 55, 96, 102)
4, (239, 102, 109, 141, 97, 59, 112, 80)
4, (244, 110, 102, 154, 105, 56, 113, 82)
4, (232, 101, 89, 159, 109, 59, 112, 81)
5, (202, 96, 84, 133, 87, 62, 115, 101)
5, (195, 101, 99, 119, 81, 63, 118, 85)
5, (196, 88, 107, 118, 89, 63, 115, 87)
5, (168, 85, 111, 126, 88, 55, 107, 89)
5, (154, 80, 109, 126, 97, 47, 94, 87)
5, (172, 86, 104, 130, 90, 45, 94, 98)
5, (190, 83, 93, 133, 88, 43, 86, 96)
5, (191, 90, 119, 146, 78, 42, 86, 94)
5, (202, 88, 114, 147, 80, 50, 96, 94)
5, (203, 82, 116, 133, 74, 56, 99, 94)
5, (215, 97, 119, 141, 95, 59, 100, 98)
5, (208, 100, 120, 142, 97, 63, 101, 92)
5, (198, 97, 97, 114, 100, 67, 113, 90)
5, (191, 105, 102, 104, 115, 67, 111, 93)
5, (216, 111, 107, 112, 113, 83, 119, 104)
5, (200, 93, 101, 96, 99, 84, 116, 81)
5, (190, 88, 96, 90, 112, 82, 113, 82)
5, (183, 87, 114, 97, 146, 84, 109, 89)
5, (223, 78, 112, 110, 168, 91, 114, 97)
5, (202, 72, 106, 98, 168, 73, 111, 108)
5, (181, 75, 166, 109, 166, 67, 107, 103)
5, (187, 78, 165, 114, 171, 71, 107, 105)
5, (208, 79, 153, 114, 148, 63, 96, 99)
5, (178, 85, 163, 108, 105, 51, 100, 97)
5, (209, 84, 166, 121, 108, 49, 83, 82)
5, (214, 88, 127, 107, 120, 56, 83, 85)
5, (212, 87, 139, 112, 116, 53, 88, 87)
5, (209, 85, 136, 113, 109, 58, 95, 102)
5, (196, 78, 136, 112, 115, 73, 104, 102)
5, (206, 75, 163, 101, 117, 75, 100, 90)
5, (227, 75, 153, 115, 104, 70, 98, 94)
5, (234, 74, 141, 111, 83, 70, 95, 118)
5, (222, 75, 140, 106, 91, 65, 91, 104)
5, (231, 81, 124, 109, 115, 43, 92, 99)
5, (214, 88, 84, 117, 111, 40, 106, 103)
5, (197, 88, 91, 119, 120, 49, 114, 106)
5, (194, 90, 90, 113, 134, 47, 113, 74)
5, (274, 93, 106, 116, 136, 52, 115, 99)
5, (306, 89, 118, 114, 118, 60, 103, 104)
5, (306, 93, 131, 102, 119, 67, 100, 110)
5, (301, 95, 135, 85, 118, 66, 94, 102)
5, (304, 92, 152, 103, 109, 69, 98, 120)
5, (231, 90, 160, 111, 106, 68, 102, 120)
5, (173, 85, 153, 116, 102, 62, 93, 114)
5, (163, 82, 143, 130, 100, 57, 86, 104)
5, (167, 85, 135, 133, 104, 49, 89, 110)
5, (197, 88, 154, 121, 96, 66, 124, 101)
5, (207, 87, 149, 116, 98, 69, 126, 76)
5, (224, 93, 152, 106, 106, 73, 127, 77)
5, (202, 83, 146, 88, 123, 74, 133, 92)
5, (213, 76, 145, 98, 116, 79, 140, 90)
5, (200, 78, 124, 120, 120, 63, 103, 79)
5, (192, 78, 114, 116, 115, 61, 98, 84)
5, (164, 74, 120, 121, 163, 68, 108, 84)
5, (200, 104, 128, 126, 152, 86, 138, 91)
5, (190, 102, 130, 116, 148, 82, 126, 85)
5, (176, 96, 120, 116, 147, 87, 132, 88)
5, (172, 94, 123, 116, 161, 85, 138, 106)
5, (180, 97, 116, 115, 107, 82, 138, 105)
5, (141, 66, 118, 109, 104, 60, 101, 86)
5, (155, 66, 136, 128, 113, 61, 104, 89)
5, (167, 77, 132, 115, 114, 52, 114, 102)
5, (179, 92, 127, 112, 98, 55, 116, 80)
5, (189, 89, 127, 119, 98, 55, 98, 81)
5, (211, 92, 138, 146, 117, 60, 99, 82)
5, (204, 109, 143, 131, 117, 65, 114, 90)
5, (196, 106, 146, 137, 118, 69, 113, 73)
5, (224, 92, 164, 215, 136, 67, 104, 72)
5, (223, 92, 167, 249, 135, 59, 113, 77)
5, (219, 88, 162, 240, 124, 56, 125, 103)
5, (236, 65, 140, 251, 131, 58, 126, 94)
