0, (203, 339, 176, 179, 94, 97, 91, 282)
0, (192, 355, 217, 226, 103, 98, 88, 322)
0, (203, 371, 255, 250, 88, 100, 114, 337)
0, (211, 383, 283, 277, 104, 102, 125, 299)
0, (191, 354, 282, 271, 108, 109, 145, 301)
0, (192, 355, 301, 275, 107, 106, 147, 266)
0, (232, 402, 294, 235, 107, 106, 165, 271)
0, (251, 405, 253, 211, 106, 104, 149, 250)
0, (241, 391, 249, 163, 90, 102, 150, 242)
0, (238, 417, 283, 184, 93, 107, 134, 237)
0, (237, 427, 279, 195, 102, 113, 158, 244)
0, (200, 356, 270, 215, 99, 114, 145, 225)
0, (170, 329, 279, 210, 96, 112, 150, 228)
0, (162, 312, 283, 205, 85, 90, 146, 225)
0, (165, 252, 258, 171, 77, 72, 138, 225)
0, (190, 262, 250, 157, 72, 85, 110, 213)
0, (183, 277, 248, 147, 79, 88, 117, 134)
0, (177, 278, 239, 150, 73, 90, 137, 116)
0, (176, 268, 184, 168, 81, 88, 135, 107)
0, (172, 278, 158, 167, 93, 97, 137, 85)
0, (130, 262, 156, 169, 93, 95, 143, 73)
0, (125, 235, 155, 154, 83, 94, 133, 112)
0, (129, 239, 171, 152, 86, 90, 101, 112)
0, (110, 274, 180, 126, 88, 90, 102, 112)
0, (118, 285, 178, 134, 81, 97, 97, 113)
0, (133, 303, 163, 117, 75, 84, 97, 114)
0, (169, 311, 172, 116, 75, 80, 105, 68)
0, (159, 306, 149, 110, 70, 82, 108, 58)
0, (165, 300, 136, 109, 111, 82, 99, 51)
0, (157, 284, 144, 97, 117, 62, 116, 46)
0, (197, 301, 178, 98, 118, 84, 131, 56)
0, (184, 312, 156, 100, 120, 86, 121, 51)
0, (179, 329, 154, 90, 125, 84, 118, 50)
0, (183, 309, 153, 78, 86, 87, 137, 86)
0, (210, 359, 167, 81, 79, 85, 122, 95)
0, (168, 315, 141, 76, 76, 62, 96, 90)
0, (158, 301, 157, 67, 71, 67, 97, 89)
0, (162, 313, 154, 69, 69, 86, 116, 92)
0, (162, 318, 151, 66, 72, 86, 97, 65)
0, (130, 261, 125, 65, 65, 85, 99, 49)
0, (149, 241, 118, 71, 65, 83, 98, 51)
0, (164, 239, 101, 66, 65, 75, 100, 52)
0, (162, 249, 108, 83, 63, 51, 81, 51)
0, (160, 265, 115, 87, 59, 43, 82, 50)
0, (160, 275, 127, 85, 56, 57, 74, 50)
0, (147, 289, 125, 79, 61, 72, 89, 46)
0, (136, 298, 150, 94, 68, 74, 92, 50)
0, (154, 301, 159, 92, 74, 73, 88, 48)
0, (146, 324, 157, 88, 73, 73, 82, 46)
0, (141, 322, 144, 89, 80, 67, 90, 46)
0, (168, 305, 142, 94, 86, 58, 88, 51)
0, (188, 340, 108, 84, 84, 59, 83, 50)
0, (178, 330, 107, 82, 77, 61, 82, 50)
0, (195, 321, 126, 85, 81, 63, 102, 55)
0, (224, 346, 126, 87, 89, 83, 102, 61)
0, (212, 366, 131, 92, 101, 89, 96, 57)
0, (201, 318, 138, 97, 101, 87, 100, 57)
0, (214, 327, 134, 90, 101, 91, 110, 60)
0, (227, 333, 123, 90, 110, 90, 95, 59)
0, (207, 342, 139, 88, 102, 89, 97, 52)
0, (227, 343, 132, 78, 100, 82, 100, 52)
0, (232, 384, 126, 69, 106, 85, 108, 51)
0, (226, 369, 136, 73, 107, 84, 101, 49)
0, (206, 332, 143, 79, 100, 112, 119, 57)
0, (208, 327, 141, 76, 97, 98, 113, 59)
0, (190, 344, 150, 80, 79, 95, 127, 88)
1, (230, 312, 185, 219, 92, 93, 122, 261)
1, (230, 282, 160, 223, 108, 96, 103, 254)
1, (229, 288, 186, 229, 109, 118, 97, 299)
1, (223, 332, 195, 227, 95, 119, 100, 281)
1, (176, 331, 153, 100, 68, 108, 132, 94)
1, (172, 320, 137, 129, 87, 116, 154, 98)
1, (200, 319, 161, 174, 82, 103, 157, 95)
1, (219, 295, 184, 187, 83, 104, 208, 103)
1, (232, 285, 180, 192, 86, 119, 209, 111)
1, (243, 287, 199, 234, 97, 114, 207, 123)
1, (247, 303, 210, 226, 87, 106, 196, 122)
1, (245, 359, 182, 201, 85, 90, 183, 129)
1, (224, 372, 154, 200, 88, 90, 145, 149)
1, (219, 359, 165, 195, 96, 80, 157, 161)
1, (208, 379, 146, 163, 102, 95, 156, 150)
1, (216, 379, 148, 174, 96, 98, 159, 151)
1, (212, 364, 169, 166, 96, 101, 166, 144)
1, (227, 353, 179, 169, 93, 98, 163, 123)
1, (205, 340, 181, 172, 90, 96, 143, 111)
1, (219, 326, 180, 175, 68, 87, 133, 119)
1, (263, 357, 180, 163, 68, 84, 130, 128)
1, (257, 361, 166, 159, 68, 87, 125, 133)
1, (247, 379, 185, 203, 75, 89, 104, 126)
1, (249, 389, 218, 226, 77, 83, 89, 141)
1, (259, 385, 226, 210, 84, 73, 108, 148)
1, (201, 347, 218, 204, 86, 87, 112, 142)
1, (176, 318, 213, 214, 94, 86, 107, 142)
1, (181, 343, 189, 170, 95, 89, 117, 146)
2, (257, 390, 274, 187, 92, 111, 122, 260)
2, (186, 333, 261, 159, 95, 103, 111, 263)
2, (163, 355, 257, 164, 122, 102, 133, 251)
2, (179, 389, 249, 160, 133, 97, 146, 300)
2, (191, 394, 269, 159, 131, 98, 150, 258)
2, (192, 348, 235, 164, 133, 96, 152, 251)
2, (211, 359, 226, 186, 140, 99, 155, 267)
2, (235, 344, 235, 227, 112, 94, 139, 299)
2, (214, 327, 255, 277, 92, 96, 138, 132)
2, (216, 328, 251, 235, 83, 93, 134, 136)
2, (225, 329, 247, 247, 88, 106, 140, 146)
2, (253, 355, 235, 202, 95, 106, 126, 131)
2, (236, 386, 247, 200, 89, 104, 112, 129)
2, (234, 429, 252, 217, 88, 105, 116, 127)
2, (215, 416, 210, 221, 92, 111, 136, 139)
2, (215, 436, 209, 201, 84, 76, 133, 110)
2, (182, 434, 253, 199, 91, 79, 132, 111)
2, (176, 425, 254, 186, 100, 100, 131, 111)
2, (206, 349, 139, 136, 85, 87, 138, 134)
2, (178, 364, 229, 156, 101, 99, 130, 119)
2, (190, 320, 141, 135, 85, 84, 139, 125)
2, (236, 347, 268, 192, 96, 95, 119, 118)
2, (190, 315, 150, 134, 89, 92, 140, 121)
2, (269, 399, 279, 235, 93, 90, 107, 110)
2, (221, 353, 173, 132, 89, 93, 164, 124)
2, (267, 376, 239, 226, 79, 89, 112, 109)
2, (233, 302, 190, 142, 82, 95, 166, 139)
2, (265, 340, 230, 229, 68, 80, 119, 114)
2, (219, 288, 189, 156, 84, 101, 154, 129)
2, (270, 368, 230, 247, 65, 109, 120, 115)
2, (216, 308, 180, 167, 86, 97, 145, 138)
2, (227, 380, 194, 219, 68, 108, 113, 89)
2, (214, 307, 177, 192, 99, 73, 152, 144)
2, (155, 312, 180, 199, 70, 113, 117, 100)
2, (193, 276, 168, 184, 91, 72, 131, 142)
2, (159, 307, 177, 191, 71, 113, 117, 106)
2, (186, 265, 160, 169, 95, 96, 122, 143)
2, (190, 377, 186, 201, 79, 105, 125, 148)
2, (192, 276, 180, 166, 103, 98, 120, 134)
2, (177, 349, 187, 179, 79, 75, 133, 145)
2, (179, 254, 199, 159, 105, 101, 116, 121)
2, (170, 348, 207, 187, 83, 71, 123, 150)
2, (211, 268, 216, 157, 86, 106, 112, 114)
2, (178, 349, 206, 173, 84, 92, 111, 147)
2, (209, 286, 223, 159, 88, 105, 115, 116)
2, (176, 364, 196, 178, 85, 91, 108, 154)
2, (212, 274, 233, 158, 84, 94, 137, 123)
2, (146, 280, 176, 150, 76, 89, 105, 128)
2, (199, 287, 223, 158, 77, 102, 137, 121)
2, (144, 290, 182, 162, 73, 88, 99, 121)
2, (212, 363, 209, 189, 104, 105, 139, 116)
2, (189, 279, 135, 139, 67, 89, 99, 124)
2, (219, 360, 179, 164, 105, 101, 126, 125)
2, (201, 341, 140, 169, 101, 68, 102, 116)
2, (216, 339, 168, 175, 105, 102, 123, 121)
2, (203, 345, 147, 171, 101, 88, 107, 110)
3, (218, 309, 194, 151, 77, 119, 115, 123)
3, (218, 313, 181, 152, 76, 107, 120, 145)
3, (201, 314, 180, 143, 87, 117, 149, 138)
3, (179, 357, 216, 160, 86, 116, 142, 146)
3, (135, 349, 233, 210, 89, 115, 134, 148)
3, (161, 382, 229, 239, 98, 113, 131, 146)
3, (184, 387, 223, 236, 91, 101, 128, 117)
3, (198, 388, 242, 226, 83, 94, 91, 112)
3, (215, 354, 221, 240, 82, 91, 106, 104)
3, (226, 418, 239, 195, 86, 90, 118, 93)
3, (238, 421, 250, 169, 74, 102, 120, 94)
3, (233, 375, 252, 168, 88, 116, 163, 104)
3, (230, 389, 231, 179, 89, 119, 169, 121)
3, (208, 403, 236, 168, 89, 119, 158, 125)
3, (215, 335, 261, 246, 88, 115, 160, 126)
3, (177, 311, 252, 241, 90, 118, 157, 124)
3, (164, 303, 265, 247, 78, 103, 110, 118)
3, (192, 263, 304, 281, 79, 99, 112, 115)
3, (191, 224, 291, 277, 88, 100, 122, 105)
3, (167, 212, 229, 225, 84, 118, 112, 117)
3, (201, 215, 231, 229, 95, 101, 114, 172)
3, (201, 203, 207, 259, 110, 100, 114, 172)
3, (174, 238, 185, 241, 114, 101, 111, 162)
3, (194, 270, 208, 231, 108, 108, 108, 163)
3, (238, 324, 218, 213, 108, 129, 121, 162)
3, (228, 346, 233, 210, 99, 128, 177, 137)
3, (245, 370, 243, 173, 81, 130, 176, 135)
3, (246, 434, 215, 183, 85, 131, 175, 132)
3, (248, 450, 241, 238, 92, 128, 180, 131)
3, (224, 422, 239, 242, 97, 108, 181, 143)
3, (211, 396, 241, 292, 92, 100, 138, 124)
3, (214, 399, 237, 299, 97, 98, 145, 126)
4, (185, 415, 215, 189, 79, 81, 167, 152)
4, (183, 413, 236, 159, 75, 103, 163, 144)
4, (172, 413, 251, 133, 74, 98, 143, 165)
4, (168, 393, 244, 140, 72, 94, 126, 162)
4, (136, 352, 249, 142, 66, 89, 131, 132)
4, (137, 339, 253, 200, 68, 92, 118, 141)
4, (146, 390, 248, 202, 77, 96, 124, 147)
4, (170, 396, 226, 214, 76, 97, 127, 126)
4, (197, 351, 219, 209, 79, 101, 124, 129)
4, (222, 334, 195, 205, 81, 110, 111, 132)
5, (232, 263, 237, 215, 81, 86, 135, 306)
5, (253, 290, 237, 218, 88, 85, 122, 316)
5, (248, 299, 236, 230, 98, 104, 103, 323)
5, (187, 349, 212, 219, 85, 107, 96, 285)
5, (194, 373, 195, 220, 82, 110, 95, 285)
5, (214, 346, 174, 199, 97, 111, 96, 280)
5, (189, 374, 183, 205, 96, 114, 121, 271)
5, (198, 387, 175, 195, 104, 131, 140, 246)
5, (207, 374, 160, 196, 108, 119, 143, 253)
5, (225, 355, 167, 199, 110, 116, 144, 255)
5, (200, 344, 172, 202, 97, 119, 149, 266)
5, (217, 295, 165, 192, 100, 146, 153, 269)
5, (198, 310, 168, 210, 82, 115, 137, 298)
5, (189, 278, 191, 224, 79, 115, 128, 292)
5, (202, 264, 195, 220, 86, 118, 126, 304)
5, (222, 297, 189, 213, 93, 117, 135, 316)
5, (199, 323, 191, 215, 87, 99, 116, 303)
5, (200, 310, 196, 222, 97, 96, 107, 275)
5, (221, 309, 170, 210, 106, 105, 153, 285)
5, (234, 315, 186, 208, 100, 119, 196, 273)
5, (225, 307, 195, 233, 104, 137, 186, 244)
5, (248, 286, 193, 235, 103, 127, 188, 344)
5, (253, 323, 196, 232, 94, 124, 187, 288)
5, (236, 322, 215, 223, 82, 114, 155, 279)
5, (210, 349, 196, 202, 83, 95, 107, 272)
5, (217, 360, 166, 160, 83, 72, 104, 271)
5, (194, 366, 158, 152, 82, 73, 96, 122)
5, (227, 316, 148, 121, 82, 85, 97, 120)
5, (242, 326, 158, 136, 84, 90, 97, 226)
5, (232, 370, 158, 144, 86, 101, 104, 227)
5, (216, 355, 183, 155, 76, 99, 110, 227)
5, (210, 331, 219, 160, 85, 115, 135, 226)
5, (201, 355, 220, 160, 83, 113, 147, 230)
5, (215, 406, 211, 165, 93, 108, 150, 124)
5, (221, 358, 221, 186, 94, 102, 147, 128)
5, (223, 349, 213, 177, 90, 111, 151, 153)
5, (225, 367, 191, 166, 85, 105, 126, 236)
5, (197, 372, 187, 195, 88, 101, 122, 243)
5, (180, 314, 205, 195, 74, 104, 117, 244)
5, (170, 322, 195, 186, 64, 114, 106, 243)
5, (182, 347, 183, 190, 68, 112, 92, 234)
5, (174, 352, 178, 190, 66, 95, 102, 169)
5, (172, 326, 181, 182, 80, 100, 94, 179)
5, (164, 322, 167, 192, 94, 102, 122, 213)
5, (198, 314, 174, 186, 102, 93, 120, 226)
5, (180, 316, 191, 191, 101, 104, 136, 228)
5, (185, 298, 193, 219, 102, 99, 131, 213)
5, (190, 303, 205, 218, 90, 98, 148, 193)
5, (186, 368, 206, 199, 75, 100, 155, 155)
5, (180, 412, 222, 201, 72, 100, 167, 164)
