0, (209, 373, 159, 144, 89, 48, 84, 120)
0, (213, 381, 164, 142, 92, 50, 92, 123)
0, (214, 382, 160, 136, 90, 55, 99, 129)
0, (229, 348, 152, 125, 83, 55, 104, 130)
0, (236, 353, 153, 183, 88, 58, 100, 125)
0, (220, 343, 147, 174, 78, 65, 102, 119)
0, (211, 353, 159, 192, 71, 63, 85, 118)
0, (225, 313, 151, 201, 82, 62, 79, 113)
0, (204, 289, 150, 196, 91, 60, 78, 129)
0, (197, 288, 140, 165, 80, 59, 92, 103)
0, (274, 322, 148, 169, 79, 60, 111, 112)
0, (267, 316, 137, 152, 84, 58, 116, 114)
0, (285, 355, 133, 193, 79, 57, 128, 145)
0, (295, 359, 140, 200, 85, 58, 125, 134)
0, (284, 339, 190, 192, 90, 59, 117, 127)
0, (200, 309, 186, 192, 93, 51, 91, 117)
0, (201, 388, 181, 197, 92, 51, 86, 113)
0, (146, 336, 170, 147, 90, 48, 63, 65)
0, (130, 304, 174, 151, 74, 45, 61, 55)
0, (109, 302, 137, 136, 62, 38, 58, 95)
0, (117, 303, 131, 123, 64, 38, 53, 98)
0, (163, 176, 131, 113, 59, 39, 48, 98)
1, (181, 197, 128, 104, 54, 38, 48, 99)
1, (177, 322, 130, 88, 53, 39, 48, 101)
1, (175, 332, 114, 99, 55, 42, 50, 59)
1, (177, 326, 111, 95, 58, 49, 78, 55)
1, (162, 330, 115, 87, 72, 48, 80, 58)
1, (226, 359, 131, 86, 72, 53, 85, 56)
1, (237, 287, 118, 81, 79, 54, 87, 57)
1, (241, 308, 121, 78, 82, 56, 84, 59)
2, (244, 322, 133, 87, 105, 52, 72, 56)
2, (242, 352, 164, 95, 95, 50, 71, 53)
2, (166, 329, 156, 94, 96, 49, 73, 55)
2, (230, 347, 170, 89, 93, 47, 74, 57)
2, (235, 342, 176, 81, 104, 52, 77, 57)
2, (249, 351, 169, 91, 82, 51, 67, 59)
2, (259, 365, 134, 84, 84, 51, 63, 57)
2, (267, 348, 131, 85, 81, 50, 56, 59)
2, (256, 317, 115, 83, 81, 49, 54, 56)
2, (278, 289, 102, 88, 84, 48, 60, 58)
2, (259, 298, 96, 66, 78, 45, 64, 55)
2, (260, 261, 104, 61, 76, 49, 64, 54)
2, (256, 275, 111, 67, 85, 54, 74, 51)
2, (205, 279, 103, 75, 89, 54, 74, 52)
2, (171, 312, 105, 68, 73, 54, 67, 47)
2, (172, 325, 102, 69, 76, 52, 65, 48)
2, (137, 302, 95, 77, 78, 50, 65, 46)
2, (144, 347, 91, 71, 71, 43, 55, 43)
2, (158, 374, 94, 62, 72, 43, 52, 41)
2, (190, 400, 84, 62, 73, 43, 54, 43)
2, (201, 427, 90, 68, 72, 46, 53, 50)
2, (228, 532, 96, 61, 74, 45, 57, 54)
2, (227, 507, 88, 60, 77, 48, 54, 55)
2, (225, 484, 94, 70, 78, 45, 52, 56)
2, (195, 443, 98, 69, 74, 42, 46, 55)
2, (197, 409, 91, 62, 77, 42, 43, 67)
2, (174, 272, 86, 58, 92, 51, 62, 88)
2, (194, 278, 88, 68, 93, 54, 100, 99)
2, (210, 253, 81, 105, 93, 58, 132, 103)
2, (219, 273, 98, 119, 101, 57, 139, 122)
2, (215, 304, 106, 138, 100, 59, 158, 123)
2, (218, 297, 126, 156, 90, 64, 160, 111)
2, (229, 327, 164, 184, 105, 86, 158, 106)
2, (212, 346, 194, 176, 107, 91, 139, 103)
2, (227, 376, 201, 180, 101, 93, 133, 95)
2, (251, 345, 203, 187, 99, 91, 119, 93)
2, (283, 351, 200, 181, 107, 89, 112, 95)
2, (269, 308, 171, 156, 98, 61, 86, 93)
3, (266, 306, 134, 147, 86, 57, 81, 91)
3, (270, 289, 120, 136, 84, 54, 83, 76)
3, (322, 298, 118, 110, 85, 57, 129, 99)
3, (300, 298, 102, 109, 80, 51, 127, 95)
3, (297, 386, 104, 159, 77, 54, 129, 94)
3, (296, 380, 113, 167, 83, 47, 126, 96)
3, (286, 366, 115, 171, 85, 43, 127, 96)
3, (224, 366, 113, 174, 97, 37, 96, 100)
3, (216, 410, 117, 176, 92, 51, 114, 105)
3, (210, 342, 134, 137, 90, 56, 119, 105)
3, (207, 339, 129, 129, 89, 58, 119, 104)
3, (222, 340, 136, 132, 85, 58, 122, 106)
3, (201, 339, 139, 131, 77, 64, 120, 93)
3, (268, 315, 158, 143, 80, 77, 136, 95)
3, (296, 310, 148, 161, 80, 76, 136, 93)
3, (304, 310, 149, 157, 75, 76, 136, 94)
3, (329, 318, 146, 154, 78, 77, 131, 102)
3, (326, 318, 163, 173, 77, 80, 133, 114)
3, (269, 300, 151, 164, 69, 59, 99, 106)
3, (255, 293, 152, 161, 76, 53, 90, 107)
3, (264, 336, 158, 164, 79, 56, 93, 108)
3, (232, 328, 200, 197, 84, 56, 94, 96)
3, (244, 339, 194, 192, 82, 52, 76, 72)
3, (243, 321, 190, 192, 93, 60, 82, 71)
3, (235, 332, 185, 172, 87, 63, 86, 69)
3, (275, 324, 178, 183, 99, 63, 81, 70)
3, (263, 321, 121, 140, 95, 61, 79, 72)
3, (260, 294, 123, 127, 108, 59, 74, 105)
3, (275, 339, 132, 124, 99, 49, 65, 113)
3, (297, 373, 137, 138, 96, 47, 63, 113)
4, (292, 359, 145, 120, 86, 45, 65, 112)
4, (293, 380, 142, 118, 84, 45, 63, 121)
4, (278, 388, 135, 120, 65, 35, 57, 114)
4, (307, 395, 147, 137, 65, 45, 56, 114)
4, (283, 356, 161, 144, 72, 48, 71, 117)
4, (240, 354, 159, 162, 83, 47, 71, 127)
4, (238, 342, 170, 168, 89, 48, 71, 125)
4, (309, 323, 167, 167, 85, 48, 67, 119)
4, (273, 274, 154, 153, 84, 45, 75, 120)
4, (282, 305, 143, 141, 93, 53, 61, 122)
4, (276, 319, 157, 130, 90, 58, 61, 115)
4, (280, 297, 144, 156, 83, 58, 63, 108)
4, (215, 286, 138, 151, 87, 63, 75, 108)
4, (241, 285, 129, 154, 99, 59, 69, 100)
4, (239, 291, 133, 151, 89, 49, 68, 97)
4, (270, 266, 142, 163, 88, 42, 69, 94)
4, (270, 262, 165, 161, 95, 53, 100, 112)
4, (272, 286, 168, 169, 108, 54, 94, 91)
4, (256, 305, 182, 166, 98, 55, 93, 94)
4, (267, 284, 188, 169, 94, 55, 97, 100)
4, (252, 214, 156, 117, 85, 52, 72, 113)
4, (241, 301, 171, 172, 88, 61, 101, 117)
4, (249, 231, 167, 114, 85, 54, 68, 103)
4, (232, 329, 179, 155, 83, 53, 77, 104)
4, (223, 308, 142, 135, 99, 51, 66, 115)
4, (249, 427, 185, 157, 69, 52, 80, 105)
4, (219, 317, 142, 148, 87, 48, 73, 121)
4, (268, 432, 186, 168, 78, 53, 80, 103)
4, (199, 308, 150, 154, 90, 51, 80, 114)
4, (238, 416, 223, 225, 98, 59, 77, 114)
4, (195, 338, 148, 149, 88, 55, 81, 117)
4, (232, 404, 220, 212, 98, 55, 73, 100)
4, (196, 390, 131, 145, 92, 51, 77, 117)
4, (230, 434, 194, 209, 105, 55, 67, 99)
4, (177, 335, 129, 118, 73, 48, 79, 109)
4, (192, 351, 196, 200, 99, 53, 61, 98)
4, (125, 321, 189, 190, 93, 55, 71, 117)
5, (246, 231, 170, 107, 69, 42, 77, 74)
5, (253, 216, 170, 112, 67, 41, 71, 73)
5, (249, 223, 144, 100, 65, 47, 70, 85)
5, (252, 214, 126, 117, 67, 55, 72, 104)
5, (230, 229, 122, 113, 67, 55, 69, 119)
5, (218, 262, 143, 122, 79, 62, 77, 115)
5, (218, 270, 138, 121, 79, 68, 83, 114)
5, (220, 278, 149, 123, 72, 64, 86, 108)
5, (207, 339, 171, 111, 67, 58, 75, 91)
5, (195, 339, 180, 111, 79, 63, 92, 81)
5, (211, 314, 176, 96, 76, 66, 96, 84)
5, (218, 315, 189, 100, 76, 61, 97, 86)
5, (217, 343, 178, 115, 85, 62, 95, 87)
5, (206, 362, 181, 118, 91, 60, 91, 95)
5, (212, 342, 172, 117, 85, 52, 80, 138)
5, (235, 351, 169, 120, 84, 45, 59, 138)
5, (225, 362, 157, 143, 92, 47, 51, 136)
5, (219, 377, 177, 132, 89, 52, 61, 139)
5, (212, 326, 164, 159, 89, 55, 77, 143)
5, (212, 360, 180, 160, 97, 55, 74, 93)
5, (176, 363, 180, 153, 99, 55, 73, 91)
5, (190, 383, 171, 132, 89, 52, 81, 98)
5, (196, 354, 187, 144, 101, 51, 84, 103)
5, (175, 341, 187, 106, 96, 49, 82, 117)
5, (201, 309, 168, 121, 85, 53, 96, 111)
5, (196, 307, 160, 127, 82, 47, 96, 112)
5, (232, 272, 163, 133, 91, 47, 98, 107)
5, (230, 260, 143, 121, 76, 44, 94, 99)
5, (250, 252, 134, 150, 88, 41, 88, 87)
5, (232, 299, 177, 142, 92, 51, 93, 91)
5, (256, 303, 180, 139, 85, 54, 98, 90)
5, (214, 295, 191, 130, 77, 53, 91, 91)
5, (213, 281, 195, 163, 82, 50, 92, 93)
5, (213, 309, 192, 149, 69, 55, 104, 93)
5, (232, 277, 163, 153, 67, 50, 95, 90)
5, (213, 311, 188, 165, 68, 53, 93, 89)
5, (212, 317, 180, 172, 69, 54, 91, 86)
5, (224, 323, 157, 134, 65, 55, 89, 84)
5, (204, 301, 158, 122, 64, 59, 88, 96)
5, (199, 289, 157, 139, 66, 54, 80, 99)
5, (208, 245, 134, 125, 68, 51, 78, 102)
5, (208, 259, 124, 141, 76, 50, 80, 108)
5, (194, 275, 131, 148, 76, 52, 78, 137)
5, (216, 254, 138, 148, 75, 50, 75, 130)
5, (205, 248, 134, 122, 71, 51, 71, 134)
5, (201, 270, 189, 129, 74, 51, 73, 141)
5, (221, 321, 209, 114, 63, 49, 72, 145)
5, (219, 297, 215, 114, 68, 45, 82, 163)
5, (274, 298, 209, 130, 71, 40, 77, 152)
5, (276, 306, 209, 168, 87, 38, 80, 147)
5, (269, 300, 188, 169, 90, 49, 91, 143)
5, (259, 320, 194, 171, 93, 48, 94, 166)
5, (258, 333, 190, 169, 85, 52, 85, 120)
5, (226, 340, 200, 163, 80, 54, 79, 116)
5, (222, 338, 206, 127, 75, 56, 76, 123)
5, (222, 319, 183, 162, 86, 52, 63, 139)
5, (222, 332, 195, 163, 89, 58, 69, 106)
5, (234, 346, 218, 167, 93, 59, 83, 113)
5, (207, 382, 217, 179, 94, 55, 78, 116)
5, (201, 369, 250, 183, 88, 59, 86, 123)
5, (189, 374, 253, 148, 69, 63, 90, 104)
5, (208, 310, 238, 143, 64, 62, 88, 102)
5, (206, 306, 211, 137, 71, 59, 76, 96)
5, (181, 285, 209, 128, 77, 63, 85, 107)
5, (198, 325, 199, 149, 78, 58, 76, 90)
5, (222, 361, 211, 156, 78, 50, 68, 92)
5, (190, 335, 200, 149, 75, 51, 75, 94)
5, (212, 338, 204, 156, 67, 49, 80, 106)
5, (210, 320, 199, 144, 72, 46, 74, 90)
5, (211, 321, 189, 133, 77, 46, 72, 91)
5, (183, 308, 173, 138, 91, 43, 73, 87)
5, (206, 337, 167, 155, 98, 44, 58, 111)
5, (169, 342, 168, 150, 95, 45, 52, 99)
5, (184, 336, 180, 149, 90, 44, 51, 100)
5, (183, 345, 159, 137, 83, 48, 57, 102)
5, (189, 355, 163, 125, 73, 56, 71, 105)
5, (183, 320, 194, 121, 64, 50, 79, 92)
5, (191, 301, 209, 139, 69, 51, 85, 97)
5, (217, 440, 214, 149, 73, 51, 84, 101)
5, (194, 411, 208, 148, 77, 43, 82, 99)
5, (191, 416, 200, 160, 77, 38, 82, 104)
5, (199, 430, 194, 157, 84, 41, 96, 109)
5, (209, 425, 172, 138, 84, 42, 103, 109)
5, (175, 275, 178, 139, 80, 46, 103, 103)
5, (199, 287, 172, 150, 78, 55, 106, 103)
5, (194, 232, 175, 128, 77, 58, 97, 110)
5, (195, 304, 152, 125, 75, 66, 106, 98)
5, (190, 319, 156, 131, 73, 63, 92, 94)
5, (221, 333, 137, 148, 75, 60, 91, 98)
5, (237, 349, 176, 141, 92, 64, 92, 110)
5, (240, 356, 167, 159, 105, 67, 101, 97)
5, (237, 320, 186, 153, 98, 58, 69, 86)
5, (223, 342, 195, 168, 96, 60, 71, 91)
5, (192, 338, 205, 144, 91, 63, 77, 92)
5, (157, 353, 206, 147, 90, 54, 79, 100)
5, (199, 341, 226, 159, 83, 50, 71, 95)
5, (182, 320, 211, 160, 85, 53, 76, 101)
5, (199, 337, 214, 133, 92, 53, 77, 99)
5, (197, 449, 208, 151, 102, 49, 79, 98)
5, (202, 450, 177, 155, 90, 54, 75, 69)
5, (175, 448, 147, 138, 79, 54, 82, 65)
5, (200, 470, 153, 176, 97, 61, 112, 63)
5, (227, 447, 131, 179, 90, 58, 112, 79)
5, (241, 348, 123, 159, 80, 61, 107, 76)
5, (249, 316, 122, 154, 80, 55, 104, 74)
5, (256, 323, 156, 143, 91, 50, 109, 86)
5, (259, 340, 183, 118, 70, 39, 89, 102)
5, (232, 321, 225, 132, 88, 45, 91, 99)
5, (231, 315, 228, 136, 91, 48, 95, 97)
5, (238, 319, 226, 144, 93, 50, 95, 96)
5, (241, 324, 206, 159, 98, 58, 84, 94)
5, (237, 282, 180, 161, 118, 66, 75, 123)
5, (233, 285, 142, 150, 107, 64, 72, 114)
5, (226, 264, 132, 158, 108, 63, 77, 129)
5, (244, 250, 164, 157, 107, 68, 82, 131)
5, (260, 243, 169, 137, 106, 63, 77, 129)
5, (254, 224, 160, 112, 85, 54, 73, 115)
