0, (146, 231, 76, 61, 70, 73, 165, 62)
0, (128, 251, 68, 57, 74, 75, 173, 63)
0, (132, 295, 64, 60, 75, 62, 137, 65)
0, (132, 265, 69, 56, 69, 63, 127, 65)
0, (149, 260, 76, 53, 63, 63, 137, 66)
0, (134, 291, 72, 55, 72, 75, 160, 68)
0, (135, 292, 73, 55, 72, 74, 141, 61)
0, (130, 255, 75, 59, 71, 72, 147, 63)
0, (122, 251, 74, 55, 72, 71, 143, 59)
0, (116, 258, 86, 59, 75, 64, 138, 53)
0, (145, 229, 85, 56, 69, 58, 115, 61)
0, (155, 197, 81, 58, 68, 54, 123, 65)
0, (160, 190, 78, 51, 68, 54, 127, 61)
0, (158, 250, 75, 51, 70, 53, 127, 64)
0, (176, 245, 59, 51, 70, 58, 117, 67)
0, (169, 268, 66, 67, 81, 51, 111, 69)
0, (158, 266, 84, 67, 79, 55, 123, 67)
0, (154, 273, 85, 67, 80, 53, 105, 66)
0, (149, 236, 83, 70, 82, 54, 120, 74)
0, (110, 243, 82, 78, 76, 52, 123, 71)
0, (119, 305, 86, 65, 68, 49, 152, 65)
0, (122, 300, 71, 65, 69, 46, 149, 70)
0, (130, 301, 71, 70, 67, 46, 151, 73)
0, (132, 295, 71, 67, 57, 49, 145, 62)
0, (138, 287, 69, 56, 59, 48, 151, 62)
0, (121, 215, 57, 55, 55, 58, 126, 61)
0, (134, 215, 58, 57, 64, 61, 118, 56)
0, (159, 222, 61, 58, 66, 62, 121, 54)
0, (180, 221, 75, 61, 66, 65, 134, 56)
0, (177, 232, 77, 65, 64, 63, 122, 57)
0, (168, 229, 85, 65, 66, 55, 121, 50)
0, (155, 253, 80, 60, 58, 56, 140, 59)
0, (127, 237, 82, 48, 61, 66, 151, 60)
0, (97, 228, 73, 56, 63, 63, 142, 59)
0, (114, 219, 68, 50, 65, 65, 147, 58)
0, (117, 213, 63, 52, 62, 61, 151, 66)
0, (122, 208, 63, 53, 63, 60, 172, 55)
0, (118, 203, 67, 62, 65, 55, 168, 58)
0, (120, 204, 62, 56, 66, 58, 164, 61)
0, (107, 214, 63, 57, 64, 55, 164, 63)
0, (114, 201, 57, 55, 61, 57, 166, 61)
0, (136, 188, 62, 63, 66, 63, 131, 63)
0, (140, 236, 65, 65, 63, 57, 122, 63)
0, (138, 241, 67, 65, 66, 55, 127, 62)
0, (136, 222, 66, 64, 71, 55, 133, 60)
0, (136, 214, 69, 65, 71, 53, 114, 58)
0, (106, 230, 67, 65, 61, 49, 117, 57)
0, (102, 209, 65, 58, 59, 49, 119, 53)
0, (129, 273, 68, 55, 56, 48, 131, 62)
0, (137, 287, 67, 53, 49, 49, 125, 66)
0, (170, 302, 68, 58, 57, 51, 131, 66)
0, (182, 333, 73, 48, 70, 45, 118, 74)
0, (176, 456, 70, 47, 68, 52, 137, 73)
0, (154, 436, 67, 46, 66, 52, 131, 65)
0, (143, 443, 70, 45, 71, 54, 128, 61)
0, (92, 434, 68, 46, 70, 56, 134, 59)
0, (78, 395, 62, 53, 60, 58, 144, 46)
0, (82, 234, 50, 55, 69, 55, 119, 43)
0, (104, 242, 52, 69, 70, 54, 114, 44)
0, (110, 235, 54, 73, 69, 64, 134, 49)
0, (113, 248, 51, 68, 66, 60, 137, 51)
0, (115, 247, 53, 62, 62, 59, 125, 55)
0, (120, 249, 61, 70, 55, 60, 131, 60)
0, (108, 199, 60, 56, 54, 58, 129, 66)
0, (107, 215, 59, 54, 59, 53, 125, 65)
2, (119, 196, 59, 56, 64, 59, 138, 65)
2, (117, 210, 54, 58, 71, 61, 150, 65)
2, (115, 258, 48, 44, 69, 61, 149, 61)
3, (106, 259, 44, 49, 74, 60, 144, 54)
3, (108, 221, 38, 50, 77, 52, 129, 57)
3, (107, 214, 41, 50, 71, 59, 148, 56)
3, (105, 221, 39, 48, 71, 56, 135, 52)
3, (102, 144, 44, 49, 70, 56, 139, 54)
4, (180, 343, 193, 131, 110, 86, 334, 203)
4, (177, 347, 196, 126, 98, 88, 327, 201)
4, (221, 327, 191, 117, 100, 92, 367, 221)
4, (204, 327, 203, 154, 101, 67, 260, 203)
4, (200, 269, 173, 148, 64, 68, 258, 171)
4, (201, 210, 143, 137, 55, 68, 256, 233)
4, (241, 204, 148, 131, 57, 70, 267, 260)
4, (199, 230, 148, 138, 55, 64, 226, 258)
4, (222, 245, 140, 96, 55, 68, 234, 252)
4, (227, 260, 174, 118, 59, 65, 219, 253)
4, (243, 255, 173, 122, 63, 68, 208, 187)
4, (253, 308, 170, 126, 61, 64, 219, 184)
4, (278, 293, 164, 130, 61, 68, 253, 261)
4, (269, 314, 169, 133, 77, 71, 245, 279)
4, (279, 274, 141, 129, 76, 69, 237, 281)
4, (265, 290, 132, 129, 74, 64, 238, 286)
4, (261, 228, 136, 125, 80, 77, 357, 314)
4, (228, 241, 140, 126, 79, 71, 319, 229)
4, (212, 196, 123, 125, 65, 68, 320, 207)
4, (188, 222, 125, 105, 61, 64, 322, 200)
4, (205, 224, 131, 98, 63, 68, 336, 194)
4, (173, 220, 117, 107, 65, 69, 204, 85)
4, (169, 206, 131, 101, 74, 74, 195, 82)
4, (162, 193, 127, 117, 72, 80, 229, 97)
4, (158, 246, 118, 118, 69, 83, 232, 96)
4, (136, 219, 115, 122, 75, 79, 211, 95)
4, (94, 219, 117, 109, 70, 65, 190, 92)
4, (89, 215, 99, 100, 56, 57, 184, 89)
4, (90, 226, 92, 64, 52, 45, 131, 57)
4, (76, 122, 82, 62, 52, 55, 135, 55)
4, (86, 129, 71, 46, 56, 59, 138, 50)
4, (97, 145, 75, 50, 58, 61, 138, 48)
4, (98, 141, 70, 48, 60, 64, 141, 49)
4, (99, 241, 73, 46, 66, 64, 134, 45)
4, (108, 262, 76, 45, 85, 60, 111, 41)
4, (92, 296, 97, 44, 78, 56, 102, 37)
4, (85, 294, 91, 49, 75, 55, 101, 41)
4, (90, 327, 101, 55, 75, 53, 89, 43)
4, (88, 267, 101, 53, 72, 53, 93, 41)
4, (81, 252, 100, 49, 55, 44, 89, 43)
4, (87, 239, 92, 61, 53, 44, 88, 51)
4, (86, 246, 102, 67, 53, 56, 179, 51)
4, (93, 213, 89, 68, 62, 57, 183, 50)
4, (100, 263, 93, 69, 66, 56, 182, 53)
4, (129, 289, 88, 71, 71, 70, 202, 69)
4, (130, 273, 84, 69, 72, 100, 267, 72)
4, (133, 290, 82, 74, 78, 94, 213, 76)
4, (169, 288, 85, 73, 76, 98, 217, 85)
4, (170, 286, 82, 77, 72, 99, 223, 91)
4, (154, 270, 86, 82, 89, 104, 263, 84)
4, (157, 258, 82, 86, 112, 82, 209, 79)
4, (156, 247, 75, 80, 111, 86, 209, 76)
4, (119, 249, 74, 80, 110, 83, 209, 68)
4, (118, 203, 75, 80, 113, 83, 221, 64)
4, (115, 205, 70, 72, 97, 64, 150, 60)
4, (130, 215, 61, 64, 70, 60, 143, 56)
4, (127, 212, 63, 54, 63, 54, 150, 52)
4, (129, 229, 76, 65, 62, 57, 158, 60)
4, (103, 183, 49, 52, 65, 66, 151, 55)
4, (117, 196, 49, 55, 63, 66, 152, 51)
4, (108, 229, 50, 56, 65, 58, 127, 49)
4, (107, 234, 58, 56, 62, 58, 142, 53)
5, (138, 237, 70, 64, 81, 54, 134, 61)
5, (138, 222, 74, 65, 81, 58, 142, 62)
5, (115, 256, 81, 69, 84, 57, 141, 63)
5, (119, 241, 79, 71, 84, 54, 123, 63)
5, (138, 244, 68, 58, 87, 52, 124, 58)
5, (138, 237, 68, 63, 68, 51, 124, 51)
5, (142, 254, 65, 65, 67, 55, 115, 53)
5, (156, 224, 58, 59, 67, 51, 107, 52)
5, (151, 226, 55, 61, 68, 55, 120, 52)
5, (120, 219, 47, 61, 70, 64, 127, 47)
5, (116, 219, 48, 53, 72, 63, 121, 51)
5, (104, 195, 59, 52, 73, 55, 118, 48)
5, (86, 181, 58, 51, 74, 58, 121, 47)
5, (129, 207, 56, 49, 76, 55, 111, 52)
5, (141, 175, 57, 50, 77, 40, 73, 60)
5, (140, 176, 56, 48, 82, 45, 76, 58)
5, (143, 193, 44, 46, 76, 47, 94, 55)
5, (143, 216, 48, 59, 72, 54, 138, 54)
5, (145, 200, 56, 60, 68, 52, 140, 56)
5, (151, 210, 58, 61, 70, 58, 144, 49)
5, (105, 260, 54, 55, 79, 55, 155, 53)
5, (152, 214, 60, 69, 62, 65, 190, 58)
5, (141, 249, 51, 57, 83, 59, 178, 60)
5, (151, 214, 64, 73, 62, 63, 186, 65)
5, (129, 242, 51, 58, 83, 60, 184, 57)
5, (174, 222, 62, 63, 66, 62, 155, 65)
5, (127, 234, 47, 55, 81, 56, 169, 55)
5, (152, 218, 61, 62, 67, 62, 154, 65)
5, (125, 247, 40, 56, 83, 61, 166, 53)
5, (134, 211, 63, 62, 52, 61, 169, 64)
5, (136, 251, 43, 62, 77, 65, 156, 66)
5, (136, 189, 67, 61, 51, 53, 132, 56)
5, (111, 239, 52, 63, 72, 56, 133, 61)
5, (144, 213, 64, 61, 64, 58, 135, 66)
5, (106, 240, 57, 59, 64, 56, 143, 61)
5, (115, 224, 64, 60, 66, 58, 144, 67)
