0, (237, 354, 209, 158, 98, 50, 113, 337)
0, (235, 374, 240, 143, 100, 55, 113, 334)
0, (229, 376, 233, 143, 89, 55, 111, 302)
0, (213, 326, 237, 127, 89, 59, 112, 325)
0, (206, 330, 219, 159, 95, 62, 108, 303)
0, (206, 311, 190, 155, 95, 63, 117, 281)
0, (226, 288, 153, 173, 97, 56, 110, 286)
0, (229, 349, 171, 192, 94, 56, 113, 301)
0, (238, 344, 199, 187, 90, 59, 113, 273)
0, (222, 335, 206, 244, 89, 57, 133, 250)
0, (250, 360, 208, 263, 86, 53, 112, 322)
0, (267, 420, 204, 254, 81, 64, 131, 331)
0, (277, 358, 189, 232, 88, 74, 131, 330)
0, (267, 349, 146, 270, 115, 71, 133, 327)
0, (271, 359, 124, 213, 117, 72, 106, 266)
0, (273, 368, 127, 202, 116, 82, 135, 231)
0, (255, 328, 128, 212, 123, 96, 166, 331)
0, (260, 349, 150, 229, 125, 88, 162, 331)
0, (258, 351, 154, 213, 113, 90, 161, 345)
0, (252, 370, 195, 248, 110, 89, 166, 353)
0, (211, 352, 196, 240, 108, 93, 186, 323)
0, (206, 371, 199, 231, 110, 74, 146, 194)
0, (218, 350, 185, 250, 118, 76, 151, 248)
0, (209, 354, 217, 237, 107, 73, 150, 237)
0, (241, 320, 204, 217, 97, 81, 163, 231)
0, (236, 317, 228, 223, 98, 73, 132, 225)
0, (228, 323, 236, 230, 82, 71, 135, 223)
0, (273, 382, 262, 203, 58, 72, 142, 142)
0, (281, 394, 238, 200, 71, 81, 145, 183)
0, (255, 416, 219, 178, 69, 74, 129, 225)
0, (272, 424, 197, 173, 77, 68, 132, 292)
0, (272, 430, 185, 176, 79, 68, 128, 299)
0, (208, 368, 142, 171, 88, 61, 109, 300)
0, (199, 347, 155, 158, 83, 47, 105, 274)
0, (205, 334, 153, 145, 87, 46, 100, 239)
0, (187, 368, 147, 139, 83, 42, 69, 153)
0, (179, 331, 144, 118, 82, 41, 75, 138)
0, (157, 338, 139, 152, 73, 36, 72, 121)
1, (152, 343, 164, 146, 66, 38, 80, 104)
1, (128, 333, 166, 145, 61, 37, 89, 93)
1, (151, 274, 170, 154, 64, 48, 100, 80)
1, (161, 238, 168, 182, 62, 46, 91, 73)
1, (168, 279, 178, 144, 63, 50, 92, 73)
1, (169, 293, 152, 139, 69, 50, 82, 74)
1, (192, 353, 147, 136, 73, 50, 77, 74)
1, (158, 352, 139, 121, 68, 42, 80, 87)
1, (145, 357, 140, 64, 72, 48, 84, 90)
1, (134, 341, 121, 66, 76, 56, 83, 91)
1, (156, 326, 107, 68, 70, 54, 86, 90)
1, (132, 293, 106, 67, 74, 57, 94, 88)
1, (170, 300, 98, 68, 78, 61, 77, 49)
1, (168, 313, 119, 72, 80, 57, 71, 41)
1, (182, 272, 127, 65, 77, 48, 71, 37)
1, (180, 351, 126, 63, 78, 47, 70, 43)
1, (186, 345, 135, 70, 70, 46, 51, 44)
1, (159, 330, 134, 68, 66, 46, 47, 45)
1, (176, 337, 129, 62, 62, 51, 57, 50)
1, (225, 349, 122, 70, 58, 51, 71, 51)
1, (222, 267, 122, 69, 58, 53, 78, 49)
1, (216, 253, 118, 64, 64, 53, 78, 46)
1, (219, 257, 127, 63, 65, 47, 81, 48)
1, (217, 293, 110, 67, 68, 42, 78, 48)
1, (156, 336, 99, 59, 70, 42, 78, 51)
2, (151, 331, 93, 64, 79, 49, 75, 48)
2, (204, 333, 110, 67, 86, 59, 88, 54)
2, (244, 362, 101, 64, 82, 58, 83, 53)
2, (246, 330, 101, 61, 79, 59, 83, 49)
2, (252, 280, 101, 61, 79, 64, 82, 43)
2, (297, 281, 114, 52, 83, 58, 79, 44)
2, (288, 275, 104, 46, 75, 48, 65, 39)
2, (260, 271, 110, 59, 79, 48, 71, 38)
2, (251, 279, 122, 62, 81, 46, 73, 41)
2, (294, 286, 132, 64, 79, 48, 66, 45)
2, (270, 338, 124, 61, 69, 55, 93, 45)
2, (261, 400, 120, 75, 71, 56, 97, 50)
2, (267, 380, 117, 69, 71, 58, 97, 51)
2, (276, 369, 111, 63, 71, 61, 103, 51)
2, (232, 368, 105, 62, 70, 57, 114, 49)
2, (204, 372, 110, 69, 67, 51, 102, 55)
2, (201, 290, 105, 55, 59, 49, 99, 52)
2, (192, 288, 100, 50, 60, 52, 113, 52)
2, (183, 289, 112, 60, 66, 50, 114, 51)
2, (166, 351, 107, 61, 71, 47, 104, 54)
2, (168, 307, 103, 60, 80, 53, 111, 52)
2, (202, 303, 102, 64, 83, 53, 112, 53)
2, (233, 298, 109, 64, 82, 53, 102, 54)
2, (232, 306, 91, 59, 75, 59, 103, 54)
2, (229, 234, 96, 57, 72, 59, 106, 50)
2, (253, 223, 98, 53, 70, 59, 110, 56)
2, (259, 240, 101, 49, 65, 59, 122, 89)
2, (228, 293, 102, 62, 67, 56, 118, 95)
2, (233, 279, 126, 63, 70, 52, 122, 99)
2, (251, 289, 119, 78, 68, 52, 142, 104)
2, (340, 289, 118, 83, 67, 52, 134, 104)
2, (316, 282, 120, 98, 71, 54, 122, 89)
2, (325, 300, 126, 163, 71, 51, 122, 97)
2, (327, 301, 102, 182, 81, 57, 130, 102)
2, (327, 294, 111, 187, 97, 61, 138, 103)
2, (266, 310, 129, 199, 104, 69, 153, 112)
2, (259, 339, 129, 197, 102, 70, 157, 103)
2, (251, 273, 121, 152, 106, 72, 159, 92)
2, (266, 284, 124, 129, 101, 72, 144, 86)
2, (259, 361, 120, 118, 96, 72, 114, 254)
2, (249, 366, 98, 112, 85, 69, 132, 272)
2, (255, 338, 99, 106, 86, 65, 127, 281)
2, (260, 351, 94, 101, 79, 68, 127, 287)
2, (242, 379, 159, 157, 91, 75, 142, 292)
2, (252, 330, 178, 177, 93, 76, 145, 189)
2, (259, 327, 190, 184, 89, 70, 105, 160)
2, (253, 359, 194, 195, 89, 70, 107, 293)
2, (255, 426, 201, 198, 95, 75, 119, 305)
2, (264, 399, 160, 157, 85, 65, 120, 312)
2, (264, 323, 149, 208, 71, 62, 122, 260)
2, (267, 378, 145, 142, 79, 61, 122, 305)
2, (276, 280, 154, 192, 82, 65, 119, 266)
2, (227, 371, 166, 140, 77, 59, 123, 309)
2, (259, 315, 158, 162, 82, 66, 114, 270)
2, (242, 360, 166, 133, 74, 66, 129, 185)
2, (235, 277, 176, 173, 86, 68, 115, 262)
2, (254, 313, 162, 135, 81, 60, 120, 169)
2, (240, 309, 184, 173, 86, 63, 104, 234)
2, (278, 317, 178, 143, 82, 63, 119, 284)
2, (272, 352, 181, 154, 90, 66, 97, 321)
2, (291, 337, 185, 150, 85, 66, 113, 295)
2, (313, 350, 173, 144, 84, 70, 102, 310)
2, (322, 365, 156, 135, 95, 74, 118, 293)
2, (330, 320, 164, 137, 78, 69, 106, 312)
2, (312, 372, 160, 128, 96, 69, 115, 301)
2, (325, 330, 145, 128, 68, 71, 115, 315)
2, (295, 413, 176, 120, 87, 70, 115, 299)
2, (313, 349, 156, 130, 72, 75, 135, 299)
2, (290, 405, 167, 118, 81, 66, 106, 179)
2, (300, 317, 163, 126, 69, 69, 140, 236)
2, (276, 383, 161, 124, 75, 65, 112, 150)
2, (255, 362, 212, 118, 65, 55, 128, 360)
2, (245, 359, 157, 130, 65, 60, 112, 143)
2, (241, 420, 213, 114, 69, 57, 125, 354)
2, (282, 390, 157, 131, 72, 62, 106, 113)
2, (296, 437, 216, 123, 68, 57, 117, 351)
2, (280, 334, 145, 133, 77, 66, 105, 234)
2, (344, 445, 209, 112, 69, 53, 94, 350)
2, (272, 339, 146, 130, 80, 82, 131, 237)
2, (339, 492, 221, 135, 71, 53, 82, 379)
2, (271, 350, 149, 106, 81, 82, 125, 243)
2, (349, 490, 187, 163, 91, 68, 88, 276)
2, (256, 337, 150, 99, 87, 77, 116, 250)
2, (354, 449, 214, 182, 109, 81, 107, 372)
2, (280, 317, 136, 104, 78, 76, 122, 252)
2, (301, 422, 216, 178, 119, 80, 119, 383)
2, (335, 328, 165, 109, 72, 71, 135, 338)
2, (254, 378, 225, 182, 119, 86, 148, 382)
2, (323, 343, 166, 109, 71, 58, 116, 411)
2, (253, 339, 226, 189, 117, 90, 176, 323)
2, (325, 357, 168, 123, 72, 55, 117, 415)
2, (248, 301, 216, 194, 109, 107, 235, 325)
2, (348, 371, 185, 143, 73, 78, 152, 414)
2, (224, 320, 201, 193, 100, 97, 229, 302)
2, (306, 357, 213, 149, 84, 84, 154, 421)
2, (294, 379, 205, 187, 95, 93, 223, 335)
2, (254, 344, 201, 167, 89, 89, 158, 404)
2, (279, 373, 201, 178, 94, 90, 210, 335)
2, (363, 347, 192, 174, 87, 81, 157, 376)
2, (269, 362, 210, 163, 92, 90, 194, 325)
2, (358, 363, 208, 170, 101, 83, 161, 372)
2, (274, 367, 228, 132, 83, 54, 114, 328)
2, (347, 400, 210, 149, 96, 62, 127, 370)
2, (295, 359, 207, 125, 80, 68, 161, 283)
2, (379, 387, 187, 143, 93, 55, 119, 368)
2, (244, 304, 191, 142, 76, 71, 160, 371)
2, (380, 369, 168, 137, 88, 46, 98, 374)
2, (298, 320, 182, 148, 78, 68, 152, 373)
2, (294, 363, 169, 142, 98, 64, 138, 351)
2, (309, 348, 165, 137, 84, 61, 139, 363)
3, (286, 352, 170, 169, 102, 53, 99, 397)
3, (283, 353, 171, 167, 96, 60, 117, 385)
3, (264, 347, 183, 163, 80, 65, 137, 420)
3, (270, 347, 179, 171, 70, 67, 134, 332)
3, (254, 339, 184, 169, 62, 70, 131, 320)
3, (238, 327, 204, 161, 73, 70, 138, 298)
3, (246, 375, 200, 156, 79, 61, 126, 282)
3, (273, 355, 178, 134, 83, 55, 116, 326)
3, (247, 359, 214, 131, 88, 57, 131, 338)
3, (239, 362, 205, 113, 90, 51, 129, 335)
3, (233, 360, 205, 116, 88, 51, 123, 339)
3, (278, 330, 213, 119, 89, 60, 126, 343)
3, (261, 307, 213, 136, 85, 58, 128, 324)
3, (258, 324, 172, 136, 79, 58, 127, 294)
3, (284, 303, 183, 155, 93, 62, 128, 341)
3, (296, 285, 167, 167, 98, 61, 125, 339)
3, (255, 258, 167, 162, 90, 52, 114, 335)
3, (230, 260, 179, 173, 90, 71, 124, 333)
3, (254, 252, 174, 189, 89, 71, 109, 330)
3, (249, 271, 170, 195, 78, 69, 108, 312)
3, (262, 302, 167, 182, 69, 69, 108, 328)
3, (266, 305, 162, 188, 80, 73, 126, 390)
3, (305, 335, 182, 217, 94, 63, 106, 358)
3, (294, 367, 180, 205, 104, 58, 101, 377)
3, (309, 368, 184, 183, 98, 62, 102, 358)
3, (313, 405, 224, 204, 104, 62, 111, 348)
3, (294, 391, 231, 199, 100, 66, 106, 341)
3, (266, 411, 231, 143, 92, 63, 108, 319)
3, (271, 409, 248, 138, 88, 69, 110, 294)
3, (254, 421, 250, 141, 93, 71, 126, 340)
3, (234, 392, 221, 151, 99, 74, 118, 345)
3, (230, 422, 216, 166, 101, 73, 113, 346)
3, (224, 415, 208, 172, 101, 74, 122, 323)
3, (238, 372, 190, 189, 100, 69, 119, 321)
3, (256, 349, 179, 193, 111, 63, 99, 286)
3, (266, 319, 198, 165, 101, 63, 104, 269)
3, (306, 307, 194, 156, 94, 57, 110, 282)
3, (304, 297, 181, 157, 111, 57, 107, 282)
3, (292, 299, 192, 134, 107, 60, 117, 280)
3, (275, 323, 185, 129, 94, 70, 132, 280)
3, (266, 394, 158, 125, 91, 68, 146, 286)
3, (224, 386, 160, 122, 108, 69, 139, 218)
3, (241, 348, 138, 125, 93, 64, 129, 331)
3, (282, 384, 122, 139, 93, 67, 131, 351)
3, (267, 412, 133, 165, 92, 63, 131, 341)
3, (277, 337, 153, 200, 98, 61, 115, 333)
3, (304, 362, 150, 203, 81, 59, 111, 309)
3, (306, 361, 150, 200, 73, 65, 121, 248)
4, (260, 340, 189, 155, 86, 71, 134, 333)
4, (250, 335, 176, 143, 89, 71, 123, 328)
4, (238, 365, 205, 128, 87, 54, 114, 304)
4, (293, 370, 205, 161, 87, 56, 138, 323)
4, (270, 405, 213, 154, 88, 58, 128, 325)
4, (265, 409, 204, 153, 82, 59, 127, 293)
4, (264, 418, 207, 166, 82, 59, 129, 299)
4, (251, 397, 182, 162, 84, 70, 153, 321)
4, (200, 373, 199, 160, 87, 70, 128, 321)
4, (212, 303, 204, 157, 87, 71, 132, 381)
4, (237, 268, 187, 153, 93, 73, 140, 323)
4, (234, 257, 206, 148, 101, 77, 142, 324)
4, (245, 247, 192, 154, 113, 76, 123, 300)
4, (254, 324, 181, 143, 106, 77, 137, 323)
4, (238, 322, 173, 157, 101, 71, 132, 225)
4, (227, 313, 168, 166, 106, 71, 121, 221)
4, (233, 325, 141, 165, 97, 65, 118, 230)
4, (217, 334, 161, 158, 78, 55, 105, 235)
4, (185, 264, 167, 146, 82, 47, 80, 304)
4, (186, 271, 194, 147, 93, 50, 82, 317)
4, (203, 313, 198, 161, 104, 52, 100, 319)
4, (221, 303, 199, 159, 110, 57, 101, 343)
4, (251, 330, 192, 181, 123, 57, 97, 351)
4, (267, 333, 197, 177, 127, 58, 106, 376)
4, (285, 353, 175, 181, 124, 57, 112, 381)
5, (230, 328, 194, 263, 106, 79, 134, 323)
5, (215, 350, 203, 269, 106, 78, 132, 340)
5, (183, 376, 206, 267, 107, 60, 102, 360)
5, (199, 361, 246, 307, 105, 57, 101, 284)
5, (206, 384, 249, 321, 95, 56, 97, 290)
5, (219, 364, 215, 283, 114, 68, 95, 300)
5, (273, 326, 190, 289, 111, 64, 75, 341)
5, (343, 301, 175, 305, 106, 65, 84, 373)
5, (346, 293, 124, 312, 114, 75, 102, 356)
5, (359, 276, 129, 307, 117, 81, 116, 348)
5, (370, 265, 128, 256, 107, 75, 118, 344)
5, (329, 295, 151, 244, 105, 72, 134, 368)
5, (252, 282, 164, 222, 104, 70, 131, 329)
5, (304, 311, 161, 141, 94, 72, 147, 329)
5, (332, 308, 166, 132, 101, 69, 142, 324)
5, (314, 322, 162, 131, 88, 65, 144, 325)
5, (308, 296, 166, 127, 89, 72, 137, 267)
5, (306, 358, 168, 129, 108, 79, 154, 217)
5, (276, 350, 165, 152, 113, 72, 126, 223)
5, (233, 362, 160, 156, 104, 68, 123, 232)
5, (231, 351, 167, 155, 105, 68, 117, 298)
5, (234, 355, 185, 154, 106, 66, 136, 315)
5, (225, 355, 192, 150, 89, 75, 158, 324)
5, (177, 394, 198, 140, 75, 72, 166, 326)
5, (191, 397, 217, 166, 82, 84, 184, 327)
5, (203, 412, 239, 170, 101, 88, 182, 313)
5, (198, 400, 211, 176, 101, 85, 175, 298)
5, (203, 370, 203, 181, 107, 74, 160, 301)
5, (229, 318, 215, 180, 127, 82, 160, 309)
5, (205, 300, 199, 169, 121, 71, 139, 392)
5, (215, 294, 181, 174, 107, 68, 155, 378)
5, (207, 345, 198, 165, 111, 77, 151, 343)
5, (222, 369, 196, 173, 109, 80, 138, 343)
5, (232, 379, 181, 166, 85, 74, 129, 420)
5, (242, 388, 187, 150, 81, 73, 138, 334)
5, (251, 381, 194, 156, 82, 85, 137, 333)
5, (265, 361, 176, 149, 79, 77, 131, 333)
5, (285, 341, 166, 152, 80, 75, 133, 338)
