0, (188, 219, 115, 104, 72, 64, 148, 327)
0, (199, 216, 120, 100, 82, 67, 143, 298)
0, (199, 219, 131, 89, 83, 70, 156, 292)
0, (194, 182, 123, 83, 85, 62, 135, 333)
0, (193, 215, 123, 96, 83, 67, 137, 283)
0, (191, 208, 117, 107, 78, 58, 121, 263)
0, (200, 216, 119, 108, 70, 56, 115, 261)
0, (189, 214, 104, 108, 68, 53, 106, 268)
0, (195, 223, 89, 111, 56, 50, 106, 297)
0, (230, 231, 87, 118, 64, 40, 98, 268)
0, (280, 246, 87, 108, 75, 44, 82, 265)
0, (270, 240, 117, 121, 75, 54, 94, 270)
0, (270, 250, 124, 132, 72, 54, 93, 341)
0, (286, 254, 137, 141, 72, 59, 99, 277)
0, (266, 223, 136, 132, 65, 58, 102, 286)
0, (219, 212, 139, 131, 59, 59, 122, 337)
0, (232, 214, 110, 146, 58, 60, 123, 361)
0, (220, 200, 106, 140, 64, 62, 124, 290)
0, (179, 182, 97, 128, 64, 58, 120, 282)
0, (188, 191, 119, 140, 72, 65, 115, 264)
0, (188, 199, 134, 166, 74, 74, 165, 208)
0, (177, 199, 137, 145, 78, 64, 161, 149)
0, (170, 229, 133, 140, 73, 61, 154, 136)
0, (166, 196, 123, 138, 77, 59, 152, 123)
0, (146, 199, 113, 115, 67, 52, 158, 111)
0, (133, 190, 102, 66, 69, 32, 84, 70)
0, (174, 184, 105, 61, 81, 34, 83, 58)
0, (181, 157, 115, 81, 83, 48, 104, 57)
0, (187, 187, 121, 77, 78, 49, 105, 49)
0, (183, 176, 116, 76, 77, 51, 100, 46)
0, (193, 180, 104, 75, 77, 54, 98, 47)
0, (157, 175, 103, 79, 57, 58, 87, 47)
0, (151, 219, 92, 58, 59, 48, 58, 45)
0, (149, 194, 88, 61, 69, 54, 62, 47)
0, (159, 202, 85, 68, 75, 54, 61, 47)
0, (165, 196, 86, 69, 78, 52, 61, 46)
0, (146, 221, 83, 67, 77, 48, 64, 44)
0, (150, 198, 88, 68, 77, 47, 66, 43)
0, (146, 198, 87, 65, 68, 42, 58, 41)
0, (175, 191, 83, 75, 61, 39, 55, 44)
0, (152, 197, 83, 77, 73, 45, 53, 45)
0, (163, 200, 98, 77, 76, 53, 61, 43)
0, (195, 226, 97, 78, 78, 57, 68, 46)
0, (216, 223, 94, 81, 79, 59, 70, 46)
0, (186, 222, 94, 66, 82, 59, 80, 44)
0, (228, 220, 107, 60, 74, 67, 83, 55)
0, (263, 241, 92, 59, 75, 67, 75, 53)
0, (246, 214, 84, 54, 70, 62, 76, 49)
0, (233, 221, 83, 55, 85, 62, 76, 51)
0, (238, 233, 81, 65, 87, 62, 63, 50)
0, (216, 233, 79, 64, 81, 49, 57, 39)
0, (221, 232, 79, 59, 80, 50, 65, 45)
0, (228, 227, 86, 57, 84, 56, 64, 47)
0, (226, 239, 91, 56, 74, 56, 63, 46)
0, (221, 234, 100, 41, 70, 57, 65, 46)
0, (222, 239, 87, 57, 87, 61, 74, 45)
0, (168, 258, 81, 68, 92, 59, 80, 39)
0, (162, 250, 74, 76, 90, 54, 76, 42)
0, (179, 240, 77, 74, 87, 52, 74, 41)
0, (177, 231, 69, 77, 92, 50, 78, 44)
0, (172, 264, 69, 71, 72, 42, 73, 43)
0, (205, 209, 80, 59, 64, 36, 64, 44)
0, (202, 219, 80, 54, 63, 37, 68, 42)
0, (191, 207, 79, 58, 59, 40, 70, 49)
0, (204, 213, 85, 51, 81, 44, 72, 50)
0, (199, 214, 90, 48, 89, 51, 77, 51)
0, (197, 208, 80, 58, 95, 51, 74, 53)
0, (198, 210, 89, 69, 103, 52, 81, 55)
0, (210, 215, 86, 66, 122, 52, 81, 50)
0, (210, 223, 86, 69, 110, 52, 76, 49)
0, (224, 262, 92, 69, 106, 48, 69, 49)
0, (208, 272, 96, 62, 101, 48, 77, 51)
0, (211, 263, 90, 55, 98, 45, 62, 48)
0, (217, 273, 108, 66, 91, 44, 64, 49)
0, (202, 309, 108, 70, 87, 44, 71, 48)
0, (185, 240, 100, 75, 90, 46, 77, 49)
0, (185, 229, 96, 73, 88, 48, 72, 46)
0, (200, 235, 102, 73, 89, 48, 82, 47)
0, (174, 260, 81, 61, 82, 46, 83, 50)
0, (179, 223, 81, 56, 78, 46, 85, 52)
0, (173, 220, 77, 53, 72, 51, 87, 53)
0, (168, 223, 92, 59, 75, 51, 99, 75)
0, (134, 205, 87, 57, 74, 51, 94, 76)
0, (142, 223, 94, 70, 62, 54, 89, 78)
0, (158, 230, 92, 76, 65, 56, 104, 75)
0, (165, 236, 99, 93, 72, 53, 107, 94)
0, (177, 245, 87, 90, 88, 53, 99, 87)
0, (189, 291, 89, 94, 85, 53, 102, 89)
0, (226, 272, 93, 107, 90, 48, 114, 215)
0, (213, 249, 89, 103, 88, 51, 116, 232)
0, (228, 246, 84, 86, 87, 45, 110, 230)
0, (246, 281, 81, 86, 75, 42, 106, 235)
0, (252, 255, 87, 92, 69, 49, 120, 243)
0, (222, 228, 78, 66, 68, 54, 124, 163)
1, (226, 225, 92, 76, 75, 51, 105, 141)
1, (213, 269, 110, 75, 69, 52, 102, 137)
1, (180, 237, 128, 75, 63, 52, 107, 123)
1, (207, 221, 120, 61, 66, 54, 100, 104)
1, (200, 220, 120, 63, 66, 60, 101, 216)
1, (208, 223, 118, 48, 63, 61, 106, 232)
1, (210, 219, 115, 51, 65, 61, 109, 237)
1, (215, 212, 98, 57, 65, 65, 118, 243)
1, (174, 206, 99, 61, 62, 57, 109, 245)
1, (178, 212, 110, 58, 60, 53, 109, 134)
1, (170, 244, 111, 64, 59, 52, 107, 104)
1, (157, 204, 105, 67, 59, 53, 106, 90)
1, (208, 201, 104, 65, 63, 52, 92, 103)
1, (209, 205, 114, 67, 66, 53, 86, 103)
1, (201, 197, 113, 69, 72, 47, 65, 103)
1, (202, 164, 110, 75, 73, 66, 93, 99)
1, (211, 205, 106, 104, 70, 69, 97, 97)
1, (175, 200, 104, 113, 69, 69, 96, 233)
1, (186, 219, 106, 113, 70, 68, 96, 234)
1, (186, 226, 95, 116, 58, 67, 103, 239)
1, (199, 243, 86, 119, 56, 58, 105, 245)
1, (189, 201, 82, 102, 61, 53, 101, 249)
1, (170, 197, 83, 98, 60, 51, 100, 251)
1, (181, 181, 64, 94, 59, 55, 117, 294)
1, (244, 205, 85, 102, 61, 53, 116, 300)
1, (252, 226, 92, 100, 58, 51, 124, 298)
1, (257, 230, 100, 92, 60, 52, 126, 295)
1, (253, 237, 113, 104, 65, 52, 131, 192)
1, (242, 234, 114, 105, 67, 51, 119, 111)
1, (201, 237, 98, 93, 71, 56, 116, 298)
1, (188, 216, 89, 84, 72, 48, 80, 315)
1, (180, 210, 80, 93, 78, 49, 78, 324)
1, (199, 218, 63, 86, 79, 48, 64, 326)
1, (208, 218, 65, 96, 78, 60, 68, 327)
1, (189, 203, 75, 100, 75, 60, 67, 191)
1, (176, 196, 85, 101, 81, 68, 89, 275)
1, (216, 197, 100, 107, 81, 66, 90, 276)
1, (212, 180, 111, 121, 84, 68, 92, 276)
1, (207, 183, 111, 143, 85, 63, 96, 277)
1, (218, 215, 115, 151, 88, 71, 123, 291)
1, (244, 208, 115, 183, 102, 67, 108, 301)
1, (235, 225, 108, 179, 101, 69, 109, 297)
2, (207, 225, 137, 116, 81, 54, 115, 338)
2, (196, 236, 118, 111, 91, 52, 111, 334)
2, (172, 250, 109, 112, 98, 57, 110, 330)
2, (206, 213, 108, 132, 96, 57, 102, 328)
2, (204, 185, 103, 130, 91, 57, 99, 327)
2, (213, 206, 98, 163, 91, 62, 101, 158)
2, (214, 243, 114, 167, 81, 64, 104, 290)
2, (297, 237, 122, 167, 66, 63, 107, 288)
2, (279, 237, 118, 157, 63, 56, 97, 289)
2, (267, 251, 122, 175, 64, 52, 84, 275)
2, (271, 249, 130, 140, 56, 48, 86, 278)
2, (286, 248, 120, 148, 57, 44, 84, 148)
2, (211, 248, 113, 160, 71, 48, 87, 170)
2, (230, 262, 107, 157, 78, 52, 87, 271)
2, (218, 253, 117, 141, 81, 55, 83, 288)
2, (205, 265, 119, 150, 82, 56, 79, 279)
2, (183, 230, 132, 142, 82, 60, 83, 276)
2, (221, 249, 137, 115, 77, 58, 76, 270)
2, (191, 255, 166, 135, 71, 55, 80, 167)
2, (208, 271, 163, 135, 62, 52, 87, 266)
2, (232, 269, 165, 123, 60, 54, 111, 266)
2, (239, 274, 164, 125, 68, 52, 111, 267)
2, (236, 263, 155, 146, 72, 57, 119, 269)
2, (232, 260, 119, 141, 75, 58, 116, 275)
2, (226, 237, 131, 166, 81, 58, 111, 304)
2, (231, 212, 123, 164, 82, 57, 93, 304)
2, (226, 222, 113, 164, 75, 58, 90, 303)
2, (204, 289, 122, 145, 75, 49, 72, 297)
2, (224, 272, 133, 134, 75, 57, 79, 288)
2, (259, 275, 144, 136, 85, 60, 102, 111)
2, (242, 281, 155, 137, 86, 57, 99, 130)
2, (237, 306, 155, 133, 88, 55, 109, 271)
2, (222, 225, 164, 149, 81, 54, 108, 273)
2, (235, 222, 154, 160, 76, 45, 103, 271)
2, (200, 294, 134, 127, 54, 44, 88, 283)
2, (198, 304, 121, 138, 65, 43, 92, 279)
2, (210, 261, 115, 143, 83, 51, 81, 175)
2, (243, 277, 119, 134, 86, 58, 87, 256)
2, (231, 311, 130, 122, 86, 59, 85, 257)
2, (217, 245, 128, 125, 88, 59, 80, 245)
2, (221, 228, 135, 162, 92, 58, 74, 245)
2, (223, 233, 148, 167, 73, 57, 86, 226)
2, (190, 267, 132, 172, 74, 51, 89, 234)
2, (175, 239, 129, 177, 77, 57, 124, 302)
2, (184, 227, 129, 173, 78, 56, 130, 302)
2, (190, 222, 128, 154, 79, 57, 134, 299)
2, (186, 258, 118, 149, 85, 54, 126, 301)
2, (197, 280, 126, 153, 84, 60, 124, 225)
2, (192, 297, 123, 161, 85, 66, 124, 218)
2, (210, 305, 126, 170, 84, 66, 111, 220)
2, (214, 317, 122, 168, 74, 69, 105, 219)
2, (223, 284, 122, 166, 74, 67, 103, 219)
2, (226, 266, 117, 162, 85, 63, 102, 226)
2, (234, 247, 111, 146, 87, 55, 90, 218)
2, (222, 237, 105, 143, 87, 57, 95, 290)
2, (218, 220, 120, 130, 88, 53, 95, 293)
2, (212, 221, 117, 136, 95, 57, 95, 291)
2, (198, 174, 115, 132, 91, 63, 101, 285)
2, (194, 151, 122, 145, 96, 56, 81, 230)
2, (216, 147, 120, 165, 103, 68, 97, 146)
2, (206, 155, 105, 162, 115, 73, 111, 284)
2, (202, 194, 109, 152, 108, 70, 114, 286)
2, (201, 191, 101, 143, 107, 63, 108, 286)
2, (197, 192, 92, 135, 104, 73, 136, 286)
2, (161, 192, 87, 102, 97, 61, 123, 280)
2, (213, 192, 91, 101, 76, 55, 112, 193)
2, (223, 206, 87, 105, 73, 59, 121, 249)
2, (239, 186, 89, 111, 74, 72, 146, 256)
2, (240, 195, 92, 119, 72, 61, 115, 258)
2, (247, 209, 113, 128, 75, 60, 112, 255)
2, (213, 261, 107, 125, 83, 62, 115, 227)
2, (207, 222, 102, 121, 83, 60, 106, 311)
2, (210, 229, 101, 135, 75, 49, 81, 304)
2, (215, 242, 105, 127, 68, 51, 80, 299)
2, (213, 284, 91, 126, 62, 49, 88, 299)
2, (220, 243, 94, 132, 56, 51, 91, 305)
2, (221, 253, 115, 132, 56, 50, 90, 291)
2, (209, 258, 136, 113, 62, 50, 81, 298)
2, (210, 266, 135, 130, 69, 49, 80, 297)
2, (213, 213, 132, 127, 78, 54, 85, 297)
2, (215, 219, 130, 124, 85, 50, 79, 286)
2, (232, 216, 120, 159, 102, 56, 80, 273)
2, (225, 250, 104, 166, 102, 64, 108, 298)
2, (229, 226, 100, 170, 99, 69, 117, 300)
3, (285, 278, 117, 138, 60, 45, 113, 282)
3, (254, 246, 116, 133, 64, 50, 131, 282)
3, (283, 242, 119, 119, 67, 52, 132, 293)
3, (273, 231, 124, 115, 68, 51, 119, 293)
3, (310, 235, 111, 109, 76, 56, 127, 286)
3, (267, 231, 110, 94, 78, 58, 129, 281)
3, (269, 226, 108, 91, 75, 53, 109, 287)
3, (241, 225, 94, 82, 79, 49, 97, 277)
3, (258, 232, 77, 84, 77, 48, 98, 283)
3, (225, 268, 77, 77, 74, 49, 89, 284)
3, (230, 205, 81, 74, 69, 49, 86, 282)
3, (226, 211, 88, 111, 69, 48, 92, 285)
3, (255, 225, 126, 140, 65, 49, 91, 284)
3, (253, 227, 129, 141, 61, 52, 93, 278)
3, (253, 182, 126, 143, 63, 59, 112, 160)
3, (254, 184, 128, 152, 65, 59, 107, 299)
3, (262, 190, 141, 128, 73, 66, 115, 304)
3, (222, 221, 118, 109, 79, 68, 115, 303)
3, (236, 212, 122, 123, 82, 67, 119, 296)
3, (225, 200, 119, 124, 82, 60, 98, 296)
3, (215, 259, 116, 113, 91, 62, 105, 229)
3, (213, 260, 95, 123, 98, 61, 107, 235)
3, (230, 218, 113, 121, 92, 58, 110, 239)
3, (208, 222, 121, 115, 93, 59, 108, 245)
3, (203, 264, 140, 111, 95, 64, 127, 245)
3, (219, 238, 137, 119, 90, 61, 129, 202)
4, (237, 194, 140, 110, 72, 43, 90, 286)
4, (192, 152, 92, 122, 72, 50, 90, 271)
4, (209, 139, 76, 120, 72, 50, 86, 274)
4, (198, 139, 81, 124, 68, 48, 91, 279)
4, (225, 148, 93, 127, 67, 47, 91, 273)
4, (230, 146, 87, 117, 63, 50, 88, 250)
4, (252, 198, 96, 111, 57, 46, 84, 241)
4, (235, 198, 101, 126, 56, 49, 95, 235)
4, (255, 215, 103, 121, 60, 50, 106, 223)
4, (225, 215, 113, 127, 55, 49, 106, 276)
5, (196, 248, 99, 129, 69, 52, 101, 370)
5, (182, 275, 98, 117, 68, 50, 98, 258)
5, (220, 203, 99, 119, 76, 58, 119, 251)
5, (196, 200, 107, 123, 80, 70, 150, 244)
5, (196, 202, 104, 122, 71, 72, 154, 304)
5, (206, 204, 113, 124, 76, 73, 154, 308)
5, (221, 179, 110, 137, 83, 69, 156, 313)
5, (208, 209, 112, 155, 74, 63, 143, 328)
5, (206, 207, 110, 142, 69, 50, 120, 373)
5, (219, 214, 118, 138, 75, 52, 112, 300)
5, (264, 238, 147, 134, 72, 47, 97, 278)
5, (251, 242, 154, 126, 62, 44, 95, 273)
5, (237, 193, 153, 102, 69, 44, 88, 266)
5, (247, 197, 150, 98, 73, 44, 77, 266)
