0, (226, 82, 87, 105, 113, 65, 96, 94)
0, (231, 76, 92, 98, 120, 64, 96, 95)
0, (213, 75, 87, 86, 112, 67, 109, 96)
0, (188, 75, 80, 88, 95, 64, 113, 82)
0, (175, 75, 87, 84, 87, 66, 115, 78)
0, (191, 74, 84, 93, 81, 56, 106, 80)
0, (165, 76, 85, 99, 87, 61, 110, 86)
0, (219, 80, 112, 109, 88, 54, 97, 89)
0, (220, 78, 119, 122, 92, 57, 128, 97)
0, (256, 101, 111, 122, 103, 53, 127, 96)
0, (260, 105, 106, 118, 113, 62, 127, 94)
0, (263, 104, 103, 119, 106, 59, 120, 89)
0, (227, 96, 77, 120, 104, 61, 126, 108)
0, (237, 93, 78, 117, 129, 62, 98, 90)
0, (233, 70, 101, 118, 123, 70, 108, 90)
0, (219, 53, 107, 116, 114, 67, 119, 97)
0, (218, 59, 108, 114, 110, 67, 124, 119)
0, (207, 61, 102, 107, 111, 68, 125, 103)
0, (248, 59, 94, 113, 90, 62, 109, 102)
0, (227, 80, 79, 112, 100, 62, 108, 101)
0, (212, 82, 76, 116, 101, 60, 95, 93)
0, (234, 81, 77, 140, 102, 60, 95, 62)
0, (264, 86, 86, 149, 104, 61, 89, 94)
0, (218, 96, 91, 131, 116, 57, 90, 97)
0, (207, 82, 107, 135, 107, 45, 74, 102)
0, (209, 86, 111, 146, 103, 42, 72, 112)
0, (213, 87, 113, 127, 110, 42, 77, 123)
0, (173, 83, 118, 119, 110, 40, 71, 97)
0, (191, 82, 111, 116, 107, 57, 89, 92)
0, (223, 80, 84, 110, 106, 61, 92, 93)
0, (228, 85, 89, 88, 111, 66, 96, 81)
0, (220, 84, 89, 84, 114, 71, 92, 62)
0, (218, 82, 71, 73, 127, 75, 100, 80)
0, (196, 74, 87, 72, 119, 64, 83, 82)
0, (155, 64, 95, 75, 122, 61, 76, 73)
0, (178, 54, 81, 73, 117, 57, 76, 72)
0, (155, 47, 75, 65, 118, 57, 72, 71)
0, (147, 44, 76, 65, 97, 49, 62, 45)
0, (141, 41, 57, 62, 95, 44, 54, 36)
0, (139, 46, 43, 55, 97, 44, 54, 35)
0, (78, 49, 49, 50, 110, 52, 47, 35)
0, (107, 55, 59, 52, 110, 54, 55, 34)
0, (128, 57, 58, 55, 120, 64, 74, 33)
0, (133, 57, 57, 59, 118, 74, 86, 34)
1, (132, 57, 55, 55, 111, 73, 86, 31)
1, (133, 58, 51, 54, 97, 67, 85, 32)
1, (129, 57, 36, 50, 85, 60, 76, 32)
1, (112, 68, 35, 54, 78, 51, 63, 31)
1, (112, 70, 35, 61, 74, 39, 57, 30)
1, (113, 88, 45, 75, 75, 45, 73, 35)
1, (134, 94, 43, 77, 80, 50, 75, 34)
1, (136, 110, 44, 83, 90, 59, 91, 40)
1, (130, 105, 42, 95, 130, 67, 86, 38)
1, (149, 110, 46, 95, 139, 68, 82, 41)
1, (151, 101, 34, 84, 136, 64, 69, 40)
1, (133, 94, 38, 93, 134, 61, 68, 41)
1, (112, 73, 38, 95, 144, 61, 55, 38)
1, (114, 86, 41, 84, 115, 65, 70, 43)
1, (128, 86, 35, 84, 103, 62, 71, 43)
1, (170, 83, 41, 84, 108, 63, 73, 43)
1, (172, 85, 40, 73, 109, 64, 83, 44)
1, (212, 107, 40, 74, 95, 55, 76, 41)
1, (214, 106, 41, 78, 85, 41, 63, 42)
1, (230, 107, 42, 72, 84, 40, 63, 43)
1, (241, 110, 38, 82, 88, 46, 74, 44)
1, (244, 116, 40, 97, 118, 52, 65, 42)
2, (242, 99, 39, 96, 126, 57, 69, 42)
2, (257, 103, 38, 96, 123, 60, 71, 40)
2, (227, 103, 36, 100, 136, 62, 75, 36)
2, (181, 103, 37, 94, 139, 62, 61, 37)
2, (195, 110, 35, 85, 119, 60, 69, 40)
2, (175, 124, 36, 103, 119, 63, 81, 43)
2, (180, 115, 38, 99, 126, 68, 78, 46)
2, (182, 118, 39, 96, 128, 67, 79, 45)
2, (242, 119, 39, 98, 131, 68, 82, 42)
2, (237, 109, 40, 99, 131, 66, 74, 40)
2, (230, 89, 37, 75, 132, 59, 58, 38)
2, (206, 87, 34, 71, 129, 55, 64, 37)
2, (215, 80, 32, 72, 121, 54, 66, 39)
2, (188, 74, 31, 86, 116, 46, 63, 38)
2, (182, 72, 28, 94, 122, 47, 67, 39)
2, (197, 93, 35, 98, 131, 59, 71, 42)
2, (210, 95, 35, 100, 129, 55, 66, 37)
2, (207, 96, 39, 100, 124, 58, 66, 44)
2, (186, 108, 39, 89, 125, 60, 66, 43)
2, (194, 108, 43, 74, 138, 59, 63, 45)
2, (172, 93, 39, 71, 124, 48, 65, 42)
2, (180, 93, 40, 66, 129, 47, 73, 43)
2, (190, 105, 39, 65, 135, 44, 62, 39)
2, (177, 96, 38, 62, 137, 47, 61, 40)
2, (199, 103, 39, 94, 120, 49, 74, 43)
2, (216, 102, 38, 93, 111, 48, 70, 43)
2, (229, 107, 41, 93, 107, 54, 62, 41)
2, (218, 108, 44, 107, 108, 65, 78, 40)
2, (216, 107, 57, 121, 112, 63, 78, 40)
2, (206, 106, 66, 113, 106, 61, 71, 52)
2, (200, 106, 77, 120, 112, 68, 81, 62)
2, (200, 111, 77, 122, 109, 75, 112, 69)
2, (211, 95, 81, 117, 96, 66, 102, 70)
2, (240, 95, 75, 103, 93, 74, 127, 76)
2, (252, 93, 75, 103, 103, 79, 125, 66)
2, (253, 95, 75, 133, 99, 73, 118, 80)
2, (236, 82, 74, 133, 104, 59, 95, 84)
2, (234, 88, 66, 126, 117, 58, 96, 84)
2, (206, 92, 63, 126, 125, 53, 68, 80)
2, (184, 83, 66, 126, 114, 51, 76, 83)
2, (190, 94, 62, 87, 117, 52, 73, 63)
2, (196, 98, 63, 89, 123, 56, 71, 75)
2, (182, 108, 66, 90, 134, 56, 72, 77)
2, (189, 102, 85, 107, 128, 55, 85, 79)
2, (174, 101, 83, 95, 144, 52, 82, 76)
2, (181, 93, 81, 106, 147, 58, 98, 82)
2, (172, 93, 103, 130, 137, 56, 97, 89)
2, (200, 83, 115, 133, 124, 67, 110, 90)
2, (202, 81, 105, 123, 119, 62, 96, 86)
2, (235, 88, 100, 125, 110, 61, 91, 88)
2, (220, 85, 101, 126, 110, 52, 75, 84)
2, (271, 87, 88, 96, 118, 51, 74, 52)
2, (258, 82, 76, 97, 118, 38, 78, 77)
2, (259, 85, 79, 96, 109, 42, 86, 81)
2, (243, 87, 82, 109, 100, 53, 96, 82)
2, (249, 91, 84, 113, 97, 58, 100, 78)
2, (215, 86, 108, 141, 100, 57, 100, 108)
2, (218, 99, 113, 143, 101, 61, 92, 91)
2, (218, 101, 113, 143, 124, 59, 85, 89)
2, (214, 95, 113, 132, 123, 65, 89, 87)
2, (203, 93, 119, 126, 115, 67, 98, 91)
2, (177, 91, 92, 127, 113, 68, 95, 65)
2, (187, 85, 88, 154, 115, 67, 110, 79)
2, (174, 85, 85, 156, 100, 72, 123, 80)
2, (183, 96, 92, 162, 106, 75, 147, 93)
2, (183, 93, 85, 169, 111, 75, 147, 93)
2, (193, 90, 94, 151, 107, 79, 154, 88)
2, (170, 107, 122, 125, 94, 78, 140, 105)
2, (182, 117, 123, 118, 97, 74, 128, 110)
2, (165, 109, 116, 106, 102, 65, 108, 101)
2, (194, 110, 113, 83, 99, 61, 111, 102)
2, (212, 118, 109, 105, 94, 55, 100, 100)
2, (239, 98, 91, 115, 104, 54, 102, 82)
3, (282, 112, 105, 163, 138, 80, 139, 89)
3, (285, 109, 97, 184, 132, 88, 153, 89)
3, (290, 105, 109, 185, 142, 93, 154, 92)
3, (247, 89, 125, 201, 135, 93, 148, 104)
3, (244, 88, 124, 186, 107, 90, 154, 82)
3, (283, 94, 122, 174, 108, 85, 148, 82)
3, (301, 101, 122, 165, 108, 98, 181, 88)
3, (271, 91, 117, 156, 106, 98, 184, 110)
3, (276, 90, 103, 133, 120, 98, 191, 100)
3, (316, 101, 102, 173, 123, 98, 191, 104)
3, (333, 104, 108, 177, 129, 128, 254, 124)
3, (308, 96, 108, 175, 131, 115, 236, 128)
3, (303, 99, 124, 169, 148, 110, 234, 111)
3, (313, 105, 156, 160, 144, 117, 234, 110)
3, (273, 110, 165, 134, 141, 113, 227, 110)
3, (204, 100, 169, 135, 149, 80, 138, 100)
3, (220, 108, 175, 117, 192, 83, 107, 91)
3, (237, 112, 170, 117, 172, 91, 123, 88)
3, (219, 110, 198, 123, 166, 76, 101, 87)
3, (203, 99, 195, 113, 169, 82, 109, 98)
3, (244, 103, 194, 102, 151, 72, 104, 80)
3, (264, 99, 187, 102, 84, 62, 121, 81)
3, (254, 83, 177, 95, 87, 56, 110, 79)
3, (244, 81, 111, 103, 100, 60, 115, 109)
3, (262, 114, 131, 107, 104, 56, 111, 95)
3, (237, 114, 161, 117, 106, 60, 121, 97)
3, (211, 112, 165, 119, 103, 69, 110, 102)
3, (199, 113, 162, 139, 109, 68, 108, 106)
3, (197, 112, 156, 133, 95, 65, 110, 75)
3, (204, 96, 187, 144, 117, 62, 106, 75)
3, (203, 96, 178, 157, 125, 71, 98, 76)
3, (210, 97, 202, 158, 130, 65, 100, 73)
3, (277, 101, 231, 171, 132, 67, 106, 106)
3, (286, 107, 231, 177, 141, 70, 103, 107)
3, (269, 93, 189, 173, 122, 73, 109, 106)
3, (267, 91, 167, 190, 122, 60, 101, 104)
3, (275, 91, 134, 201, 134, 66, 111, 102)
3, (211, 93, 80, 181, 155, 62, 100, 80)
3, (194, 92, 103, 185, 150, 63, 119, 81)
3, (197, 86, 123, 171, 143, 60, 113, 81)
3, (197, 90, 136, 171, 140, 60, 116, 87)
3, (220, 100, 163, 175, 142, 55, 123, 96)
3, (230, 96, 162, 182, 126, 65, 130, 74)
3, (280, 95, 155, 196, 128, 61, 112, 76)
3, (289, 101, 166, 206, 128, 62, 120, 85)
3, (297, 109, 184, 180, 132, 61, 117, 92)
3, (276, 97, 161, 169, 120, 65, 100, 82)
3, (298, 97, 161, 179, 105, 55, 91, 85)
3, (250, 100, 92, 119, 98, 59, 107, 77)
3, (263, 93, 169, 155, 100, 50, 88, 82)
3, (269, 115, 94, 119, 96, 57, 92, 75)
3, (257, 90, 163, 158, 103, 57, 74, 74)
3, (276, 115, 104, 132, 103, 64, 89, 71)
3, (242, 74, 142, 154, 103, 62, 81, 77)
3, (256, 103, 116, 113, 115, 68, 96, 87)
3, (257, 74, 146, 155, 101, 60, 87, 74)
3, (248, 107, 127, 120, 111, 73, 89, 76)
3, (242, 92, 142, 127, 108, 67, 84, 73)
4, (266, 109, 109, 141, 109, 62, 99, 101)
4, (297, 118, 106, 120, 119, 63, 101, 94)
4, (288, 117, 105, 115, 108, 66, 98, 94)
4, (261, 103, 99, 128, 110, 65, 96, 90)
4, (300, 117, 103, 138, 126, 66, 95, 100)
4, (303, 122, 101, 134, 140, 66, 99, 93)
4, (259, 104, 112, 138, 131, 58, 86, 88)
4, (283, 117, 106, 146, 124, 53, 92, 89)
4, (332, 133, 109, 143, 130, 61, 112, 87)
4, (312, 120, 107, 153, 144, 66, 111, 87)
5, (185, 82, 118, 100, 85, 63, 98, 89)
5, (199, 84, 103, 101, 103, 66, 100, 90)
5, (233, 78, 103, 140, 104, 63, 92, 110)
5, (216, 78, 121, 139, 101, 60, 89, 96)
5, (221, 82, 109, 137, 104, 59, 101, 103)
5, (208, 83, 107, 140, 98, 53, 116, 115)
5, (217, 83, 138, 153, 89, 52, 119, 117)
5, (220, 86, 143, 130, 108, 67, 121, 100)
5, (248, 98, 127, 125, 119, 68, 119, 122)
5, (248, 97, 127, 126, 118, 72, 128, 133)
5, (253, 109, 145, 127, 129, 89, 128, 127)
5, (242, 112, 163, 125, 149, 102, 141, 125)
5, (251, 113, 170, 164, 153, 99, 151, 136)
5, (222, 103, 180, 163, 148, 99, 156, 138)
5, (224, 100, 184, 167, 153, 115, 176, 123)
5, (241, 94, 180, 164, 145, 101, 169, 125)
5, (253, 98, 179, 149, 121, 86, 159, 122)
5, (228, 106, 197, 122, 110, 113, 217, 147)
5, (233, 105, 199, 128, 124, 112, 213, 133)
5, (244, 103, 203, 128, 126, 94, 186, 162)
5, (232, 100, 192, 140, 136, 97, 185, 219)
5, (230, 102, 171, 149, 135, 99, 180, 225)
5, (220, 94, 142, 126, 129, 60, 99, 210)
5, (240, 101, 140, 130, 109, 61, 113, 211)
5, (251, 111, 132, 137, 103, 63, 109, 192)
5, (283, 127, 127, 125, 92, 60, 106, 128)
5, (276, 125, 113, 117, 88, 72, 126, 176)
5, (280, 129, 124, 112, 84, 77, 132, 270)
5, (263, 127, 137, 146, 83, 81, 138, 289)
5, (234, 117, 162, 139, 85, 83, 159, 303)
5, (185, 93, 190, 150, 106, 81, 156, 298)
5, (211, 93, 190, 156, 115, 87, 168, 276)
5, (192, 83, 179, 155, 109, 80, 157, 181)
5, (190, 82, 161, 111, 105, 77, 147, 154)
5, (195, 90, 131, 103, 102, 71, 124, 123)
5, (263, 117, 125, 117, 130, 79, 128, 134)
5, (273, 129, 159, 157, 148, 60, 91, 120)
5, (270, 130, 192, 166, 159, 66, 94, 121)
5, (271, 130, 188, 168, 159, 66, 87, 103)
5, (299, 138, 187, 174, 163, 69, 97, 101)
5, (276, 136, 166, 167, 148, 65, 103, 86)
5, (241, 123, 142, 121, 130, 63, 100, 126)
5, (243, 121, 98, 112, 114, 63, 99, 115)
5, (240, 124, 101, 106, 133, 65, 104, 115)
5, (208, 120, 110, 106, 153, 68, 108, 112)
5, (177, 108, 109, 95, 136, 65, 94, 121)
5, (173, 108, 102, 110, 137, 70, 105, 88)
5, (186, 113, 117, 132, 145, 66, 110, 87)
5, (247, 130, 123, 138, 138, 66, 116, 87)
5, (245, 120, 121, 136, 110, 61, 105, 94)
5, (237, 113, 146, 132, 106, 65, 118, 99)
5, (237, 106, 155, 136, 115, 58, 108, 85)
5, (232, 109, 146, 124, 133, 92, 144, 92)
5, (182, 82, 140, 121, 132, 91, 141, 98)
5, (170, 89, 145, 173, 132, 91, 159, 117)
5, (183, 93, 118, 171, 135, 89, 152, 100)
5, (218, 100, 105, 162, 129, 93, 157, 100)
5, (225, 93, 94, 152, 112, 62, 132, 101)
5, (219, 108, 105, 156, 107, 69, 140, 112)
5, (232, 104, 111, 104, 113, 71, 132, 94)
5, (227, 97, 117, 108, 123, 74, 131, 96)
5, (226, 93, 113, 102, 119, 73, 135, 96)
5, (222, 101, 128, 117, 115, 77, 128, 119)
5, (248, 85, 135, 134, 108, 79, 127, 104)
5, (233, 85, 129, 159, 105, 76, 126, 97)
5, (227, 93, 127, 189, 108, 77, 126, 114)
5, (214, 95, 123, 188, 108, 71, 118, 116)
5, (217, 89, 114, 180, 101, 66, 112, 94)
5, (210, 90, 100, 166, 116, 69, 130, 105)
5, (273, 104, 106, 157, 128, 75, 116, 115)
5, (270, 95, 105, 121, 129, 73, 121, 96)
5, (264, 106, 141, 121, 129, 73, 124, 94)
5, (284, 107, 146, 142, 133, 74, 130, 107)
5, (272, 118, 146, 183, 127, 60, 93, 93)
5, (218, 108, 158, 188, 132, 61, 92, 81)
5, (230, 110, 159, 183, 118, 62, 89, 88)
5, (225, 100, 127, 181, 115, 82, 110, 102)
5, (206, 106, 122, 185, 124, 86, 115, 92)
5, (218, 97, 130, 156, 135, 87, 118, 95)
5, (245, 107, 107, 128, 117, 83, 119, 102)
5, (233, 107, 102, 131, 111, 81, 122, 107)
