0, (242, 387, 143, 142, 68, 73, 142, 354)
0, (257, 359, 134, 126, 69, 70, 134, 220)
0, (249, 355, 146, 124, 70, 70, 134, 205)
0, (252, 401, 156, 120, 72, 67, 137, 198)
0, (345, 460, 165, 118, 71, 61, 143, 204)
0, (341, 377, 168, 111, 65, 54, 121, 187)
0, (326, 363, 166, 125, 67, 53, 123, 299)
0, (330, 383, 171, 123, 76, 54, 120, 310)
0, (326, 371, 211, 158, 75, 54, 118, 323)
0, (254, 354, 224, 162, 76, 54, 113, 322)
0, (238, 385, 242, 174, 87, 59, 125, 321)
0, (228, 380, 261, 187, 89, 61, 116, 194)
0, (232, 390, 260, 196, 85, 61, 119, 171)
0, (230, 375, 215, 160, 80, 61, 123, 232)
0, (215, 388, 193, 156, 82, 80, 158, 279)
0, (227, 370, 167, 159, 76, 87, 161, 286)
0, (249, 407, 147, 152, 82, 93, 171, 293)
0, (238, 389, 155, 137, 73, 93, 169, 296)
0, (242, 407, 167, 135, 81, 108, 192, 233)
0, (231, 356, 173, 136, 89, 92, 151, 151)
0, (223, 366, 169, 130, 96, 85, 152, 138)
0, (203, 347, 161, 104, 89, 77, 139, 115)
0, (198, 346, 146, 112, 97, 80, 140, 107)
0, (173, 309, 158, 117, 91, 60, 104, 96)
0, (171, 291, 161, 113, 82, 65, 124, 103)
0, (162, 247, 156, 87, 73, 54, 95, 82)
0, (177, 266, 158, 87, 71, 54, 96, 73)
0, (228, 289, 159, 70, 66, 51, 92, 66)
0, (222, 284, 131, 62, 79, 50, 98, 65)
0, (209, 295, 114, 63, 76, 46, 94, 83)
0, (202, 303, 123, 64, 72, 49, 92, 82)
0, (180, 282, 122, 65, 74, 53, 97, 82)
0, (138, 274, 125, 74, 74, 52, 109, 87)
0, (156, 292, 120, 71, 60, 51, 102, 86)
0, (147, 308, 124, 71, 87, 54, 82, 59)
0, (172, 327, 122, 79, 87, 54, 85, 53)
0, (174, 345, 125, 85, 83, 50, 84, 56)
0, (155, 321, 125, 73, 83, 54, 89, 52)
0, (151, 299, 132, 81, 85, 54, 89, 52)
0, (168, 266, 132, 79, 61, 48, 89, 50)
0, (138, 266, 132, 69, 65, 51, 89, 49)
0, (174, 284, 120, 58, 75, 58, 111, 44)
0, (171, 284, 113, 77, 74, 55, 108, 42)
0, (188, 308, 123, 67, 71, 56, 106, 39)
0, (196, 332, 132, 65, 73, 60, 104, 42)
0, (217, 325, 128, 70, 79, 59, 128, 74)
0, (192, 278, 140, 76, 76, 53, 107, 85)
0, (227, 278, 140, 63, 85, 55, 103, 85)
0, (225, 276, 141, 71, 81, 49, 72, 60)
0, (220, 294, 135, 67, 85, 54, 77, 48)
1, (233, 289, 140, 62, 86, 54, 103, 87)
1, (235, 263, 141, 67, 82, 51, 106, 84)
1, (190, 344, 134, 63, 74, 48, 72, 51)
1, (188, 350, 131, 66, 74, 55, 111, 53)
1, (173, 389, 126, 63, 78, 61, 120, 55)
1, (181, 416, 129, 54, 72, 60, 120, 53)
1, (198, 424, 129, 57, 64, 57, 132, 56)
1, (199, 413, 131, 69, 62, 60, 141, 56)
1, (180, 390, 115, 70, 61, 55, 119, 55)
1, (197, 370, 104, 75, 57, 60, 139, 59)
1, (196, 342, 106, 75, 59, 61, 166, 72)
1, (194, 317, 109, 73, 64, 64, 179, 78)
1, (224, 322, 96, 63, 71, 77, 205, 92)
1, (230, 351, 100, 71, 84, 83, 224, 109)
1, (213, 355, 113, 97, 97, 76, 207, 108)
1, (209, 362, 113, 112, 105, 80, 191, 103)
1, (222, 394, 118, 115, 102, 78, 174, 108)
1, (192, 360, 135, 122, 97, 67, 137, 93)
1, (188, 355, 141, 159, 98, 59, 100, 77)
1, (188, 354, 140, 149, 90, 57, 110, 78)
2, (184, 358, 161, 144, 79, 50, 111, 75)
2, (173, 305, 157, 155, 85, 64, 131, 99)
2, (171, 321, 156, 154, 94, 60, 131, 336)
2, (159, 356, 166, 119, 93, 59, 131, 364)
2, (159, 347, 166, 113, 94, 64, 129, 372)
2, (196, 331, 155, 116, 95, 63, 122, 445)
2, (207, 371, 199, 115, 90, 50, 104, 447)
2, (201, 364, 187, 119, 81, 53, 107, 340)
2, (202, 369, 171, 119, 87, 56, 108, 317)
2, (237, 388, 181, 147, 84, 56, 103, 315)
2, (208, 419, 178, 141, 79, 56, 105, 204)
2, (192, 409, 126, 128, 78, 57, 110, 186)
2, (244, 405, 126, 128, 85, 59, 109, 136)
2, (269, 373, 151, 128, 75, 57, 111, 138)
2, (242, 418, 149, 142, 79, 52, 108, 292)
2, (241, 380, 138, 143, 82, 55, 107, 301)
2, (249, 360, 147, 150, 92, 51, 92, 310)
2, (213, 442, 151, 145, 86, 50, 96, 309)
2, (201, 427, 126, 155, 78, 55, 107, 321)
2, (195, 366, 119, 141, 74, 58, 103, 294)
2, (199, 374, 128, 150, 89, 62, 105, 292)
2, (192, 384, 130, 148, 96, 61, 100, 325)
2, (178, 297, 131, 144, 100, 62, 117, 393)
2, (163, 293, 130, 124, 100, 68, 143, 394)
2, (185, 290, 120, 116, 106, 75, 160, 345)
2, (210, 317, 151, 118, 96, 80, 170, 339)
2, (210, 315, 145, 117, 96, 84, 170, 336)
2, (229, 320, 149, 145, 100, 98, 184, 313)
2, (297, 400, 160, 204, 107, 102, 158, 316)
2, (299, 431, 183, 208, 122, 98, 150, 300)
2, (316, 399, 172, 216, 144, 94, 137, 306)
2, (317, 401, 178, 230, 139, 92, 137, 299)
2, (333, 377, 172, 218, 132, 78, 106, 310)
2, (272, 304, 191, 187, 125, 70, 138, 355)
2, (262, 252, 168, 198, 113, 74, 140, 358)
2, (249, 252, 152, 199, 96, 75, 140, 355)
2, (269, 358, 139, 191, 89, 72, 146, 428)
2, (288, 410, 154, 195, 92, 74, 151, 393)
2, (282, 395, 123, 190, 102, 83, 128, 371)
2, (288, 399, 145, 165, 91, 79, 118, 362)
2, (282, 456, 147, 154, 80, 74, 115, 364)
2, (287, 405, 146, 187, 86, 86, 135, 432)
2, (244, 368, 128, 189, 86, 86, 133, 433)
2, (261, 402, 166, 179, 86, 76, 143, 404)
2, (253, 540, 197, 191, 92, 78, 141, 427)
2, (281, 497, 201, 211, 88, 79, 146, 501)
2, (258, 497, 228, 221, 86, 70, 137, 374)
2, (251, 497, 234, 216, 87, 63, 123, 367)
2, (255, 513, 218, 244, 92, 59, 101, 366)
2, (301, 404, 196, 250, 94, 52, 101, 366)
2, (279, 411, 199, 231, 96, 60, 102, 305)
2, (267, 419, 197, 189, 99, 72, 101, 291)
2, (278, 411, 198, 191, 101, 76, 111, 293)
2, (276, 341, 200, 166, 81, 70, 131, 254)
2, (281, 381, 192, 177, 98, 78, 109, 296)
2, (346, 346, 196, 176, 94, 80, 133, 252)
2, (242, 448, 177, 158, 90, 78, 108, 288)
2, (358, 354, 188, 163, 87, 72, 109, 310)
2, (260, 448, 163, 150, 90, 78, 120, 353)
2, (329, 464, 189, 163, 92, 72, 106, 330)
2, (333, 411, 136, 160, 95, 75, 113, 343)
2, (336, 450, 156, 176, 93, 72, 105, 337)
3, (243, 294, 164, 174, 126, 64, 131, 332)
3, (305, 293, 167, 182, 130, 59, 123, 332)
3, (305, 321, 174, 205, 134, 49, 101, 382)
3, (343, 419, 179, 220, 141, 52, 107, 363)
3, (376, 421, 170, 194, 152, 55, 104, 360)
3, (375, 437, 163, 196, 131, 63, 114, 364)
3, (343, 448, 159, 207, 122, 58, 110, 384)
3, (333, 441, 195, 192, 122, 58, 115, 376)
3, (303, 350, 193, 169, 122, 56, 122, 335)
3, (295, 383, 205, 168, 94, 49, 118, 309)
3, (274, 376, 234, 165, 94, 43, 108, 314)
3, (260, 433, 242, 148, 94, 47, 115, 350)
3, (264, 443, 236, 151, 94, 56, 126, 301)
3, (333, 468, 234, 157, 82, 57, 114, 287)
3, (337, 434, 230, 170, 92, 65, 115, 331)
3, (337, 424, 205, 199, 106, 69, 118, 438)
3, (339, 336, 204, 192, 108, 86, 120, 418)
3, (333, 384, 174, 202, 119, 84, 110, 412)
3, (261, 349, 185, 234, 127, 86, 109, 415)
3, (199, 347, 209, 233, 122, 81, 106, 404)
3, (210, 302, 219, 207, 108, 79, 95, 302)
3, (245, 314, 222, 224, 108, 71, 97, 344)
3, (242, 216, 242, 226, 98, 70, 103, 347)
3, (248, 246, 267, 189, 82, 66, 101, 341)
3, (278, 261, 240, 195, 86, 68, 108, 347)
3, (275, 297, 238, 205, 90, 69, 124, 369)
3, (268, 318, 232, 195, 87, 57, 124, 336)
3, (324, 331, 214, 186, 80, 53, 119, 338)
3, (314, 319, 176, 203, 87, 56, 117, 340)
3, (302, 406, 171, 197, 87, 58, 115, 313)
3, (295, 391, 142, 187, 84, 61, 105, 361)
3, (279, 373, 151, 210, 89, 66, 118, 318)
3, (210, 365, 140, 202, 99, 68, 109, 310)
3, (218, 433, 130, 195, 97, 65, 110, 315)
3, (208, 368, 129, 183, 97, 69, 105, 331)
3, (232, 362, 147, 178, 114, 74, 103, 282)
3, (261, 399, 145, 188, 121, 75, 92, 287)
3, (271, 435, 154, 181, 115, 77, 100, 303)
3, (263, 372, 164, 159, 118, 85, 103, 309)
3, (265, 373, 173, 159, 110, 85, 117, 294)
3, (264, 399, 184, 165, 92, 91, 151, 350)
3, (217, 359, 174, 128, 80, 86, 147, 340)
3, (240, 326, 173, 146, 72, 83, 144, 326)
3, (244, 320, 168, 164, 61, 78, 148, 315)
3, (253, 343, 157, 168, 71, 90, 160, 322)
3, (281, 361, 160, 173, 81, 79, 128, 250)
3, (288, 362, 174, 170, 95, 86, 118, 251)
3, (288, 424, 196, 161, 99, 92, 134, 252)
3, (281, 416, 199, 144, 96, 91, 137, 254)
3, (288, 382, 209, 153, 99, 86, 146, 296)
3, (284, 338, 186, 148, 89, 80, 144, 247)
3, (288, 373, 207, 147, 81, 75, 145, 244)
4, (245, 266, 255, 183, 84, 77, 145, 394)
4, (227, 254, 258, 190, 78, 84, 149, 380)
4, (245, 289, 262, 172, 77, 64, 117, 498)
4, (208, 294, 261, 158, 76, 59, 105, 381)
4, (207, 302, 213, 140, 78, 58, 107, 381)
4, (204, 345, 189, 136, 76, 67, 119, 382)
4, (223, 401, 199, 125, 92, 74, 115, 394)
4, (199, 406, 183, 131, 95, 93, 153, 335)
4, (198, 379, 177, 123, 99, 93, 153, 333)
4, (217, 411, 176, 133, 95, 93, 150, 326)
4, (234, 434, 180, 149, 103, 86, 142, 328)
4, (227, 419, 168, 149, 100, 89, 137, 366)
4, (226, 487, 194, 152, 98, 69, 88, 269)
4, (238, 549, 200, 166, 105, 72, 90, 296)
4, (245, 525, 197, 168, 103, 72, 88, 307)
4, (239, 479, 185, 169, 99, 74, 80, 328)
4, (260, 475, 183, 174, 98, 65, 100, 388)
4, (318, 449, 161, 166, 94, 68, 114, 387)
4, (303, 411, 156, 147, 79, 68, 119, 365)
4, (304, 403, 145, 135, 82, 67, 122, 364)
4, (312, 420, 145, 115, 78, 71, 126, 377)
4, (300, 484, 177, 153, 76, 70, 108, 286)
4, (289, 417, 174, 173, 77, 67, 104, 291)
4, (291, 400, 163, 188, 85, 67, 112, 304)
4, (274, 418, 174, 191, 84, 66, 111, 322)
4, (263, 459, 183, 205, 87, 60, 115, 336)
4, (279, 363, 166, 200, 85, 49, 115, 313)
4, (231, 336, 181, 206, 84, 56, 114, 309)
4, (231, 330, 181, 195, 85, 63, 116, 306)
4, (247, 312, 173, 188, 86, 72, 135, 293)
4, (242, 232, 169, 186, 89, 72, 131, 322)
4, (218, 239, 168, 191, 100, 72, 134, 347)
5, (222, 366, 195, 184, 97, 50, 118, 329)
5, (201, 385, 185, 192, 88, 56, 143, 321)
5, (171, 323, 191, 175, 98, 65, 153, 352)
5, (167, 299, 187, 170, 101, 70, 160, 327)
5, (163, 328, 206, 158, 99, 70, 155, 326)
5, (174, 291, 197, 139, 106, 76, 148, 405)
5, (220, 278, 194, 155, 116, 76, 132, 333)
5, (248, 282, 201, 158, 105, 80, 148, 310)
5, (252, 342, 202, 192, 91, 72, 136, 311)
5, (284, 347, 180, 201, 98, 73, 141, 317)
5, (307, 356, 184, 213, 90, 65, 139, 321)
5, (279, 336, 177, 219, 88, 58, 134, 318)
5, (266, 341, 170, 225, 97, 49, 116, 358)
5, (284, 303, 173, 201, 97, 59, 130, 360)
5, (252, 283, 183, 199, 94, 61, 127, 417)
5, (229, 336, 176, 173, 89, 67, 122, 336)
5, (220, 345, 171, 160, 88, 68, 123, 339)
5, (239, 380, 170, 213, 109, 68, 119, 309)
5, (224, 367, 181, 216, 120, 64, 119, 336)
5, (233, 365, 169, 208, 119, 60, 116, 327)
5, (233, 317, 169, 230, 131, 57, 125, 317)
5, (271, 322, 184, 251, 126, 68, 141, 327)
5, (259, 335, 186, 216, 106, 67, 143, 317)
5, (263, 318, 161, 226, 94, 65, 133, 370)
5, (258, 318, 172, 242, 98, 66, 132, 319)
5, (292, 340, 168, 242, 88, 69, 130, 325)
5, (280, 355, 160, 219, 89, 65, 124, 376)
5, (264, 324, 190, 221, 88, 65, 112, 410)
5, (252, 319, 191, 217, 103, 68, 110, 339)
5, (262, 311, 196, 202, 94, 65, 110, 334)
5, (226, 272, 226, 199, 95, 73, 129, 330)
5, (207, 242, 223, 196, 117, 73, 116, 336)
5, (215, 210, 200, 169, 116, 70, 121, 282)
5, (204, 237, 208, 150, 105, 72, 121, 282)
5, (213, 252, 197, 149, 110, 74, 132, 298)
5, (208, 280, 179, 146, 111, 82, 146, 314)
5, (243, 301, 186, 162, 86, 78, 147, 396)
5, (236, 288, 239, 185, 85, 80, 145, 398)
