0, (204, 296, 221, 198, 85, 61, 116, 145)
0, (222, 301, 243, 206, 95, 63, 114, 130)
0, (241, 373, 272, 255, 121, 60, 94, 172)
0, (260, 333, 270, 264, 113, 63, 96, 173)
0, (238, 307, 273, 276, 112, 61, 98, 166)
0, (255, 304, 285, 276, 124, 66, 101, 170)
0, (238, 319, 285, 274, 129, 74, 104, 167)
0, (238, 220, 226, 236, 109, 69, 101, 130)
0, (217, 214, 214, 248, 107, 68, 96, 191)
0, (240, 267, 198, 221, 108, 67, 99, 189)
0, (216, 252, 167, 197, 100, 63, 88, 192)
0, (209, 311, 140, 172, 85, 53, 84, 197)
0, (202, 312, 116, 147, 84, 50, 69, 194)
0, (217, 374, 155, 96, 79, 45, 68, 132)
0, (203, 347, 149, 108, 75, 44, 61, 107)
0, (192, 345, 148, 103, 76, 42, 60, 89)
0, (182, 273, 145, 109, 77, 48, 65, 71)
0, (153, 335, 147, 107, 83, 46, 87, 67)
0, (140, 324, 131, 106, 91, 47, 87, 59)
0, (139, 323, 128, 88, 91, 47, 89, 48)
0, (159, 325, 129, 78, 93, 60, 103, 57)
0, (163, 344, 131, 68, 112, 64, 101, 55)
0, (168, 305, 137, 69, 111, 70, 90, 53)
0, (186, 261, 122, 59, 109, 77, 96, 55)
0, (167, 260, 140, 62, 107, 76, 93, 52)
0, (161, 270, 145, 68, 97, 67, 85, 48)
0, (172, 275, 141, 66, 71, 59, 104, 52)
0, (201, 305, 137, 62, 71, 56, 102, 48)
0, (184, 297, 146, 76, 66, 49, 102, 48)
0, (197, 285, 137, 69, 67, 53, 104, 54)
0, (205, 291, 142, 66, 72, 53, 99, 49)
0, (198, 311, 145, 83, 81, 54, 81, 47)
0, (161, 270, 139, 85, 75, 51, 94, 51)
0, (181, 292, 128, 82, 93, 48, 92, 51)
0, (177, 313, 132, 84, 97, 48, 107, 54)
0, (180, 327, 122, 90, 96, 53, 127, 57)
0, (195, 302, 115, 78, 97, 55, 124, 58)
0, (213, 306, 121, 75, 98, 52, 111, 56)
0, (218, 290, 114, 68, 78, 51, 113, 56)
0, (226, 284, 100, 69, 74, 50, 100, 49)
0, (221, 253, 116, 65, 86, 50, 82, 45)
0, (212, 281, 126, 67, 84, 54, 93, 51)
1, (212, 295, 131, 72, 86, 55, 102, 51)
1, (188, 299, 134, 81, 91, 55, 105, 51)
1, (174, 284, 129, 82, 91, 53, 102, 47)
1, (195, 292, 129, 84, 88, 50, 97, 47)
1, (205, 269, 124, 82, 78, 43, 91, 37)
1, (192, 296, 116, 84, 82, 48, 99, 48)
1, (204, 300, 108, 78, 79, 48, 93, 48)
1, (227, 308, 114, 72, 79, 50, 94, 52)
1, (220, 301, 92, 77, 70, 48, 95, 52)
1, (248, 309, 93, 78, 77, 50, 94, 61)
1, (264, 247, 104, 80, 86, 57, 94, 60)
1, (258, 222, 115, 84, 90, 59, 95, 62)
2, (230, 230, 117, 93, 97, 62, 105, 72)
2, (212, 283, 126, 86, 97, 59, 99, 73)
2, (170, 397, 130, 82, 95, 58, 92, 65)
2, (139, 401, 125, 83, 85, 50, 83, 66)
2, (154, 425, 113, 80, 92, 58, 96, 65)
2, (185, 435, 107, 71, 87, 56, 87, 54)
2, (194, 410, 111, 69, 83, 57, 93, 55)
2, (205, 333, 112, 72, 80, 56, 101, 56)
2, (209, 354, 115, 62, 76, 57, 97, 49)
2, (207, 344, 126, 54, 63, 50, 91, 52)
2, (182, 336, 124, 55, 62, 48, 111, 56)
2, (169, 355, 112, 68, 67, 49, 112, 57)
2, (154, 364, 120, 91, 72, 59, 114, 96)
2, (161, 350, 125, 130, 87, 58, 122, 131)
2, (170, 334, 134, 195, 88, 59, 126, 147)
2, (168, 335, 144, 208, 85, 60, 105, 153)
2, (177, 362, 151, 209, 87, 67, 118, 157)
2, (168, 303, 149, 212, 91, 62, 123, 190)
2, (211, 314, 165, 205, 79, 62, 126, 244)
2, (200, 322, 173, 177, 91, 67, 117, 269)
2, (221, 340, 169, 211, 99, 75, 135, 297)
2, (223, 308, 170, 242, 103, 73, 130, 350)
2, (251, 304, 164, 240, 99, 73, 132, 347)
2, (208, 355, 136, 239, 104, 78, 120, 305)
2, (261, 392, 117, 232, 96, 79, 150, 280)
2, (264, 372, 196, 198, 108, 75, 139, 252)
2, (269, 357, 213, 153, 103, 75, 131, 172)
2, (248, 404, 227, 149, 114, 80, 123, 278)
2, (256, 378, 232, 166, 128, 89, 131, 285)
2, (241, 349, 234, 156, 128, 85, 99, 292)
2, (223, 344, 173, 159, 118, 91, 106, 289)
2, (226, 370, 155, 197, 132, 92, 113, 291)
2, (219, 353, 137, 210, 133, 90, 113, 158)
2, (227, 328, 142, 191, 115, 83, 103, 255)
2, (194, 329, 131, 185, 112, 82, 124, 258)
2, (200, 350, 161, 220, 109, 77, 134, 279)
2, (211, 308, 154, 198, 98, 73, 129, 300)
2, (221, 266, 160, 183, 91, 74, 131, 306)
2, (202, 272, 186, 195, 96, 75, 149, 349)
2, (194, 300, 189, 211, 102, 78, 131, 346)
2, (189, 286, 162, 180, 102, 77, 110, 330)
2, (160, 315, 174, 200, 105, 81, 126, 309)
2, (242, 331, 169, 239, 104, 76, 120, 326)
2, (283, 360, 128, 248, 100, 68, 111, 313)
2, (289, 333, 128, 249, 103, 62, 111, 315)
2, (289, 410, 152, 246, 117, 63, 124, 330)
2, (292, 411, 140, 234, 125, 61, 125, 339)
2, (237, 394, 134, 196, 119, 58, 126, 374)
2, (219, 387, 137, 171, 118, 67, 128, 334)
2, (228, 373, 163, 171, 107, 68, 135, 334)
2, (234, 283, 165, 175, 101, 62, 121, 321)
2, (285, 273, 179, 186, 86, 56, 100, 315)
2, (280, 285, 210, 218, 89, 79, 119, 371)
2, (282, 278, 208, 234, 93, 74, 113, 357)
2, (267, 321, 213, 225, 99, 74, 105, 362)
2, (274, 337, 224, 218, 90, 75, 105, 364)
2, (229, 322, 227, 315, 93, 87, 136, 405)
2, (238, 306, 200, 306, 93, 74, 132, 350)
2, (245, 279, 202, 307, 100, 75, 139, 309)
2, (239, 280, 198, 326, 97, 81, 141, 297)
2, (257, 248, 176, 355, 99, 79, 144, 298)
2, (300, 283, 158, 276, 105, 79, 146, 357)
2, (310, 300, 166, 270, 111, 75, 146, 307)
2, (278, 296, 195, 257, 106, 78, 140, 315)
2, (298, 261, 196, 230, 113, 72, 141, 345)
2, (305, 254, 197, 179, 110, 71, 156, 372)
2, (279, 248, 211, 180, 97, 67, 185, 341)
2, (271, 263, 215, 170, 96, 70, 192, 353)
2, (307, 264, 188, 178, 100, 66, 192, 346)
2, (325, 263, 172, 234, 96, 66, 193, 331)
2, (292, 280, 179, 244, 96, 77, 188, 467)
2, (297, 323, 185, 276, 97, 72, 151, 416)
2, (289, 350, 187, 284, 88, 67, 137, 419)
2, (265, 358, 199, 279, 84, 64, 132, 435)
2, (231, 368, 195, 279, 87, 63, 128, 471)
2, (267, 375, 179, 268, 88, 58, 132, 377)
2, (238, 323, 163, 224, 90, 56, 108, 378)
3, (267, 462, 270, 217, 108, 71, 147, 313)
3, (276, 363, 278, 191, 109, 71, 135, 342)
3, (286, 344, 261, 163, 117, 77, 131, 362)
3, (292, 388, 224, 163, 96, 74, 127, 349)
3, (308, 418, 225, 212, 106, 91, 146, 367)
3, (302, 412, 216, 204, 115, 86, 123, 359)
3, (313, 412, 212, 218, 114, 82, 113, 332)
3, (326, 409, 199, 244, 104, 81, 119, 308)
3, (306, 363, 225, 244, 109, 84, 128, 313)
3, (259, 310, 225, 206, 100, 73, 117, 305)
3, (257, 265, 217, 229, 98, 67, 115, 203)
3, (239, 265, 211, 231, 101, 72, 122, 217)
3, (217, 258, 220, 211, 103, 74, 124, 244)
3, (237, 260, 208, 204, 103, 74, 117, 314)
3, (287, 220, 203, 207, 105, 74, 130, 322)
3, (311, 222, 203, 180, 95, 85, 156, 309)
3, (296, 255, 198, 163, 90, 85, 164, 296)
3, (304, 272, 192, 183, 85, 83, 162, 370)
3, (303, 292, 168, 239, 109, 87, 167, 325)
3, (237, 307, 166, 262, 113, 82, 147, 307)
3, (219, 305, 161, 277, 120, 70, 129, 314)
3, (247, 312, 193, 302, 122, 72, 116, 339)
3, (229, 308, 198, 301, 123, 69, 104, 357)
3, (231, 323, 199, 277, 100, 61, 96, 343)
3, (277, 318, 200, 253, 94, 62, 112, 342)
3, (292, 315, 197, 249, 89, 59, 121, 337)
3, (277, 314, 160, 223, 88, 59, 119, 342)
3, (317, 350, 143, 204, 90, 60, 127, 296)
3, (323, 351, 151, 192, 96, 64, 128, 308)
3, (324, 342, 138, 180, 93, 66, 147, 309)
3, (287, 353, 148, 172, 95, 71, 138, 364)
3, (305, 340, 158, 189, 92, 66, 137, 347)
3, (266, 308, 162, 195, 86, 63, 130, 370)
3, (263, 265, 159, 200, 80, 67, 132, 357)
3, (240, 282, 164, 202, 100, 67, 106, 354)
3, (262, 369, 148, 205, 97, 64, 98, 330)
3, (246, 361, 141, 188, 95, 68, 96, 406)
3, (241, 375, 147, 222, 106, 84, 149, 339)
3, (229, 377, 146, 204, 119, 88, 169, 346)
3, (211, 379, 141, 209, 101, 86, 169, 389)
3, (201, 335, 167, 204, 110, 84, 185, 405)
3, (200, 325, 172, 196, 124, 91, 196, 352)
3, (222, 302, 177, 184, 115, 89, 190, 343)
3, (225, 313, 185, 243, 105, 82, 177, 363)
3, (251, 348, 198, 247, 117, 83, 171, 319)
3, (258, 296, 189, 245, 115, 83, 151, 350)
3, (286, 293, 199, 259, 104, 76, 137, 318)
3, (278, 276, 246, 285, 119, 75, 123, 332)
3, (304, 267, 272, 271, 121, 76, 122, 321)
3, (295, 198, 259, 273, 115, 75, 122, 401)
3, (289, 202, 254, 276, 111, 71, 121, 328)
3, (244, 271, 248, 269, 114, 71, 119, 337)
3, (247, 265, 204, 272, 105, 60, 117, 333)
3, (214, 297, 165, 246, 100, 56, 115, 414)
3, (231, 314, 179, 250, 99, 55, 122, 354)
3, (220, 336, 187, 238, 102, 59, 125, 379)
3, (261, 381, 215, 244, 94, 58, 131, 373)
3, (279, 418, 223, 182, 90, 68, 146, 376)
3, (292, 391, 225, 182, 88, 70, 139, 353)
3, (279, 378, 224, 231, 88, 67, 145, 342)
3, (280, 370, 222, 244, 81, 68, 147, 325)
3, (278, 298, 198, 260, 91, 75, 157, 330)
3, (255, 279, 175, 288, 87, 65, 126, 354)
3, (233, 293, 183, 301, 87, 66, 123, 318)
3, (237, 298, 191, 254, 83, 70, 118, 309)
3, (254, 304, 190, 259, 90, 68, 128, 298)
3, (248, 290, 177, 257, 87, 68, 135, 302)
3, (262, 296, 209, 257, 103, 67, 135, 313)
3, (290, 289, 222, 241, 104, 64, 135, 278)
3, (276, 300, 221, 240, 104, 60, 126, 283)
3, (259, 289, 217, 231, 102, 63, 108, 285)
3, (269, 301, 211, 199, 96, 56, 96, 353)
3, (259, 285, 181, 217, 87, 55, 92, 361)
4, (267, 312, 195, 182, 88, 74, 107, 303)
4, (259, 306, 189, 181, 79, 71, 106, 302)
4, (237, 275, 187, 193, 84, 66, 99, 302)
4, (248, 284, 188, 192, 74, 58, 106, 312)
4, (237, 278, 191, 188, 83, 57, 112, 270)
4, (240, 314, 160, 135, 81, 58, 109, 272)
4, (239, 320, 226, 183, 119, 76, 118, 278)
4, (228, 360, 230, 225, 123, 75, 126, 398)
4, (211, 389, 224, 250, 129, 77, 135, 352)
4, (240, 397, 219, 250, 128, 88, 145, 344)
4, (255, 400, 214, 272, 129, 86, 144, 351)
4, (265, 391, 150, 259, 96, 73, 144, 436)
4, (307, 462, 150, 228, 95, 76, 147, 332)
4, (295, 423, 187, 262, 94, 73, 132, 338)
4, (290, 415, 198, 270, 106, 56, 114, 362)
4, (264, 386, 209, 264, 108, 62, 122, 451)
4, (262, 473, 224, 266, 109, 61, 132, 363)
4, (206, 394, 243, 273, 109, 57, 125, 354)
4, (216, 399, 256, 225, 125, 59, 130, 364)
4, (247, 430, 256, 217, 113, 58, 129, 338)
5, (230, 229, 173, 214, 98, 87, 124, 323)
5, (277, 342, 235, 225, 108, 87, 133, 297)
5, (264, 338, 248, 194, 114, 90, 131, 294)
5, (254, 342, 240, 199, 111, 88, 122, 327)
5, (273, 343, 243, 203, 112, 88, 121, 290)
5, (311, 351, 242, 187, 111, 93, 132, 300)
5, (285, 250, 202, 181, 109, 93, 131, 296)
5, (282, 273, 212, 213, 113, 93, 146, 336)
5, (291, 305, 214, 228, 117, 74, 131, 321)
5, (276, 312, 205, 211, 124, 72, 135, 339)
5, (230, 298, 200, 203, 115, 68, 124, 364)
5, (226, 295, 176, 215, 106, 65, 119, 334)
5, (243, 313, 148, 198, 97, 72, 127, 318)
5, (246, 390, 178, 184, 84, 68, 125, 311)
5, (248, 406, 197, 175, 68, 67, 125, 370)
5, (246, 404, 213, 189, 68, 69, 127, 330)
5, (244, 403, 231, 187, 81, 73, 131, 318)
5, (251, 398, 230, 178, 77, 68, 130, 342)
5, (252, 291, 212, 180, 70, 70, 139, 389)
5, (228, 324, 216, 191, 74, 66, 134, 336)
5, (217, 359, 206, 188, 92, 67, 132, 350)
5, (206, 384, 185, 183, 80, 64, 133, 363)
5, (202, 347, 167, 202, 88, 60, 110, 401)
5, (211, 360, 152, 214, 117, 71, 131, 364)
5, (211, 320, 145, 206, 120, 79, 133, 385)
5, (214, 286, 145, 208, 108, 77, 140, 410)
5, (235, 276, 167, 207, 118, 82, 145, 423)
5, (213, 279, 172, 199, 121, 77, 143, 353)
5, (188, 276, 180, 181, 96, 62, 111, 357)
5, (181, 261, 171, 194, 100, 54, 105, 390)
5, (187, 288, 170, 204, 109, 53, 96, 372)
5, (176, 286, 159, 205, 119, 72, 119, 351)
5, (191, 285, 187, 221, 128, 74, 112, 351)
5, (191, 275, 186, 229, 129, 75, 114, 386)
5, (214, 295, 180, 219, 129, 79, 123, 315)
5, (252, 306, 191, 194, 119, 84, 132, 294)
5, (265, 296, 193, 185, 105, 70, 98, 329)
5, (253, 315, 168, 153, 83, 72, 102, 363)
