0, (249, 128, 160, 129, 117, 67, 109, 85)
0, (248, 124, 183, 127, 121, 66, 107, 94)
0, (243, 122, 179, 119, 127, 65, 95, 84)
0, (215, 115, 177, 102, 135, 64, 98, 82)
0, (208, 114, 148, 115, 123, 54, 88, 84)
0, (225, 112, 150, 147, 106, 54, 81, 118)
0, (231, 113, 120, 178, 127, 49, 74, 113)
0, (216, 106, 124, 174, 138, 52, 77, 112)
0, (220, 113, 109, 185, 141, 48, 83, 134)
0, (204, 104, 109, 181, 137, 46, 86, 138)
0, (132, 98, 110, 168, 134, 47, 94, 118)
0, (175, 102, 115, 138, 119, 47, 95, 115)
0, (189, 94, 109, 135, 131, 49, 105, 114)
0, (187, 97, 126, 123, 132, 50, 96, 106)
0, (195, 87, 124, 131, 134, 57, 97, 107)
0, (204, 102, 149, 143, 144, 70, 87, 104)
0, (171, 104, 142, 185, 140, 72, 95, 101)
0, (217, 110, 179, 191, 128, 70, 86, 99)
0, (224, 100, 181, 188, 115, 68, 84, 82)
0, (218, 97, 180, 180, 113, 64, 83, 67)
0, (213, 97, 171, 183, 100, 55, 96, 65)
0, (206, 95, 188, 134, 115, 58, 93, 68)
0, (133, 92, 181, 143, 101, 64, 95, 89)
0, (138, 99, 177, 149, 117, 66, 123, 96)
0, (127, 101, 175, 146, 122, 67, 125, 98)
0, (157, 99, 191, 130, 122, 59, 114, 93)
0, (200, 103, 190, 131, 111, 57, 120, 96)
0, (205, 109, 178, 135, 112, 53, 123, 79)
0, (196, 102, 177, 129, 99, 56, 108, 70)
0, (211, 107, 182, 135, 119, 56, 108, 73)
0, (189, 104, 177, 127, 143, 56, 117, 110)
0, (148, 110, 172, 129, 137, 50, 113, 119)
0, (165, 118, 154, 105, 142, 48, 104, 116)
0, (191, 141, 168, 116, 143, 45, 94, 117)
0, (181, 141, 168, 113, 136, 51, 95, 117)
0, (188, 135, 151, 114, 140, 59, 88, 80)
0, (178, 131, 135, 114, 137, 62, 82, 59)
0, (174, 123, 137, 113, 130, 66, 95, 77)
0, (162, 118, 108, 98, 140, 67, 88, 74)
0, (156, 117, 100, 118, 156, 66, 87, 70)
0, (158, 135, 80, 110, 146, 64, 86, 67)
0, (162, 139, 81, 113, 147, 62, 85, 68)
0, (127, 123, 76, 127, 137, 61, 66, 38)
0, (111, 120, 73, 133, 122, 53, 57, 41)
1, (145, 138, 77, 119, 151, 64, 70, 43)
1, (111, 122, 80, 145, 160, 64, 71, 40)
1, (101, 112, 59, 130, 129, 53, 63, 44)
1, (141, 114, 54, 121, 140, 46, 64, 42)
1, (148, 113, 43, 82, 116, 45, 85, 45)
1, (163, 137, 56, 81, 115, 44, 91, 47)
1, (167, 134, 62, 78, 114, 49, 107, 52)
1, (183, 143, 63, 71, 114, 49, 105, 52)
1, (158, 166, 64, 91, 100, 47, 103, 52)
1, (169, 168, 65, 90, 93, 45, 92, 49)
1, (185, 150, 60, 91, 100, 51, 86, 47)
1, (190, 143, 61, 96, 108, 53, 77, 43)
1, (196, 140, 64, 95, 100, 52, 73, 39)
1, (273, 135, 65, 83, 114, 55, 87, 43)
1, (302, 135, 68, 92, 124, 62, 84, 48)
1, (294, 151, 66, 96, 123, 61, 88, 50)
1, (306, 153, 59, 94, 115, 59, 94, 47)
1, (323, 152, 58, 100, 120, 64, 99, 49)
1, (271, 141, 53, 95, 108, 61, 86, 45)
1, (236, 138, 49, 86, 100, 52, 82, 39)
1, (268, 123, 49, 89, 93, 55, 82, 38)
1, (272, 127, 58, 83, 92, 53, 83, 44)
1, (251, 122, 56, 79, 119, 51, 80, 45)
1, (270, 110, 58, 80, 128, 53, 80, 46)
2, (276, 112, 59, 91, 127, 53, 82, 51)
2, (246, 117, 53, 80, 126, 50, 80, 50)
2, (229, 125, 44, 85, 125, 53, 62, 46)
2, (241, 142, 43, 90, 116, 54, 63, 46)
2, (232, 148, 50, 92, 102, 56, 65, 45)
2, (218, 160, 50, 81, 103, 59, 70, 41)
2, (229, 169, 60, 87, 102, 54, 75, 45)
2, (220, 161, 61, 81, 107, 51, 70, 44)
2, (201, 162, 68, 77, 92, 57, 69, 39)
2, (176, 156, 69, 81, 90, 55, 67, 43)
2, (183, 144, 70, 89, 87, 52, 59, 42)
2, (172, 163, 60, 85, 95, 62, 69, 42)
2, (173, 161, 60, 84, 102, 68, 76, 45)
2, (159, 139, 56, 84, 106, 61, 77, 51)
2, (233, 146, 49, 79, 111, 65, 98, 82)
2, (233, 151, 55, 71, 112, 68, 111, 88)
2, (230, 110, 69, 77, 116, 60, 108, 92)
2, (234, 113, 68, 95, 141, 59, 123, 92)
2, (292, 116, 74, 118, 153, 60, 128, 104)
2, (258, 106, 77, 139, 152, 62, 125, 82)
2, (261, 117, 89, 170, 155, 60, 118, 80)
2, (283, 135, 87, 172, 163, 84, 140, 82)
2, (303, 146, 99, 172, 155, 81, 129, 105)
2, (262, 171, 114, 162, 135, 80, 137, 93)
2, (283, 190, 114, 142, 128, 75, 149, 96)
2, (305, 181, 106, 132, 128, 78, 148, 95)
2, (289, 171, 110, 129, 121, 50, 120, 88)
2, (277, 173, 102, 122, 96, 48, 126, 68)
2, (286, 156, 84, 146, 116, 55, 129, 69)
2, (249, 130, 101, 162, 131, 55, 106, 68)
2, (227, 139, 109, 178, 143, 55, 112, 69)
2, (241, 137, 101, 174, 139, 69, 132, 73)
2, (260, 126, 106, 171, 137, 76, 134, 75)
2, (242, 127, 109, 155, 138, 72, 116, 95)
2, (249, 137, 103, 152, 136, 76, 115, 96)
2, (240, 127, 100, 116, 123, 76, 132, 100)
2, (218, 130, 105, 116, 116, 67, 116, 98)
2, (227, 143, 104, 118, 115, 60, 108, 95)
2, (229, 149, 104, 117, 91, 61, 115, 84)
2, (214, 144, 100, 128, 85, 58, 114, 80)
2, (220, 148, 98, 123, 99, 56, 90, 76)
2, (216, 150, 109, 150, 106, 58, 84, 78)
2, (209, 148, 103, 154, 106, 54, 79, 75)
2, (216, 146, 97, 150, 130, 57, 87, 75)
2, (223, 139, 91, 141, 123, 55, 89, 86)
2, (229, 133, 102, 151, 111, 54, 89, 87)
2, (249, 130, 95, 134, 113, 50, 95, 86)
2, (230, 129, 98, 135, 112, 51, 92, 84)
2, (215, 120, 104, 141, 100, 46, 99, 86)
2, (206, 126, 102, 140, 96, 45, 99, 80)
2, (201, 142, 102, 136, 96, 48, 98, 75)
2, (210, 135, 97, 128, 91, 52, 114, 76)
2, (202, 116, 105, 143, 98, 53, 118, 75)
2, (223, 126, 116, 135, 112, 53, 105, 61)
2, (262, 150, 118, 137, 127, 61, 112, 86)
2, (254, 132, 126, 147, 138, 58, 115, 91)
2, (254, 138, 128, 145, 130, 58, 105, 91)
2, (257, 140, 120, 126, 131, 57, 104, 93)
2, (245, 122, 107, 130, 114, 57, 103, 89)
2, (233, 90, 123, 130, 132, 52, 94, 59)
2, (255, 126, 104, 111, 123, 58, 109, 55)
2, (244, 120, 100, 119, 126, 51, 95, 54)
2, (240, 123, 99, 124, 132, 58, 98, 51)
2, (238, 124, 106, 123, 133, 54, 92, 55)
2, (238, 139, 102, 142, 118, 76, 129, 83)
2, (297, 136, 103, 137, 120, 58, 97, 51)
2, (254, 148, 103, 150, 114, 66, 122, 107)
2, (278, 105, 127, 149, 124, 60, 103, 60)
2, (275, 145, 115, 139, 111, 55, 127, 109)
2, (272, 121, 137, 146, 128, 65, 111, 59)
2, (275, 143, 131, 112, 110, 57, 105, 115)
2, (314, 144, 156, 155, 119, 58, 116, 61)
2, (249, 132, 135, 117, 109, 52, 89, 107)
2, (318, 161, 171, 154, 131, 69, 124, 63)
2, (241, 129, 143, 124, 108, 54, 97, 110)
2, (247, 155, 169, 131, 118, 71, 143, 69)
2, (235, 125, 147, 109, 104, 63, 117, 90)
2, (246, 159, 157, 125, 116, 70, 133, 81)
2, (246, 150, 154, 135, 108, 65, 126, 81)
2, (216, 134, 150, 118, 115, 69, 118, 89)
3, (243, 145, 161, 179, 143, 73, 99, 90)
3, (245, 122, 153, 160, 134, 70, 103, 95)
3, (214, 113, 140, 145, 129, 64, 97, 99)
3, (224, 112, 186, 115, 112, 59, 95, 95)
3, (232, 115, 182, 129, 111, 56, 96, 68)
3, (229, 118, 178, 125, 98, 48, 104, 72)
3, (231, 120, 180, 120, 119, 49, 109, 81)
3, (253, 131, 178, 107, 119, 50, 102, 89)
3, (255, 126, 126, 102, 123, 51, 104, 89)
3, (261, 124, 128, 86, 129, 59, 113, 87)
3, (303, 137, 120, 105, 142, 76, 161, 84)
3, (294, 139, 126, 129, 124, 79, 160, 74)
3, (265, 127, 124, 154, 135, 80, 160, 54)
3, (288, 153, 126, 170, 138, 81, 173, 63)
3, (306, 157, 166, 171, 155, 78, 167, 79)
3, (262, 142, 163, 161, 149, 63, 111, 83)
3, (286, 145, 160, 157, 158, 60, 112, 82)
3, (317, 148, 159, 184, 138, 57, 117, 90)
3, (286, 131, 175, 182, 141, 58, 108, 98)
3, (263, 141, 149, 186, 115, 65, 132, 92)
3, (264, 140, 157, 186, 103, 70, 148, 89)
3, (246, 127, 174, 180, 87, 77, 155, 93)
3, (210, 134, 176, 155, 97, 78, 161, 106)
3, (247, 139, 160, 142, 117, 80, 154, 96)
3, (265, 137, 164, 152, 120, 77, 149, 99)
3, (263, 145, 167, 164, 119, 68, 134, 99)
3, (255, 146, 182, 181, 120, 67, 125, 114)
3, (303, 150, 179, 168, 138, 76, 116, 102)
3, (267, 151, 180, 177, 126, 72, 111, 102)
3, (236, 142, 178, 172, 124, 68, 95, 102)
3, (286, 148, 176, 178, 125, 67, 106, 112)
3, (276, 145, 131, 157, 130, 70, 114, 91)
3, (224, 141, 139, 157, 121, 71, 111, 85)
3, (249, 141, 131, 167, 116, 70, 133, 82)
3, (287, 152, 113, 161, 110, 71, 135, 84)
4, (254, 123, 129, 122, 95, 53, 90, 98)
4, (243, 124, 129, 120, 136, 59, 95, 104)
4, (189, 93, 140, 137, 131, 58, 93, 98)
4, (202, 96, 131, 157, 136, 50, 87, 115)
4, (201, 107, 129, 157, 132, 54, 92, 112)
4, (213, 115, 133, 134, 126, 52, 98, 102)
4, (217, 123, 141, 131, 81, 48, 92, 97)
4, (198, 120, 127, 124, 86, 56, 102, 99)
4, (194, 120, 128, 103, 75, 69, 115, 83)
4, (215, 134, 120, 101, 91, 90, 166, 90)
4, (219, 133, 131, 106, 87, 89, 162, 100)
4, (232, 144, 121, 106, 88, 89, 163, 109)
4, (270, 151, 129, 96, 92, 82, 153, 99)
4, (314, 154, 142, 103, 104, 84, 165, 99)
4, (290, 138, 156, 118, 109, 62, 119, 103)
4, (291, 132, 144, 112, 114, 69, 119, 100)
4, (290, 146, 155, 145, 130, 72, 115, 85)
4, (273, 150, 170, 165, 139, 79, 125, 85)
4, (232, 142, 165, 182, 146, 74, 97, 82)
4, (236, 136, 154, 174, 137, 73, 95, 96)
5, (224, 81, 154, 124, 113, 62, 114, 108)
5, (208, 104, 159, 121, 131, 75, 117, 109)
5, (203, 106, 168, 117, 149, 86, 121, 109)
5, (210, 110, 188, 143, 144, 91, 131, 114)
5, (216, 133, 187, 142, 151, 92, 130, 95)
5, (214, 144, 155, 143, 153, 90, 120, 95)
5, (221, 133, 159, 156, 160, 83, 109, 93)
5, (235, 135, 165, 168, 135, 73, 120, 96)
5, (252, 157, 140, 138, 133, 67, 120, 99)
5, (208, 138, 147, 145, 141, 67, 125, 97)
5, (206, 132, 149, 143, 144, 72, 156, 96)
5, (231, 134, 169, 136, 121, 67, 157, 94)
5, (215, 128, 154, 123, 112, 61, 141, 101)
5, (186, 117, 159, 133, 115, 64, 137, 101)
5, (184, 116, 163, 121, 103, 64, 133, 90)
5, (209, 122, 161, 116, 99, 71, 103, 93)
5, (179, 122, 127, 128, 99, 73, 100, 96)
5, (174, 124, 127, 123, 103, 73, 109, 103)
5, (188, 100, 126, 124, 113, 69, 106, 100)
5, (208, 107, 114, 128, 109, 71, 111, 100)
5, (204, 96, 117, 117, 101, 53, 105, 99)
5, (209, 86, 109, 104, 122, 60, 114, 100)
5, (287, 106, 116, 127, 121, 66, 118, 100)
5, (296, 112, 128, 128, 123, 73, 110, 89)
5, (285, 107, 130, 129, 124, 69, 114, 86)
5, (293, 119, 129, 134, 133, 70, 118, 106)
5, (391, 121, 129, 141, 137, 67, 119, 108)
5, (342, 116, 129, 145, 150, 70, 129, 92)
5, (324, 113, 130, 138, 134, 64, 134, 97)
5, (324, 124, 136, 151, 143, 75, 159, 120)
5, (307, 117, 132, 152, 147, 73, 152, 102)
5, (198, 118, 133, 159, 128, 74, 146, 99)
5, (198, 109, 149, 138, 114, 65, 135, 99)
5, (220, 110, 135, 144, 118, 66, 140, 107)
5, (232, 98, 130, 124, 121, 58, 98, 83)
5, (240, 89, 147, 143, 112, 68, 98, 84)
5, (217, 90, 144, 133, 111, 64, 104, 96)
5, (218, 93, 122, 142, 112, 70, 100, 104)
5, (205, 87, 122, 139, 134, 79, 91, 88)
5, (194, 88, 114, 146, 137, 77, 97, 88)
5, (179, 93, 90, 126, 133, 65, 91, 87)
5, (187, 93, 132, 138, 139, 67, 101, 85)
5, (212, 84, 137, 127, 144, 65, 96, 70)
5, (206, 90, 146, 122, 126, 62, 99, 74)
5, (233, 107, 162, 117, 105, 61, 95, 80)
5, (231, 111, 169, 126, 104, 60, 105, 99)
5, (240, 107, 144, 96, 107, 66, 116, 89)
5, (253, 119, 139, 99, 89, 63, 121, 104)
5, (255, 119, 141, 108, 84, 55, 120, 108)
5, (231, 104, 125, 103, 95, 59, 122, 114)
5, (238, 104, 132, 109, 109, 64, 115, 95)
5, (237, 108, 133, 117, 95, 54, 91, 98)
5, (218, 100, 140, 113, 102, 55, 90, 94)
5, (209, 95, 145, 120, 105, 56, 85, 87)
5, (198, 110, 159, 140, 95, 46, 77, 72)
5, (205, 113, 159, 134, 80, 47, 112, 81)
5, (191, 110, 161, 144, 99, 52, 113, 111)
5, (178, 108, 165, 144, 105, 47, 109, 105)
5, (183, 112, 150, 127, 108, 48, 110, 109)
5, (193, 100, 154, 113, 116, 55, 118, 118)
5, (227, 91, 144, 102, 118, 53, 85, 119)
5, (227, 94, 143, 73, 105, 47, 79, 89)
5, (220, 85, 139, 78, 99, 48, 80, 89)
5, (227, 95, 143, 83, 93, 58, 87, 101)
5, (230, 90, 129, 76, 96, 56, 80, 89)
5, (178, 91, 132, 89, 95, 56, 83, 81)
5, (173, 100, 151, 96, 95, 65, 104, 85)
5, (191, 130, 151, 99, 100, 65, 105, 104)
5, (187, 124, 148, 113, 108, 57, 97, 94)
5, (211, 126, 154, 121, 104, 53, 95, 97)
5, (229, 130, 184, 122, 107, 55, 99, 120)
5, (234, 125, 174, 118, 110, 47, 78, 117)
5, (226, 97, 169, 124, 99, 47, 81, 98)
5, (298, 126, 167, 110, 93, 47, 91, 107)
5, (273, 134, 165, 100, 86, 55, 100, 108)
5, (269, 128, 136, 90, 86, 49, 88, 87)
