0, (165, 211, 103, 112, 96, 49, 71, 267)
0, (160, 152, 109, 122, 99, 55, 98, 254)
0, (176, 192, 104, 110, 99, 55, 97, 261)
0, (164, 200, 103, 119, 97, 51, 101, 259)
0, (176, 193, 104, 106, 90, 50, 102, 248)
0, (183, 185, 98, 99, 82, 52, 114, 246)
0, (168, 183, 90, 102, 81, 50, 87, 257)
0, (154, 168, 89, 116, 97, 48, 85, 258)
0, (158, 157, 99, 114, 95, 50, 81, 258)
0, (163, 151, 103, 127, 90, 54, 92, 253)
0, (138, 149, 107, 128, 98, 56, 74, 213)
0, (146, 150, 105, 117, 111, 57, 75, 257)
0, (155, 105, 110, 101, 91, 59, 82, 253)
0, (162, 103, 115, 109, 93, 66, 119, 258)
0, (164, 156, 110, 104, 95, 62, 121, 258)
0, (180, 163, 105, 106, 88, 63, 129, 236)
0, (200, 165, 102, 109, 71, 63, 130, 252)
0, (192, 168, 95, 112, 65, 60, 127, 248)
0, (178, 165, 78, 100, 60, 55, 93, 245)
0, (185, 205, 79, 93, 67, 54, 76, 241)
0, (200, 208, 84, 89, 75, 56, 79, 239)
0, (167, 212, 87, 82, 78, 63, 118, 138)
0, (175, 211, 92, 81, 78, 63, 119, 133)
0, (182, 210, 96, 93, 85, 65, 125, 131)
0, (176, 142, 136, 88, 78, 68, 130, 111)
0, (149, 178, 134, 116, 71, 60, 125, 110)
0, (162, 174, 141, 123, 63, 51, 89, 108)
0, (152, 177, 138, 117, 62, 52, 87, 102)
0, (152, 177, 139, 113, 54, 51, 78, 79)
0, (133, 161, 95, 116, 54, 53, 99, 88)
0, (127, 114, 102, 92, 49, 61, 109, 85)
0, (125, 101, 99, 84, 53, 61, 110, 96)
0, (119, 202, 99, 83, 58, 64, 114, 95)
0, (114, 207, 99, 85, 56, 58, 112, 94)
0, (114, 208, 95, 85, 57, 52, 89, 68)
0, (116, 204, 79, 86, 55, 61, 88, 63)
0, (104, 206, 69, 85, 57, 63, 88, 40)
0, (116, 110, 73, 85, 53, 60, 87, 88)
0, (104, 131, 77, 91, 59, 60, 86, 91)
0, (111, 190, 94, 77, 60, 59, 84, 93)
0, (144, 203, 105, 72, 70, 51, 82, 91)
0, (145, 215, 118, 75, 67, 51, 95, 95)
0, (140, 216, 123, 75, 66, 53, 92, 53)
0, (144, 200, 114, 57, 64, 58, 92, 46)
0, (134, 142, 102, 58, 62, 59, 90, 41)
0, (101, 187, 98, 66, 59, 49, 72, 42)
0, (111, 181, 90, 61, 59, 46, 50, 35)
0, (113, 178, 78, 57, 63, 48, 47, 35)
0, (105, 179, 80, 64, 59, 41, 46, 33)
0, (112, 215, 77, 69, 54, 43, 56, 39)
0, (104, 169, 68, 56, 50, 42, 60, 38)
0, (112, 174, 56, 56, 53, 40, 57, 36)
0, (102, 194, 59, 65, 63, 35, 56, 34)
0, (103, 258, 59, 55, 63, 34, 53, 33)
0, (93, 234, 71, 46, 67, 40, 40, 25)
0, (85, 237, 73, 49, 69, 42, 31, 24)
0, (51, 233, 69, 47, 69, 42, 29, 25)
0, (98, 225, 65, 51, 58, 41, 28, 30)
0, (98, 237, 75, 54, 59, 44, 30, 32)
0, (102, 233, 71, 55, 58, 35, 30, 33)
0, (109, 234, 77, 54, 58, 32, 34, 39)
0, (131, 236, 85, 68, 60, 35, 34, 41)
0, (103, 246, 85, 70, 59, 38, 42, 40)
0, (123, 175, 77, 68, 60, 39, 50, 44)
0, (138, 192, 78, 71, 64, 43, 52, 47)
0, (138, 190, 72, 75, 71, 42, 51, 43)
0, (118, 233, 69, 65, 70, 43, 55, 42)
0, (124, 215, 76, 58, 72, 40, 49, 41)
0, (125, 215, 75, 66, 80, 39, 43, 37)
0, (128, 207, 71, 75, 80, 39, 45, 37)
0, (135, 248, 69, 73, 68, 44, 53, 38)
0, (152, 208, 61, 73, 68, 43, 58, 40)
0, (164, 205, 51, 68, 72, 49, 63, 44)
0, (156, 208, 51, 68, 64, 49, 64, 46)
0, (146, 211, 51, 59, 60, 49, 74, 50)
0, (155, 218, 62, 54, 63, 49, 69, 50)
0, (137, 228, 76, 53, 65, 47, 64, 49)
0, (115, 234, 83, 57, 60, 42, 66, 45)
0, (108, 230, 86, 53, 61, 44, 66, 44)
1, (121, 243, 85, 50, 58, 39, 53, 39)
1, (99, 200, 84, 51, 61, 37, 55, 42)
1, (101, 199, 80, 52, 52, 39, 53, 42)
1, (111, 195, 73, 52, 54, 40, 46, 41)
1, (132, 204, 75, 68, 72, 46, 50, 44)
1, (115, 259, 75, 67, 85, 47, 52, 47)
1, (118, 249, 72, 68, 83, 45, 55, 42)
1, (120, 238, 67, 78, 87, 48, 56, 42)
1, (125, 239, 73, 76, 92, 49, 60, 44)
1, (105, 224, 65, 58, 80, 41, 54, 43)
1, (113, 206, 67, 56, 66, 43, 54, 41)
1, (121, 206, 69, 63, 67, 47, 49, 46)
1, (138, 213, 66, 53, 62, 44, 52, 47)
1, (129, 219, 63, 56, 64, 45, 53, 47)
1, (130, 237, 63, 56, 65, 45, 53, 45)
1, (145, 234, 68, 65, 73, 46, 54, 44)
1, (154, 231, 67, 59, 71, 43, 53, 42)
1, (137, 229, 68, 57, 72, 41, 52, 38)
1, (137, 222, 66, 51, 63, 39, 60, 38)
1, (148, 258, 74, 61, 63, 41, 66, 40)
1, (133, 206, 85, 70, 61, 37, 64, 40)
1, (120, 212, 86, 71, 77, 36, 63, 41)
1, (117, 208, 84, 71, 78, 39, 68, 41)
1, (116, 265, 90, 71, 82, 39, 70, 42)
1, (105, 313, 93, 73, 86, 40, 71, 44)
1, (103, 325, 79, 57, 84, 48, 74, 45)
1, (91, 338, 75, 54, 69, 49, 73, 42)
1, (127, 336, 80, 51, 73, 50, 71, 45)
1, (130, 330, 78, 58, 93, 53, 65, 43)
1, (139, 244, 72, 53, 91, 62, 79, 41)
1, (133, 227, 83, 63, 89, 56, 79, 41)
1, (151, 207, 84, 75, 93, 60, 91, 58)
1, (127, 221, 84, 85, 92, 58, 93, 70)
1, (124, 196, 86, 85, 67, 55, 108, 89)
1, (105, 190, 79, 82, 57, 45, 104, 88)
1, (102, 183, 64, 75, 63, 46, 103, 89)
1, (91, 170, 61, 73, 73, 50, 100, 80)
1, (103, 149, 59, 79, 71, 52, 100, 68)
1, (111, 196, 67, 94, 71, 56, 85, 47)
1, (113, 200, 80, 99, 73, 53, 76, 47)
1, (134, 205, 81, 102, 68, 53, 85, 46)
1, (121, 207, 83, 100, 56, 44, 83, 48)
1, (137, 299, 82, 90, 54, 45, 87, 53)
1, (138, 243, 70, 71, 64, 47, 82, 66)
1, (150, 243, 79, 70, 69, 51, 85, 82)
1, (142, 252, 81, 85, 72, 53, 77, 89)
1, (140, 257, 82, 121, 75, 57, 76, 91)
1, (112, 242, 86, 122, 74, 61, 76, 90)
1, (146, 268, 97, 123, 71, 56, 74, 77)
1, (139, 271, 81, 120, 74, 54, 86, 60)
2, (163, 222, 152, 173, 74, 47, 101, 250)
2, (160, 221, 133, 166, 62, 51, 121, 138)
2, (175, 217, 134, 182, 73, 61, 130, 230)
2, (176, 177, 150, 166, 73, 62, 126, 218)
2, (160, 258, 148, 163, 64, 62, 132, 214)
2, (166, 237, 151, 163, 59, 72, 160, 213)
2, (174, 235, 159, 176, 65, 68, 146, 213)
2, (168, 237, 146, 157, 61, 61, 143, 130)
2, (171, 244, 135, 159, 64, 64, 150, 139)
2, (179, 213, 132, 171, 76, 63, 134, 172)
2, (173, 212, 140, 161, 86, 51, 96, 253)
2, (174, 217, 142, 206, 101, 50, 98, 249)
2, (186, 208, 130, 220, 99, 50, 94, 246)
2, (176, 216, 127, 229, 98, 44, 85, 245)
2, (176, 236, 122, 231, 97, 41, 94, 225)
2, (173, 235, 116, 236, 88, 44, 92, 130)
2, (172, 237, 105, 185, 68, 44, 94, 143)
2, (168, 247, 123, 173, 74, 48, 90, 223)
2, (173, 249, 126, 152, 85, 51, 100, 223)
2, (151, 240, 123, 133, 76, 56, 106, 219)
2, (155, 240, 123, 164, 84, 61, 127, 230)
2, (179, 239, 146, 165, 94, 84, 175, 229)
2, (164, 232, 138, 197, 114, 85, 188, 156)
2, (174, 229, 136, 201, 107, 82, 183, 229)
2, (181, 212, 140, 197, 105, 77, 177, 281)
2, (185, 236, 167, 172, 109, 72, 159, 281)
2, (175, 227, 144, 181, 110, 48, 109, 282)
2, (191, 220, 130, 149, 87, 48, 86, 271)
2, (178, 224, 136, 161, 91, 53, 89, 217)
2, (180, 200, 137, 167, 96, 57, 91, 181)
2, (166, 180, 95, 165, 91, 60, 96, 285)
2, (158, 187, 102, 153, 80, 58, 90, 280)
2, (147, 188, 100, 153, 78, 54, 87, 280)
2, (144, 171, 97, 138, 81, 55, 95, 281)
2, (174, 151, 96, 147, 79, 57, 124, 261)
2, (177, 221, 96, 142, 70, 53, 132, 114)
2, (168, 238, 92, 144, 67, 49, 128, 111)
2, (180, 238, 107, 182, 64, 51, 132, 136)
2, (186, 229, 119, 175, 63, 59, 144, 235)
2, (151, 237, 120, 168, 68, 63, 144, 242)
2, (145, 166, 124, 162, 69, 63, 133, 245)
2, (139, 182, 121, 155, 75, 63, 130, 243)
2, (145, 177, 106, 107, 82, 63, 126, 233)
2, (135, 264, 80, 115, 75, 51, 86, 54)
2, (138, 177, 99, 113, 81, 52, 104, 133)
2, (136, 258, 81, 74, 71, 46, 80, 49)
2, (140, 166, 105, 114, 79, 44, 70, 135)
2, (139, 233, 84, 69, 70, 36, 68, 45)
2, (197, 166, 116, 119, 82, 46, 85, 240)
2, (111, 213, 70, 75, 69, 35, 69, 55)
2, (199, 131, 128, 114, 79, 49, 95, 238)
2, (105, 221, 69, 79, 66, 36, 52, 56)
2, (177, 192, 134, 121, 76, 49, 101, 234)
2, (97, 223, 67, 70, 59, 44, 60, 50)
2, (175, 192, 133, 118, 69, 47, 105, 223)
2, (106, 227, 80, 70, 59, 44, 62, 51)
2, (168, 197, 135, 118, 66, 45, 105, 220)
2, (100, 192, 71, 78, 68, 48, 66, 51)
2, (103, 207, 127, 120, 59, 42, 96, 109)
2, (95, 182, 76, 84, 70, 47, 62, 44)
2, (121, 200, 118, 119, 63, 42, 95, 123)
2, (94, 164, 77, 88, 62, 46, 86, 43)
2, (117, 188, 112, 109, 62, 41, 85, 132)
2, (105, 170, 83, 87, 64, 40, 100, 49)
2, (118, 205, 115, 145, 67, 44, 78, 153)
2, (98, 222, 74, 84, 70, 42, 101, 49)
2, (130, 204, 99, 133, 63, 45, 71, 220)
2, (123, 197, 81, 97, 64, 38, 100, 48)
2, (125, 194, 90, 135, 67, 50, 74, 209)
2, (114, 208, 79, 98, 57, 43, 105, 48)
2, (104, 190, 96, 137, 63, 47, 65, 202)
2, (120, 216, 80, 90, 65, 46, 84, 46)
2, (121, 178, 98, 147, 63, 47, 67, 207)
2, (112, 214, 72, 92, 64, 48, 70, 43)
2, (129, 160, 80, 110, 60, 48, 67, 192)
2, (127, 216, 68, 102, 57, 49, 76, 43)
2, (127, 151, 84, 108, 68, 46, 63, 93)
2, (108, 212, 69, 124, 58, 55, 82, 41)
2, (126, 155, 87, 100, 64, 40, 55, 91)
2, (108, 205, 70, 118, 61, 56, 80, 40)
2, (123, 168, 80, 117, 67, 45, 55, 91)
2, (103, 192, 75, 119, 54, 52, 79, 44)
2, (121, 190, 81, 104, 61, 42, 61, 81)
2, (103, 180, 79, 120, 57, 49, 71, 41)
2, (109, 188, 81, 101, 60, 38, 62, 79)
2, (102, 169, 83, 119, 55, 46, 71, 68)
2, (98, 185, 83, 103, 53, 35, 60, 74)
3, (187, 200, 151, 244, 85, 57, 117, 225)
3, (210, 174, 131, 236, 75, 70, 128, 246)
3, (202, 222, 116, 170, 71, 68, 125, 244)
3, (203, 217, 103, 134, 77, 61, 116, 250)
3, (192, 208, 109, 134, 73, 68, 114, 255)
3, (220, 217, 103, 109, 70, 82, 123, 247)
3, (178, 230, 106, 102, 68, 73, 114, 267)
3, (184, 223, 94, 101, 80, 72, 114, 262)
3, (193, 230, 86, 109, 69, 72, 115, 256)
3, (201, 234, 76, 126, 65, 69, 114, 268)
3, (178, 231, 89, 130, 64, 49, 99, 268)
3, (189, 218, 81, 141, 69, 44, 88, 165)
3, (188, 206, 81, 145, 60, 49, 87, 272)
3, (175, 204, 93, 140, 68, 52, 95, 280)
3, (167, 204, 132, 123, 68, 53, 96, 270)
3, (183, 211, 145, 125, 66, 53, 84, 267)
3, (171, 218, 163, 124, 60, 54, 97, 262)
3, (163, 245, 184, 133, 57, 52, 106, 169)
3, (186, 256, 181, 122, 51, 48, 98, 165)
3, (193, 252, 160, 126, 56, 45, 98, 228)
3, (184, 240, 144, 153, 65, 46, 94, 228)
3, (161, 231, 123, 150, 65, 45, 82, 224)
3, (166, 221, 91, 174, 87, 53, 69, 231)
3, (157, 207, 87, 218, 94, 66, 104, 229)
3, (170, 209, 105, 217, 98, 67, 109, 170)
3, (159, 211, 109, 197, 91, 64, 112, 237)
3, (172, 221, 111, 190, 93, 65, 109, 248)
3, (213, 227, 125, 169, 74, 64, 124, 227)
3, (204, 233, 130, 109, 66, 52, 111, 230)
3, (197, 232, 117, 105, 55, 53, 110, 232)
3, (202, 238, 115, 130, 64, 53, 111, 176)
3, (216, 256, 116, 131, 63, 57, 121, 172)
3, (193, 194, 109, 114, 66, 53, 115, 233)
3, (222, 195, 109, 118, 65, 53, 111, 239)
3, (234, 193, 107, 124, 68, 54, 123, 225)
3, (237, 186, 106, 100, 67, 56, 122, 213)
3, (223, 214, 116, 105, 72, 58, 128, 217)
3, (241, 197, 106, 117, 70, 60, 145, 156)
3, (216, 190, 110, 130, 88, 59, 140, 240)
3, (189, 189, 117, 136, 93, 56, 122, 244)
3, (181, 202, 118, 136, 96, 62, 126, 244)
3, (187, 207, 125, 140, 93, 54, 113, 231)
3, (165, 213, 131, 138, 91, 52, 90, 227)
3, (164, 232, 149, 151, 83, 55, 91, 108)
3, (166, 233, 152, 153, 99, 62, 97, 92)
3, (180, 254, 153, 154, 101, 62, 90, 116)
3, (160, 213, 141, 157, 102, 64, 98, 226)
3, (167, 211, 150, 159, 103, 67, 92, 230)
3, (172, 217, 157, 134, 102, 67, 94, 232)
3, (187, 226, 163, 137, 87, 63, 101, 233)
3, (178, 232, 159, 133, 74, 59, 117, 226)
3, (176, 214, 172, 126, 77, 60, 111, 134)
3, (164, 218, 164, 138, 80, 55, 108, 150)
3, (160, 190, 151, 150, 82, 53, 108, 259)
3, (142, 200, 163, 139, 70, 48, 100, 260)
3, (139, 200, 161, 167, 73, 47, 86, 266)
3, (170, 197, 157, 173, 76, 48, 96, 260)
4, (201, 208, 116, 97, 71, 48, 99, 248)
4, (205, 179, 108, 107, 75, 54, 99, 253)
4, (221, 185, 129, 100, 78, 50, 93, 306)
4, (168, 183, 116, 103, 76, 55, 97, 254)
4, (172, 183, 120, 90, 78, 52, 88, 272)
4, (183, 210, 129, 89, 69, 56, 94, 280)
4, (187, 219, 136, 94, 83, 56, 126, 368)
4, (203, 220, 124, 103, 83, 58, 141, 299)
4, (197, 236, 136, 111, 87, 57, 159, 307)
4, (190, 235, 133, 120, 87, 57, 164, 299)
4, (194, 193, 126, 135, 90, 56, 165, 347)
4, (188, 192, 115, 155, 83, 53, 139, 247)
4, (167, 194, 107, 154, 79, 51, 131, 253)
4, (167, 170, 86, 156, 73, 48, 115, 252)
4, (164, 186, 83, 162, 72, 47, 109, 261)
4, (198, 180, 115, 170, 81, 48, 111, 245)
4, (206, 206, 137, 215, 74, 48, 114, 250)
4, (185, 204, 147, 244, 76, 58, 114, 237)
4, (190, 215, 148, 239, 81, 56, 110, 229)
5, (200, 185, 109, 113, 69, 52, 102, 264)
5, (170, 185, 116, 120, 65, 46, 97, 270)
5, (165, 184, 137, 133, 58, 46, 100, 303)
5, (204, 196, 129, 128, 68, 48, 113, 250)
5, (212, 201, 135, 130, 74, 56, 131, 259)
5, (215, 165, 158, 144, 69, 50, 117, 264)
5, (212, 189, 160, 135, 70, 48, 111, 253)
5, (218, 181, 142, 130, 70, 52, 115, 247)
5, (240, 175, 152, 123, 67, 52, 104, 266)
5, (218, 171, 147, 129, 60, 48, 98, 259)
