0, (230, 301, 155, 179, 104, 78, 128, 329)
0, (228, 322, 162, 188, 94, 78, 125, 321)
0, (235, 286, 165, 210, 83, 81, 139, 319)
0, (233, 283, 174, 217, 91, 85, 133, 307)
0, (204, 269, 179, 223, 91, 83, 118, 307)
0, (202, 257, 194, 204, 89, 84, 123, 328)
0, (205, 237, 203, 198, 110, 84, 126, 402)
0, (206, 248, 202, 172, 116, 79, 119, 327)
0, (189, 283, 191, 160, 112, 78, 134, 323)
0, (188, 347, 178, 163, 110, 80, 141, 336)
0, (188, 335, 153, 155, 113, 86, 157, 355)
0, (212, 348, 138, 168, 96, 88, 161, 304)
0, (222, 342, 137, 176, 88, 96, 167, 313)
0, (305, 374, 178, 179, 80, 98, 147, 316)
0, (306, 339, 204, 198, 76, 89, 138, 296)
0, (316, 350, 220, 246, 84, 86, 121, 339)
0, (317, 409, 221, 259, 94, 90, 119, 308)
0, (316, 405, 224, 256, 109, 102, 148, 301)
0, (230, 376, 188, 287, 127, 91, 148, 297)
0, (228, 349, 155, 268, 133, 93, 148, 306)
0, (250, 390, 141, 231, 131, 91, 143, 275)
0, (242, 313, 137, 207, 122, 91, 154, 323)
0, (267, 315, 125, 205, 112, 75, 118, 315)
0, (266, 304, 125, 161, 94, 71, 111, 312)
0, (274, 384, 145, 174, 87, 76, 118, 306)
0, (254, 348, 168, 203, 95, 74, 118, 254)
0, (251, 408, 164, 210, 93, 67, 100, 269)
0, (206, 421, 168, 208, 90, 64, 92, 286)
0, (199, 409, 168, 211, 92, 61, 85, 284)
0, (213, 346, 180, 224, 108, 55, 79, 285)
0, (208, 367, 186, 184, 95, 65, 98, 263)
0, (203, 298, 190, 173, 90, 63, 100, 167)
0, (217, 301, 190, 171, 93, 59, 110, 266)
0, (233, 320, 190, 166, 90, 57, 110, 276)
0, (220, 326, 163, 162, 76, 58, 111, 282)
0, (228, 308, 123, 165, 77, 63, 131, 281)
0, (237, 338, 132, 234, 103, 95, 170, 292)
0, (227, 366, 136, 238, 97, 97, 166, 251)
0, (220, 339, 150, 236, 99, 100, 171, 292)
0, (200, 328, 143, 216, 109, 106, 171, 291)
0, (245, 333, 179, 238, 109, 106, 191, 298)
0, (232, 314, 190, 195, 88, 84, 164, 287)
0, (258, 285, 189, 188, 95, 83, 157, 234)
0, (247, 302, 211, 188, 99, 84, 155, 201)
0, (251, 335, 235, 191, 95, 80, 159, 217)
0, (208, 341, 226, 158, 106, 77, 125, 311)
0, (208, 351, 214, 214, 109, 71, 131, 315)
0, (180, 333, 210, 219, 107, 67, 131, 313)
0, (195, 320, 176, 224, 104, 61, 132, 292)
0, (223, 281, 160, 231, 101, 57, 128, 279)
0, (204, 268, 135, 229, 89, 43, 108, 154)
0, (205, 245, 178, 211, 87, 50, 94, 138)
0, (197, 253, 177, 207, 85, 57, 96, 121)
0, (169, 294, 183, 199, 77, 55, 90, 105)
0, (134, 296, 175, 179, 69, 54, 82, 80)
0, (122, 271, 170, 174, 64, 53, 76, 51)
0, (138, 258, 111, 87, 63, 43, 66, 46)
0, (133, 260, 107, 75, 63, 39, 64, 42)
0, (133, 205, 87, 68, 65, 42, 66, 40)
0, (127, 196, 68, 66, 68, 46, 65, 40)
0, (122, 204, 76, 75, 83, 47, 61, 37)
0, (113, 248, 81, 88, 83, 52, 53, 35)
0, (124, 259, 90, 88, 85, 55, 67, 44)
0, (153, 265, 98, 89, 84, 53, 86, 46)
0, (144, 262, 92, 87, 82, 53, 91, 46)
0, (151, 253, 89, 77, 65, 55, 100, 46)
0, (139, 248, 92, 62, 69, 53, 103, 46)
0, (167, 317, 85, 67, 67, 51, 93, 41)
0, (153, 318, 92, 77, 66, 52, 76, 38)
0, (160, 316, 95, 75, 63, 51, 77, 38)
0, (174, 317, 90, 73, 69, 52, 74, 37)
0, (182, 293, 89, 80, 64, 57, 74, 43)
0, (179, 271, 101, 78, 74, 59, 90, 41)
0, (215, 304, 105, 80, 81, 61, 90, 47)
0, (211, 301, 112, 86, 95, 64, 95, 48)
0, (223, 302, 129, 81, 96, 64, 94, 50)
0, (226, 334, 129, 77, 95, 66, 119, 53)
0, (243, 272, 123, 80, 86, 63, 111, 59)
0, (206, 240, 109, 69, 82, 58, 112, 54)
0, (212, 259, 118, 65, 78, 58, 107, 55)
0, (204, 273, 108, 79, 72, 54, 104, 53)
0, (200, 290, 103, 78, 91, 53, 77, 44)
0, (183, 302, 100, 74, 90, 52, 73, 44)
0, (207, 312, 108, 80, 105, 58, 78, 50)
0, (215, 342, 104, 80, 102, 55, 80, 49)
0, (215, 361, 106, 69, 107, 55, 78, 48)
0, (227, 323, 119, 66, 93, 49, 70, 53)
0, (217, 334, 119, 69, 92, 55, 78, 47)
1, (212, 337, 121, 64, 77, 54, 74, 48)
1, (205, 324, 116, 64, 85, 61, 72, 54)
1, (201, 330, 113, 66, 82, 66, 77, 56)
1, (196, 336, 109, 68, 80, 63, 81, 52)
1, (182, 315, 119, 60, 81, 59, 72, 52)
1, (234, 358, 116, 56, 84, 59, 73, 48)
1, (238, 350, 115, 60, 74, 52, 75, 37)
1, (248, 321, 109, 57, 82, 55, 78, 36)
1, (240, 330, 105, 51, 80, 56, 72, 38)
1, (245, 359, 112, 55, 80, 56, 71, 38)
1, (189, 307, 114, 57, 71, 52, 72, 36)
1, (190, 290, 121, 49, 75, 47, 74, 39)
1, (243, 333, 130, 50, 76, 58, 96, 57)
1, (252, 347, 127, 55, 91, 55, 98, 58)
1, (248, 313, 117, 60, 93, 55, 99, 57)
1, (243, 320, 109, 62, 92, 60, 107, 60)
1, (244, 314, 97, 59, 86, 71, 145, 67)
1, (187, 255, 102, 62, 73, 60, 141, 52)
1, (182, 221, 114, 60, 58, 60, 139, 49)
1, (173, 272, 110, 52, 62, 60, 138, 47)
1, (168, 299, 118, 46, 66, 60, 132, 44)
1, (196, 347, 124, 58, 77, 51, 89, 41)
2, (180, 411, 121, 60, 77, 50, 80, 44)
2, (179, 399, 111, 57, 84, 53, 82, 44)
2, (199, 371, 128, 66, 87, 55, 80, 47)
2, (206, 368, 129, 70, 97, 61, 83, 52)
2, (177, 367, 132, 63, 84, 59, 82, 44)
2, (193, 343, 129, 63, 85, 59, 78, 45)
2, (191, 355, 140, 63, 85, 65, 82, 49)
2, (178, 370, 136, 57, 93, 64, 84, 49)
2, (176, 372, 139, 63, 83, 55, 78, 46)
2, (212, 381, 144, 63, 87, 58, 78, 52)
2, (226, 348, 150, 57, 95, 55, 68, 49)
2, (225, 341, 143, 60, 107, 52, 64, 47)
2, (223, 341, 131, 64, 92, 50, 65, 44)
2, (225, 318, 137, 54, 88, 51, 68, 46)
2, (195, 271, 140, 54, 92, 47, 63, 42)
2, (183, 260, 127, 78, 104, 54, 61, 43)
2, (176, 310, 126, 82, 98, 54, 64, 43)
2, (208, 297, 128, 79, 101, 55, 67, 94)
2, (235, 281, 117, 79, 101, 54, 64, 96)
2, (268, 307, 160, 165, 79, 78, 134, 307)
2, (238, 266, 100, 94, 104, 54, 73, 98)
2, (259, 311, 169, 182, 80, 75, 126, 308)
2, (223, 319, 103, 80, 90, 49, 74, 101)
2, (265, 357, 159, 180, 88, 80, 123, 306)
2, (254, 280, 105, 73, 74, 43, 76, 107)
2, (269, 361, 169, 187, 114, 54, 96, 302)
2, (229, 281, 108, 71, 73, 44, 71, 68)
2, (250, 367, 171, 227, 113, 63, 98, 288)
2, (203, 299, 104, 80, 78, 53, 72, 64)
2, (249, 381, 190, 226, 113, 69, 101, 190)
2, (210, 333, 97, 67, 88, 59, 62, 63)
2, (252, 403, 175, 209, 112, 70, 104, 278)
2, (228, 288, 107, 60, 80, 57, 63, 59)
2, (247, 372, 174, 240, 107, 62, 88, 275)
2, (199, 293, 99, 64, 84, 56, 61, 48)
2, (226, 299, 165, 228, 77, 59, 97, 270)
2, (205, 344, 96, 70, 83, 56, 62, 45)
2, (208, 298, 151, 203, 72, 57, 102, 271)
2, (237, 337, 110, 66, 79, 46, 69, 79)
2, (232, 329, 118, 199, 65, 54, 97, 279)
2, (245, 331, 113, 60, 58, 36, 71, 89)
2, (236, 292, 167, 202, 78, 64, 97, 373)
2, (235, 336, 117, 66, 68, 53, 96, 102)
2, (231, 336, 192, 216, 80, 65, 92, 366)
2, (241, 326, 134, 72, 65, 59, 116, 152)
2, (224, 385, 212, 222, 81, 73, 103, 371)
2, (238, 394, 136, 102, 69, 69, 139, 243)
2, (266, 412, 223, 197, 81, 74, 129, 375)
2, (208, 395, 163, 153, 89, 75, 146, 248)
2, (263, 377, 231, 204, 79, 71, 132, 365)
2, (203, 382, 170, 156, 89, 80, 150, 255)
2, (258, 392, 212, 200, 65, 65, 130, 225)
2, (202, 383, 181, 160, 82, 72, 138, 254)
2, (249, 355, 249, 170, 73, 64, 137, 334)
2, (205, 432, 168, 167, 87, 71, 127, 237)
2, (334, 380, 241, 168, 86, 60, 128, 330)
2, (224, 330, 172, 173, 89, 61, 111, 163)
2, (313, 339, 232, 170, 85, 54, 93, 324)
2, (236, 354, 145, 154, 88, 66, 100, 147)
2, (292, 348, 227, 155, 86, 57, 97, 318)
2, (217, 352, 138, 190, 99, 64, 100, 262)
2, (289, 346, 221, 172, 94, 59, 122, 292)
2, (226, 374, 121, 189, 98, 63, 101, 275)
2, (295, 348, 187, 224, 112, 63, 113, 302)
2, (248, 311, 133, 186, 102, 69, 102, 277)
2, (215, 332, 174, 220, 107, 62, 103, 303)
2, (234, 314, 134, 168, 101, 69, 100, 269)
2, (238, 332, 176, 223, 118, 68, 105, 300)
2, (212, 320, 141, 154, 89, 73, 139, 268)
2, (267, 326, 183, 241, 121, 76, 102, 298)
2, (210, 353, 161, 119, 78, 69, 136, 152)
2, (284, 339, 179, 226, 119, 81, 99, 373)
2, (255, 366, 163, 124, 79, 70, 134, 135)
2, (281, 344, 145, 142, 101, 81, 101, 304)
2, (222, 396, 156, 122, 71, 62, 129, 284)
2, (268, 284, 139, 151, 100, 77, 100, 308)
2, (218, 395, 150, 119, 72, 76, 141, 302)
2, (265, 280, 138, 147, 84, 70, 106, 310)
2, (223, 380, 149, 140, 71, 69, 124, 311)
2, (248, 294, 136, 119, 77, 61, 108, 325)
2, (242, 366, 128, 135, 82, 70, 126, 309)
2, (218, 332, 133, 123, 77, 56, 85, 380)
2, (210, 402, 129, 129, 88, 68, 124, 307)
2, (213, 309, 129, 134, 81, 56, 89, 353)
2, (214, 408, 150, 127, 93, 74, 146, 176)
2, (225, 306, 150, 128, 74, 60, 98, 347)
2, (234, 407, 153, 146, 89, 58, 129, 202)
2, (195, 318, 158, 117, 79, 75, 151, 346)
2, (244, 407, 154, 126, 94, 66, 115, 272)
2, (220, 312, 144, 117, 86, 74, 148, 335)
2, (237, 464, 162, 130, 90, 73, 120, 282)
2, (230, 351, 150, 124, 90, 76, 151, 155)
2, (243, 406, 156, 137, 91, 73, 121, 287)
2, (241, 385, 148, 134, 88, 82, 150, 282)
2, (240, 375, 162, 120, 85, 84, 156, 244)
3, (348, 393, 224, 177, 92, 64, 80, 314)
3, (376, 356, 217, 183, 86, 68, 92, 338)
3, (409, 413, 208, 189, 91, 69, 91, 339)
3, (309, 343, 212, 199, 91, 63, 88, 332)
3, (297, 353, 176, 197, 90, 64, 89, 329)
3, (291, 342, 159, 175, 82, 75, 118, 339)
3, (277, 432, 159, 173, 70, 69, 117, 197)
3, (307, 415, 157, 144, 67, 69, 125, 322)
3, (311, 422, 152, 134, 67, 75, 129, 322)
3, (302, 407, 190, 147, 82, 74, 129, 327)
3, (311, 453, 197, 181, 78, 65, 122, 312)
3, (296, 371, 206, 186, 87, 56, 115, 306)
3, (219, 314, 202, 201, 89, 54, 108, 302)
3, (218, 315, 185, 220, 92, 52, 106, 310)
3, (229, 318, 145, 215, 94, 66, 117, 316)
3, (223, 262, 143, 193, 100, 66, 93, 321)
3, (217, 253, 136, 212, 105, 86, 112, 327)
3, (234, 288, 131, 202, 108, 97, 142, 318)
3, (251, 317, 143, 199, 106, 99, 152, 310)
3, (272, 305, 151, 197, 97, 92, 150, 297)
3, (275, 295, 150, 193, 89, 89, 163, 301)
3, (287, 361, 144, 171, 80, 95, 170, 293)
3, (283, 346, 159, 183, 81, 83, 144, 194)
4, (260, 289, 160, 138, 83, 70, 130, 306)
4, (301, 316, 181, 132, 82, 59, 106, 298)
4, (312, 310, 189, 128, 110, 62, 98, 232)
4, (332, 266, 165, 130, 103, 61, 98, 173)
4, (303, 269, 186, 193, 99, 62, 100, 293)
4, (324, 264, 189, 215, 103, 60, 89, 292)
4, (297, 184, 179, 217, 104, 52, 79, 311)
4, (289, 204, 200, 232, 95, 49, 88, 317)
4, (266, 275, 223, 259, 106, 61, 111, 312)
4, (263, 269, 207, 253, 113, 62, 115, 327)
4, (240, 275, 195, 238, 113, 61, 132, 322)
4, (225, 281, 188, 239, 110, 70, 144, 306)
4, (235, 304, 173, 228, 102, 72, 152, 303)
4, (250, 291, 149, 193, 94, 63, 138, 329)
4, (242, 291, 151, 153, 86, 62, 134, 300)
4, (240, 295, 154, 167, 87, 68, 131, 297)
4, (260, 363, 157, 172, 88, 60, 125, 297)
4, (238, 347, 151, 184, 82, 55, 107, 306)
4, (225, 296, 147, 185, 73, 58, 121, 381)
4, (233, 316, 168, 177, 73, 66, 127, 315)
4, (237, 346, 189, 184, 67, 59, 120, 315)
4, (201, 281, 196, 176, 72, 59, 102, 314)
4, (201, 342, 195, 171, 64, 61, 115, 316)
4, (196, 381, 191, 165, 72, 63, 97, 188)
4, (175, 381, 164, 185, 75, 62, 109, 325)
4, (176, 395, 161, 163, 83, 63, 101, 322)
4, (183, 393, 149, 158, 80, 59, 109, 322)
4, (192, 362, 164, 165, 84, 58, 105, 327)
4, (228, 366, 176, 169, 78, 53, 124, 336)
4, (230, 352, 189, 168, 80, 55, 114, 315)
4, (215, 322, 187, 170, 82, 57, 114, 336)
4, (251, 359, 195, 179, 98, 67, 106, 343)
4, (255, 341, 199, 179, 97, 77, 113, 335)
4, (265, 295, 212, 187, 99, 89, 120, 316)
4, (267, 329, 211, 174, 98, 84, 115, 211)
4, (271, 364, 199, 195, 96, 81, 115, 197)
4, (260, 339, 217, 208, 87, 78, 120, 279)
4, (272, 348, 202, 190, 85, 80, 126, 264)
4, (271, 369, 195, 179, 82, 67, 103, 263)
4, (265, 343, 200, 207, 90, 65, 108, 266)
4, (259, 288, 201, 199, 95, 67, 108, 269)
4, (247, 323, 183, 177, 97, 70, 103, 312)
4, (235, 314, 194, 195, 96, 58, 81, 313)
4, (332, 374, 195, 202, 104, 59, 76, 321)
4, (345, 384, 214, 173, 93, 63, 74, 319)
5, (204, 258, 218, 183, 119, 112, 160, 307)
5, (199, 239, 207, 176, 107, 97, 155, 309)
5, (213, 239, 198, 157, 111, 98, 149, 304)
5, (210, 288, 172, 164, 125, 108, 143, 279)
5, (226, 286, 154, 147, 117, 98, 138, 284)
5, (216, 315, 151, 142, 107, 74, 104, 281)
5, (242, 313, 144, 141, 113, 87, 144, 287)
5, (296, 330, 160, 144, 116, 82, 139, 299)
5, (299, 288, 174, 135, 103, 68, 144, 312)
5, (287, 286, 183, 130, 104, 72, 143, 312)
5, (275, 262, 190, 132, 106, 77, 162, 314)
5, (293, 334, 207, 164, 108, 73, 144, 315)
5, (219, 310, 191, 159, 100, 79, 164, 299)
5, (239, 331, 182, 175, 105, 84, 167, 244)
5, (251, 337, 178, 172, 100, 82, 171, 298)
5, (261, 339, 164, 166, 92, 77, 156, 296)
5, (229, 271, 183, 145, 77, 75, 162, 301)
5, (235, 307, 180, 156, 74, 68, 139, 310)
5, (210, 285, 189, 157, 70, 63, 138, 353)
5, (209, 257, 184, 160, 74, 71, 141, 308)
5, (212, 272, 177, 176, 86, 82, 154, 307)
5, (217, 331, 139, 202, 112, 81, 132, 302)
5, (230, 307, 145, 227, 127, 83, 139, 307)
5, (257, 314, 133, 225, 126, 87, 141, 308)
5, (248, 342, 135, 231, 123, 82, 137, 305)
5, (243, 333, 156, 255, 120, 68, 115, 310)
5, (248, 284, 151, 230, 96, 71, 154, 319)
5, (245, 313, 164, 221, 73, 76, 160, 384)
5, (205, 305, 164, 219, 71, 72, 146, 286)
5, (234, 321, 174, 214, 70, 71, 142, 293)
5, (286, 302, 161, 178, 68, 71, 148, 312)
5, (303, 323, 163, 188, 68, 69, 139, 350)
5, (294, 322, 148, 163, 83, 63, 129, 291)
5, (305, 346, 146, 151, 89, 64, 130, 291)
5, (306, 340, 131, 147, 89, 72, 147, 304)
5, (262, 353, 144, 149, 89, 84, 162, 289)
5, (262, 381, 166, 180, 92, 81, 150, 328)
5, (277, 364, 165, 186, 85, 81, 144, 343)
5, (259, 336, 177, 194, 80, 80, 154, 347)
5, (235, 345, 185, 201, 88, 73, 137, 347)
5, (284, 342, 178, 186, 87, 61, 129, 341)
5, (316, 303, 158, 139, 92, 52, 111, 318)
5, (310, 303, 156, 130, 90, 51, 120, 271)
5, (316, 319, 162, 142, 103, 52, 107, 278)
5, (321, 369, 165, 132, 101, 55, 112, 264)
5, (277, 382, 167, 145, 97, 58, 122, 282)
5, (220, 361, 164, 170, 94, 60, 124, 310)
5, (201, 378, 165, 192, 101, 64, 124, 313)
5, (244, 393, 166, 189, 91, 61, 126, 303)
5, (251, 343, 154, 189, 87, 63, 130, 297)
5, (264, 316, 148, 182, 83, 67, 117, 280)
5, (246, 323, 168, 162, 81, 67, 118, 137)
5, (258, 365, 199, 141, 65, 63, 116, 146)
5, (247, 349, 204, 130, 64, 74, 136, 256)
5, (228, 307, 206, 147, 70, 73, 128, 251)
5, (232, 311, 220, 157, 94, 80, 132, 253)
5, (236, 326, 202, 165, 97, 93, 159, 264)
5, (236, 252, 168, 158, 100, 92, 160, 318)
5, (202, 289, 169, 158, 104, 84, 140, 294)
5, (268, 297, 167, 143, 102, 80, 139, 299)
