0, (245, 102, 129, 148, 106, 59, 116, 92)
0, (239, 95, 139, 143, 112, 53, 98, 88)
0, (217, 90, 137, 147, 117, 48, 91, 89)
0, (256, 97, 154, 136, 125, 49, 89, 94)
0, (267, 102, 161, 124, 119, 49, 113, 85)
0, (239, 99, 137, 103, 94, 48, 121, 83)
0, (233, 96, 146, 92, 89, 49, 117, 84)
0, (237, 93, 153, 92, 88, 45, 116, 82)
0, (183, 74, 145, 96, 87, 44, 124, 97)
0, (199, 79, 139, 103, 103, 44, 103, 82)
0, (185, 80, 128, 100, 110, 41, 88, 86)
0, (185, 86, 108, 102, 126, 43, 87, 86)
0, (183, 88, 101, 102, 134, 47, 84, 94)
0, (188, 97, 91, 102, 129, 48, 77, 91)
0, (176, 91, 88, 94, 122, 51, 73, 89)
0, (180, 87, 79, 92, 113, 54, 70, 90)
0, (192, 80, 97, 126, 112, 61, 79, 102)
0, (219, 82, 99, 130, 113, 62, 97, 106)
0, (220, 85, 100, 133, 115, 65, 107, 94)
0, (215, 96, 127, 135, 116, 61, 106, 93)
0, (214, 100, 139, 141, 115, 63, 105, 89)
0, (216, 101, 131, 116, 130, 59, 101, 75)
0, (185, 101, 135, 116, 118, 62, 95, 59)
0, (199, 90, 149, 108, 114, 58, 79, 67)
0, (188, 77, 124, 120, 134, 60, 78, 75)
0, (192, 70, 125, 118, 139, 58, 80, 75)
0, (186, 70, 136, 107, 120, 70, 107, 76)
0, (197, 65, 138, 101, 119, 68, 103, 77)
0, (179, 65, 130, 96, 119, 66, 101, 64)
0, (168, 64, 150, 85, 116, 65, 103, 51)
0, (181, 71, 147, 96, 129, 70, 100, 50)
0, (159, 68, 132, 95, 136, 61, 84, 46)
0, (150, 67, 122, 100, 145, 67, 86, 38)
0, (145, 59, 116, 114, 151, 70, 85, 37)
0, (143, 64, 93, 107, 132, 68, 83, 37)
0, (113, 53, 81, 99, 130, 71, 111, 40)
0, (117, 68, 122, 114, 115, 66, 108, 35)
0, (114, 73, 122, 120, 104, 53, 101, 35)
0, (119, 79, 120, 115, 110, 56, 108, 33)
0, (140, 80, 125, 119, 136, 62, 112, 32)
1, (142, 79, 126, 114, 125, 52, 84, 25)
1, (154, 70, 80, 98, 123, 46, 72, 28)
1, (151, 69, 76, 88, 122, 46, 69, 32)
1, (141, 62, 72, 80, 111, 37, 54, 30)
1, (123, 52, 48, 64, 91, 31, 40, 31)
1, (117, 58, 44, 61, 88, 37, 47, 33)
1, (102, 55, 44, 78, 94, 39, 49, 33)
1, (103, 60, 39, 76, 95, 44, 54, 32)
1, (100, 62, 38, 85, 92, 43, 55, 33)
1, (132, 65, 39, 90, 89, 42, 54, 36)
1, (140, 69, 38, 94, 96, 53, 66, 40)
1, (139, 68, 38, 88, 95, 56, 70, 40)
1, (131, 57, 38, 86, 94, 54, 68, 41)
1, (141, 83, 40, 99, 114, 58, 75, 44)
1, (106, 104, 47, 97, 136, 67, 81, 41)
1, (116, 105, 51, 101, 133, 58, 66, 37)
1, (116, 105, 49, 110, 132, 54, 66, 38)
1, (119, 112, 54, 116, 134, 53, 69, 40)
1, (116, 102, 53, 101, 124, 53, 62, 40)
1, (121, 88, 48, 101, 89, 44, 68, 44)
1, (119, 86, 48, 105, 83, 42, 68, 43)
1, (124, 85, 48, 96, 75, 41, 67, 44)
2, (122, 80, 41, 87, 99, 58, 73, 41)
2, (151, 80, 41, 88, 117, 58, 74, 39)
2, (152, 93, 42, 88, 118, 55, 64, 32)
2, (176, 95, 38, 77, 119, 57, 64, 33)
2, (193, 100, 41, 70, 122, 64, 76, 33)
2, (223, 101, 47, 77, 109, 59, 74, 37)
2, (207, 95, 48, 72, 100, 56, 81, 36)
2, (223, 80, 47, 69, 103, 58, 85, 38)
2, (200, 75, 46, 68, 99, 60, 91, 36)
2, (199, 76, 43, 70, 96, 54, 85, 35)
2, (196, 82, 40, 62, 106, 49, 82, 31)
2, (193, 83, 36, 68, 105, 49, 73, 31)
2, (170, 78, 37, 75, 107, 49, 68, 32)
2, (192, 94, 39, 76, 111, 45, 70, 38)
2, (182, 100, 42, 78, 116, 47, 63, 38)
2, (207, 98, 39, 77, 113, 48, 61, 39)
2, (242, 106, 43, 81, 97, 49, 68, 42)
2, (250, 108, 43, 81, 98, 54, 71, 47)
2, (232, 96, 41, 79, 109, 59, 63, 45)
2, (229, 85, 37, 77, 136, 62, 67, 45)
2, (186, 83, 37, 83, 127, 63, 67, 44)
2, (179, 71, 33, 74, 134, 70, 67, 40)
2, (185, 68, 31, 70, 138, 69, 68, 35)
2, (204, 69, 27, 74, 127, 66, 72, 33)
2, (222, 77, 27, 89, 112, 68, 76, 32)
2, (226, 77, 28, 88, 116, 67, 73, 30)
2, (195, 75, 29, 95, 118, 56, 65, 34)
2, (205, 76, 31, 96, 114, 58, 85, 36)
2, (208, 84, 35, 93, 122, 58, 90, 37)
2, (195, 91, 38, 75, 123, 50, 85, 41)
2, (191, 103, 37, 70, 123, 61, 105, 43)
2, (189, 124, 38, 65, 116, 66, 111, 43)
2, (229, 126, 39, 60, 113, 64, 95, 40)
2, (208, 126, 41, 63, 113, 67, 92, 39)
2, (208, 122, 45, 67, 117, 64, 103, 38)
2, (210, 113, 62, 81, 114, 57, 93, 60)
2, (213, 96, 67, 81, 125, 59, 91, 65)
2, (151, 89, 68, 79, 133, 65, 92, 67)
2, (147, 75, 68, 82, 134, 110, 90, 67)
2, (137, 68, 69, 84, 122, 120, 74, 68)
2, (130, 58, 55, 78, 120, 124, 79, 62)
2, (129, 63, 50, 76, 110, 123, 84, 77)
2, (114, 69, 54, 94, 103, 120, 83, 78)
2, (114, 71, 56, 97, 101, 78, 82, 78)
2, (143, 74, 53, 97, 92, 66, 92, 78)
2, (162, 73, 58, 99, 90, 55, 87, 69)
2, (161, 73, 62, 98, 93, 52, 90, 50)
2, (163, 78, 64, 90, 93, 48, 90, 76)
2, (165, 81, 64, 95, 94, 50, 112, 86)
2, (215, 95, 70, 107, 97, 52, 111, 90)
2, (210, 98, 67, 103, 94, 53, 108, 89)
2, (213, 91, 70, 105, 95, 55, 99, 88)
2, (215, 82, 78, 121, 96, 61, 102, 66)
2, (215, 86, 81, 127, 103, 68, 97, 76)
2, (184, 77, 78, 118, 98, 67, 89, 74)
2, (188, 78, 77, 117, 105, 68, 89, 78)
2, (209, 78, 83, 124, 101, 66, 89, 78)
2, (205, 81, 76, 109, 106, 72, 97, 83)
2, (231, 80, 80, 95, 108, 66, 84, 84)
2, (211, 86, 90, 98, 112, 65, 87, 84)
2, (194, 98, 94, 103, 110, 64, 85, 82)
2, (167, 98, 97, 117, 107, 64, 91, 82)
2, (168, 96, 96, 124, 105, 56, 76, 77)
2, (171, 101, 93, 122, 93, 51, 71, 51)
2, (155, 93, 87, 138, 103, 56, 88, 76)
2, (151, 82, 91, 140, 104, 51, 86, 80)
2, (167, 81, 77, 120, 107, 50, 77, 81)
2, (209, 105, 78, 118, 120, 43, 76, 80)
2, (187, 100, 85, 141, 125, 44, 73, 80)
2, (222, 98, 83, 119, 117, 52, 83, 76)
3, (262, 119, 114, 130, 100, 45, 82, 84)
3, (230, 106, 103, 140, 100, 47, 78, 84)
3, (239, 110, 95, 135, 106, 46, 75, 96)
3, (243, 110, 91, 126, 95, 45, 65, 77)
3, (221, 95, 88, 136, 114, 47, 93, 75)
3, (265, 90, 98, 135, 131, 52, 96, 80)
3, (264, 90, 115, 139, 146, 55, 100, 87)
3, (283, 93, 135, 168, 147, 59, 93, 78)
3, (272, 95, 137, 166, 154, 72, 101, 77)
3, (274, 95, 135, 157, 145, 77, 88, 87)
3, (232, 95, 77, 112, 114, 57, 106, 78)
3, (239, 93, 122, 177, 145, 80, 97, 83)
3, (245, 104, 84, 118, 119, 63, 109, 81)
3, (243, 98, 135, 173, 134, 79, 98, 73)
3, (222, 89, 91, 110, 122, 64, 112, 82)
3, (241, 103, 123, 142, 127, 78, 98, 93)
3, (230, 90, 83, 116, 123, 67, 117, 85)
3, (277, 113, 135, 148, 115, 68, 95, 96)
3, (218, 90, 82, 131, 119, 57, 95, 76)
3, (270, 116, 138, 147, 115, 60, 84, 90)
3, (242, 93, 92, 135, 117, 61, 84, 80)
3, (273, 120, 141, 122, 102, 59, 93, 93)
3, (226, 85, 88, 136, 164, 68, 94, 80)
3, (265, 116, 120, 142, 83, 56, 95, 103)
3, (225, 87, 81, 149, 155, 69, 106, 82)
3, (249, 105, 118, 156, 81, 52, 93, 86)
3, (221, 83, 95, 127, 145, 65, 102, 80)
3, (207, 94, 120, 168, 96, 56, 96, 84)
3, (212, 82, 112, 123, 142, 65, 112, 87)
3, (201, 88, 118, 166, 107, 58, 97, 86)
3, (200, 88, 108, 119, 152, 67, 122, 85)
3, (181, 88, 111, 154, 111, 63, 102, 88)
3, (205, 88, 112, 111, 110, 59, 116, 86)
3, (192, 84, 118, 129, 108, 63, 110, 93)
4, (201, 97, 78, 105, 126, 67, 85, 93)
4, (191, 85, 76, 120, 161, 73, 83, 92)
4, (198, 73, 77, 121, 151, 76, 97, 100)
4, (214, 76, 90, 128, 154, 79, 101, 96)
4, (203, 65, 85, 124, 151, 75, 94, 101)
4, (216, 66, 77, 111, 149, 69, 90, 101)
4, (228, 72, 79, 96, 106, 61, 93, 89)
4, (241, 84, 83, 100, 114, 67, 98, 76)
4, (226, 98, 71, 87, 114, 71, 99, 79)
4, (208, 93, 63, 90, 115, 68, 93, 79)
4, (194, 90, 78, 93, 103, 65, 105, 77)
4, (208, 89, 84, 91, 107, 64, 102, 80)
4, (222, 79, 90, 91, 107, 57, 86, 86)
4, (238, 67, 112, 106, 106, 51, 85, 98)
4, (233, 68, 193, 160, 112, 60, 100, 107)
4, (245, 68, 188, 176, 113, 58, 89, 118)
4, (229, 68, 188, 180, 106, 60, 89, 127)
4, (187, 70, 187, 181, 111, 57, 86, 131)
4, (163, 71, 195, 183, 118, 68, 113, 126)
4, (195, 71, 120, 155, 108, 59, 105, 120)
4, (184, 70, 126, 137, 104, 65, 110, 113)
4, (197, 81, 162, 143, 100, 72, 122, 98)
4, (233, 77, 158, 140, 116, 69, 122, 96)
4, (242, 78, 139, 139, 110, 58, 106, 99)
4, (220, 80, 148, 121, 118, 57, 103, 84)
4, (248, 93, 143, 124, 136, 58, 102, 82)
4, (230, 86, 103, 114, 139, 52, 95, 90)
4, (200, 95, 106, 123, 122, 52, 107, 98)
4, (185, 105, 103, 181, 127, 50, 103, 86)
4, (209, 108, 111, 178, 127, 54, 105, 95)
4, (189, 101, 113, 183, 111, 53, 112, 117)
4, (223, 106, 124, 186, 111, 45, 101, 113)
4, (223, 102, 129, 184, 102, 61, 104, 99)
4, (220, 96, 122, 117, 100, 63, 94, 100)
4, (215, 97, 101, 116, 100, 61, 94, 92)
4, (235, 96, 105, 99, 96, 61, 113, 82)
4, (209, 113, 96, 113, 92, 65, 126, 81)
4, (227, 111, 89, 102, 92, 52, 111, 81)
4, (251, 109, 103, 99, 85, 50, 116, 94)
4, (245, 110, 102, 136, 73, 48, 113, 94)
4, (226, 122, 106, 140, 81, 49, 91, 83)
4, (220, 98, 98, 136, 92, 45, 74, 85)
4, (216, 100, 96, 153, 112, 45, 85, 111)
4, (266, 102, 85, 153, 111, 45, 81, 99)
4, (255, 98, 90, 130, 109, 43, 82, 100)
4, (240, 84, 126, 141, 122, 44, 74, 94)
4, (242, 84, 129, 129, 158, 55, 97, 111)
4, (298, 99, 130, 112, 145, 69, 103, 88)
4, (236, 97, 131, 152, 143, 69, 105, 91)
4, (241, 101, 129, 155, 144, 69, 107, 99)
4, (248, 98, 123, 151, 127, 63, 104, 109)
4, (251, 105, 140, 181, 74, 62, 88, 89)
4, (215, 100, 141, 183, 96, 45, 81, 83)
4, (203, 93, 138, 151, 103, 67, 90, 83)
4, (199, 86, 162, 168, 125, 71, 92, 92)
4, (202, 89, 174, 174, 134, 71, 96, 80)
4, (238, 102, 168, 150, 137, 66, 93, 83)
4, (189, 88, 170, 154, 126, 67, 94, 87)
4, (204, 94, 169, 161, 129, 47, 92, 102)
4, (247, 113, 150, 133, 109, 44, 88, 86)
5, (216, 76, 85, 110, 113, 56, 88, 96)
5, (210, 73, 84, 113, 120, 52, 100, 108)
5, (198, 73, 74, 109, 128, 44, 91, 95)
5, (173, 66, 68, 105, 124, 43, 89, 94)
5, (180, 74, 75, 103, 142, 47, 87, 102)
5, (208, 73, 72, 113, 151, 47, 85, 107)
5, (216, 75, 74, 113, 145, 54, 77, 108)
5, (212, 77, 82, 112, 134, 51, 87, 99)
5, (223, 92, 77, 109, 135, 57, 91, 99)
5, (206, 86, 83, 105, 121, 64, 110, 94)
5, (184, 88, 89, 100, 102, 66, 120, 88)
5, (192, 93, 90, 103, 109, 63, 122, 93)
5, (188, 88, 86, 114, 116, 64, 113, 91)
5, (174, 90, 90, 119, 115, 64, 122, 95)
5, (176, 88, 81, 127, 116, 58, 111, 96)
5, (205, 90, 74, 116, 142, 65, 121, 114)
5, (205, 93, 70, 109, 142, 67, 110, 93)
5, (204, 104, 74, 93, 127, 71, 114, 94)
5, (216, 101, 77, 87, 122, 74, 116, 96)
5, (231, 106, 81, 84, 127, 73, 115, 113)
5, (212, 112, 86, 88, 120, 75, 120, 92)
5, (206, 115, 87, 87, 119, 82, 134, 98)
5, (234, 108, 99, 94, 122, 79, 138, 100)
5, (237, 101, 118, 107, 135, 73, 131, 98)
5, (220, 100, 118, 118, 126, 73, 128, 87)
5, (215, 99, 114, 114, 110, 69, 105, 101)
5, (212, 88, 113, 110, 107, 63, 105, 98)
5, (214, 95, 113, 120, 109, 66, 133, 108)
5, (212, 102, 103, 120, 107, 75, 140, 149)
5, (212, 99, 107, 103, 114, 76, 140, 143)
5, (205, 93, 108, 116, 141, 72, 141, 136)
5, (210, 93, 107, 124, 153, 69, 134, 147)
5, (173, 85, 114, 124, 151, 66, 104, 138)
5, (159, 75, 120, 116, 139, 53, 98, 95)
5, (173, 71, 120, 119, 147, 59, 100, 94)
5, (195, 68, 118, 113, 141, 61, 104, 105)
5, (221, 95, 124, 130, 125, 64, 106, 89)
5, (217, 94, 106, 130, 123, 63, 106, 89)
5, (209, 89, 96, 127, 140, 66, 103, 90)
5, (209, 89, 91, 128, 165, 76, 112, 108)
5, (255, 98, 98, 133, 144, 82, 125, 97)
5, (218, 73, 99, 137, 142, 78, 119, 98)
5, (214, 69, 96, 127, 159, 84, 123, 115)
5, (225, 72, 87, 131, 189, 91, 119, 111)
5, (227, 79, 91, 124, 155, 80, 115, 89)
5, (171, 66, 101, 123, 165, 74, 95, 94)
5, (191, 73, 98, 110, 179, 76, 104, 103)
5, (191, 73, 97, 129, 167, 70, 90, 97)
5, (180, 74, 94, 123, 117, 57, 100, 98)
5, (164, 65, 86, 128, 127, 60, 104, 100)
5, (142, 69, 68, 129, 119, 59, 113, 120)
5, (141, 56, 60, 139, 109, 60, 99, 108)
5, (151, 64, 63, 122, 118, 66, 104, 102)
5, (163, 71, 65, 129, 129, 73, 111, 114)
5, (213, 76, 90, 138, 139, 69, 99, 116)
5, (222, 76, 88, 137, 142, 65, 83, 87)
5, (225, 87, 88, 116, 131, 62, 90, 89)
5, (228, 84, 100, 128, 128, 58, 91, 83)
5, (232, 87, 99, 121, 127, 50, 76, 84)
5, (186, 96, 76, 107, 118, 53, 79, 83)
5, (188, 92, 78, 104, 110, 52, 82, 88)
5, (207, 97, 88, 109, 117, 61, 88, 92)
