0, (342, 315, 128, 111, 113, 71, 126, 106)
0, (377, 315, 118, 118, 138, 83, 136, 81)
0, (361, 289, 128, 129, 140, 85, 141, 115)
0, (325, 328, 120, 120, 116, 83, 137, 111)
0, (301, 304, 136, 141, 135, 83, 138, 111)
0, (279, 272, 131, 140, 128, 74, 125, 99)
0, (271, 315, 139, 137, 103, 64, 117, 107)
0, (345, 326, 128, 133, 111, 61, 127, 71)
0, (364, 304, 127, 129, 113, 63, 133, 80)
0, (391, 311, 113, 89, 97, 65, 134, 85)
0, (400, 316, 107, 85, 96, 63, 139, 90)
0, (372, 303, 104, 86, 88, 57, 140, 79)
0, (339, 305, 114, 75, 78, 58, 125, 73)
0, (301, 291, 114, 75, 88, 54, 136, 69)
0, (244, 314, 112, 70, 89, 50, 129, 63)
0, (260, 333, 112, 65, 111, 51, 129, 63)
0, (289, 305, 102, 64, 123, 55, 134, 63)
0, (271, 336, 101, 69, 124, 54, 131, 65)
0, (284, 330, 98, 71, 114, 51, 123, 64)
0, (363, 306, 100, 77, 111, 51, 135, 80)
0, (368, 319, 96, 78, 91, 52, 136, 80)
0, (356, 354, 111, 73, 75, 51, 134, 83)
0, (352, 344, 107, 67, 82, 55, 142, 83)
0, (394, 364, 109, 81, 96, 56, 133, 81)
0, (321, 392, 118, 80, 139, 74, 130, 74)
0, (295, 377, 127, 79, 139, 73, 126, 68)
0, (317, 388, 123, 83, 140, 73, 147, 82)
0, (326, 388, 132, 84, 132, 74, 147, 85)
0, (313, 386, 134, 80, 128, 78, 148, 83)
0, (347, 352, 120, 75, 79, 64, 141, 76)
0, (355, 340, 118, 84, 95, 95, 203, 90)
0, (326, 390, 116, 80, 99, 97, 186, 78)
0, (345, 367, 114, 83, 104, 95, 193, 78)
0, (289, 381, 121, 76, 96, 90, 192, 81)
0, (272, 420, 134, 87, 93, 88, 195, 92)
0, (262, 420, 134, 78, 76, 62, 152, 78)
0, (303, 345, 134, 77, 71, 58, 166, 78)
0, (262, 353, 128, 75, 69, 61, 159, 74)
0, (267, 357, 123, 76, 76, 67, 153, 73)
0, (250, 345, 116, 63, 78, 74, 151, 61)
0, (248, 359, 115, 59, 74, 68, 138, 62)
0, (216, 390, 122, 66, 72, 74, 136, 60)
0, (303, 407, 123, 67, 66, 76, 144, 60)
0, (311, 416, 126, 64, 61, 77, 149, 66)
0, (312, 385, 119, 64, 53, 68, 144, 67)
0, (328, 357, 116, 67, 57, 69, 172, 74)
0, (322, 345, 106, 59, 63, 68, 164, 80)
0, (242, 342, 97, 56, 70, 64, 155, 81)
0, (268, 312, 87, 55, 67, 59, 155, 74)
0, (270, 339, 88, 61, 71, 65, 161, 73)
0, (254, 343, 88, 64, 73, 67, 131, 76)
0, (255, 358, 88, 65, 67, 61, 150, 82)
0, (259, 332, 100, 65, 64, 70, 159, 85)
0, (232, 313, 103, 72, 68, 78, 179, 92)
0, (249, 295, 101, 66, 68, 77, 183, 97)
0, (239, 370, 124, 72, 73, 75, 183, 96)
0, (238, 318, 120, 75, 78, 82, 175, 85)
0, (246, 341, 113, 81, 86, 87, 198, 94)
0, (75, 210, 404, 173, 59, 95, 47, 104)
0, (259, 328, 107, 84, 83, 84, 193, 93)
0, (93, 302, 688, 288, 63, 97, 47, 272)
0, (245, 332, 108, 94, 88, 86, 200, 92)
0, (111, 328, 755, 301, 62, 100, 51, 298)
0, (246, 273, 73, 93, 87, 86, 193, 89)
0, (152, 348, 774, 312, 81, 149, 65, 305)
0, (237, 329, 73, 88, 83, 87, 200, 95)
0, (181, 376, 805, 325, 104, 282, 161, 464)
0, (250, 290, 66, 83, 87, 86, 191, 90)
0, (263, 466, 880, 352, 129, 416, 254, 537)
0, (238, 291, 74, 88, 114, 92, 191, 101)
0, (293, 484, 740, 302, 146, 452, 272, 690)
0, (259, 272, 74, 85, 114, 91, 185, 99)
0, (303, 473, 721, 294, 167, 462, 277, 706)
0, (321, 308, 70, 81, 109, 117, 244, 115)
0, (291, 458, 710, 280, 172, 449, 277, 710)
0, (336, 251, 71, 89, 112, 116, 254, 119)
0, (272, 439, 695, 296, 172, 389, 237, 618)
0, (314, 256, 74, 101, 103, 108, 239, 118)
0, (197, 309, 611, 278, 161, 237, 132, 556)
0, (329, 267, 63, 92, 75, 109, 254, 110)
0, (140, 186, 504, 237, 146, 156, 91, 247)
0, (306, 273, 70, 93, 69, 114, 267, 115)
0, (102, 192, 410, 271, 150, 123, 72, 161)
0, (255, 216, 72, 93, 70, 88, 226, 97)
0, (82, 183, 366, 260, 140, 119, 57, 124)
0, (240, 208, 71, 90, 69, 83, 197, 92)
0, (71, 170, 273, 217, 128, 82, 43, 103)
0, (273, 216, 92, 81, 65, 82, 194, 97)
0, (62, 248, 183, 204, 145, 67, 41, 86)
0, (254, 240, 120, 96, 69, 72, 164, 103)
0, (56, 274, 162, 190, 151, 61, 36, 66)
0, (259, 243, 130, 91, 65, 61, 129, 101)
0, (47, 264, 188, 135, 138, 52, 35, 44)
0, (255, 246, 131, 87, 61, 58, 99, 101)
0, (41, 262, 192, 153, 148, 53, 32, 37)
0, (241, 249, 151, 83, 58, 51, 92, 97)
0, (45, 299, 177, 172, 152, 53, 30, 32)
0, (186, 250, 204, 83, 56, 50, 84, 86)
0, (39, 269, 172, 163, 143, 48, 33, 29)
0, (153, 220, 221, 71, 48, 42, 62, 64)
0, (44, 238, 244, 158, 141, 43, 28, 29)
0, (131, 233, 212, 78, 58, 36, 45, 56)
0, (43, 232, 235, 151, 130, 42, 26, 28)
0, (94, 202, 219, 87, 62, 29, 37, 49)
0, (48, 228, 229, 149, 126, 40, 25, 29)
0, (79, 192, 213, 98, 65, 31, 32, 41)
0, (47, 187, 239, 124, 125, 42, 27, 30)
0, (66, 179, 163, 122, 65, 33, 34, 41)
0, (47, 146, 239, 114, 110, 40, 24, 28)
0, (65, 170, 126, 117, 69, 35, 29, 40)
0, (46, 146, 169, 135, 96, 42, 28, 33)
0, (54, 139, 154, 115, 77, 39, 29, 33)
0, (51, 142, 157, 136, 93, 40, 27, 32)
1, (79, 186, 430, 193, 60, 96, 50, 74)
1, (87, 161, 410, 188, 60, 96, 45, 83)
3, (79, 175, 416, 194, 64, 96, 50, 75)
4, (191, 252, 179, 157, 125, 61, 103, 102)
4, (174, 294, 178, 155, 108, 59, 102, 95)
4, (168, 289, 191, 152, 108, 47, 91, 113)
4, (160, 249, 199, 153, 134, 54, 95, 100)
4, (159, 223, 208, 140, 117, 55, 81, 90)
4, (154, 287, 210, 122, 108, 64, 86, 90)
4, (135, 251, 238, 119, 114, 63, 100, 99)
4, (144, 253, 227, 114, 141, 68, 104, 76)
4, (257, 272, 222, 124, 119, 68, 104, 71)
4, (259, 270, 276, 146, 133, 66, 107, 70)
4, (267, 250, 270, 159, 140, 63, 125, 89)
4, (268, 272, 294, 248, 177, 74, 112, 81)
4, (250, 264, 307, 249, 162, 81, 109, 76)
4, (128, 242, 323, 271, 179, 89, 102, 76)
4, (122, 293, 280, 268, 175, 88, 98, 77)
4, (93, 250, 272, 260, 178, 85, 73, 50)
4, (67, 207, 211, 173, 144, 76, 65, 40)
4, (60, 199, 194, 176, 135, 63, 60, 38)
4, (54, 197, 164, 115, 109, 42, 55, 32)
4, (44, 106, 236, 105, 96, 42, 54, 31)
4, (36, 95, 286, 103, 81, 50, 38, 31)
4, (39, 97, 290, 108, 86, 187, 49, 34)
4, (43, 97, 297, 107, 97, 213, 130, 65)
4, (44, 85, 290, 108, 127, 368, 236, 83)
4, (46, 75, 276, 91, 139, 388, 249, 87)
4, (50, 87, 220, 90, 133, 622, 300, 87)
4, (49, 78, 316, 96, 126, 656, 353, 87)
4, (46, 68, 332, 89, 134, 661, 340, 70)
4, (45, 68, 337, 88, 111, 605, 291, 49)
4, (42, 68, 310, 96, 108, 597, 293, 42)
4, (35, 52, 318, 97, 111, 369, 323, 43)
4, (34, 47, 242, 89, 111, 278, 280, 39)
4, (34, 52, 240, 87, 97, 340, 280, 40)
4, (39, 54, 323, 94, 124, 335, 270, 63)
4, (53, 71, 396, 102, 122, 332, 263, 67)
4, (66, 79, 403, 109, 122, 315, 192, 240)
4, (74, 96, 408, 109, 117, 300, 221, 259)
4, (78, 101, 460, 111, 110, 218, 222, 272)
4, (70, 170, 522, 168, 73, 90, 43, 84)
4, (80, 168, 520, 180, 59, 95, 46, 81)
4, (77, 168, 447, 197, 62, 92, 48, 74)
5, (81, 102, 404, 100, 69, 177, 223, 272)
5, (80, 102, 326, 92, 56, 171, 220, 277)
5, (73, 104, 378, 88, 55, 170, 186, 297)
5, (79, 94, 393, 112, 54, 148, 117, 298)
5, (80, 92, 389, 169, 67, 102, 90, 292)
5, (76, 108, 421, 178, 92, 107, 77, 295)
5, (71, 110, 437, 180, 110, 127, 64, 293)
5, (71, 113, 472, 186, 114, 112, 56, 149)
5, (54, 123, 493, 182, 121, 113, 47, 113)
5, (49, 181, 451, 156, 124, 119, 50, 109)
5, (56, 186, 455, 160, 116, 130, 47, 95)
5, (58, 186, 550, 161, 101, 113, 42, 89)
5, (56, 183, 516, 157, 93, 103, 42, 83)
5, (61, 190, 481, 171, 87, 99, 41, 81)
