0, (277, 364, 182, 195, 114, 94, 145, 278)
0, (262, 327, 185, 191, 99, 88, 129, 280)
0, (242, 243, 180, 157, 95, 87, 133, 276)
0, (252, 288, 187, 171, 112, 95, 138, 314)
0, (243, 249, 180, 170, 121, 99, 126, 361)
0, (238, 289, 174, 187, 123, 99, 121, 363)
0, (225, 311, 166, 192, 124, 100, 125, 366)
0, (234, 317, 171, 193, 136, 107, 140, 346)
0, (215, 292, 163, 184, 128, 104, 142, 393)
0, (214, 348, 176, 195, 112, 82, 117, 361)
0, (204, 318, 173, 165, 118, 78, 115, 364)
0, (217, 311, 177, 203, 133, 90, 160, 367)
0, (215, 312, 190, 212, 124, 85, 155, 379)
0, (225, 290, 190, 209, 116, 82, 155, 346)
0, (201, 228, 193, 204, 124, 81, 155, 320)
0, (190, 226, 204, 202, 114, 84, 159, 317)
0, (173, 298, 216, 171, 92, 72, 128, 308)
0, (191, 318, 215, 242, 99, 74, 122, 332)
0, (186, 319, 213, 245, 107, 69, 111, 219)
0, (187, 337, 215, 248, 105, 66, 108, 211)
0, (190, 333, 206, 241, 107, 62, 97, 199)
0, (204, 267, 189, 230, 109, 57, 87, 196)
0, (165, 268, 159, 132, 94, 47, 75, 113)
0, (142, 254, 161, 113, 94, 46, 73, 83)
0, (140, 219, 146, 73, 96, 47, 74, 65)
0, (159, 235, 141, 67, 89, 43, 73, 59)
0, (170, 325, 147, 93, 88, 41, 61, 64)
0, (180, 338, 139, 96, 92, 51, 74, 55)
0, (178, 345, 132, 101, 91, 52, 74, 52)
0, (190, 354, 117, 102, 81, 55, 80, 56)
0, (171, 345, 112, 104, 81, 53, 78, 55)
0, (159, 252, 108, 81, 84, 57, 81, 49)
1, (231, 203, 121, 74, 82, 50, 79, 51)
1, (236, 237, 130, 70, 100, 58, 87, 60)
1, (233, 279, 126, 72, 99, 69, 95, 65)
1, (234, 302, 131, 78, 101, 83, 114, 67)
1, (225, 299, 134, 79, 97, 85, 110, 68)
1, (194, 360, 135, 88, 96, 85, 109, 68)
1, (199, 353, 139, 92, 103, 83, 101, 58)
1, (208, 340, 145, 93, 108, 74, 106, 51)
1, (213, 347, 148, 81, 104, 60, 95, 54)
1, (229, 398, 138, 89, 109, 55, 95, 53)
1, (226, 342, 145, 89, 110, 56, 98, 55)
1, (225, 327, 150, 90, 83, 53, 101, 56)
1, (228, 299, 155, 89, 80, 56, 92, 54)
1, (240, 335, 145, 89, 80, 53, 97, 45)
1, (219, 302, 143, 81, 83, 56, 120, 49)
1, (190, 327, 125, 78, 93, 59, 116, 49)
1, (238, 335, 99, 77, 90, 58, 120, 63)
1, (233, 372, 89, 71, 83, 55, 139, 66)
1, (217, 338, 87, 72, 83, 54, 132, 67)
1, (231, 323, 116, 83, 112, 59, 109, 64)
1, (230, 333, 116, 88, 104, 55, 105, 62)
1, (207, 336, 116, 90, 106, 60, 112, 53)
1, (192, 305, 125, 94, 107, 58, 85, 50)
1, (193, 290, 126, 99, 119, 63, 87, 49)
1, (184, 309, 115, 87, 91, 54, 84, 46)
1, (174, 272, 116, 80, 94, 63, 102, 51)
2, (137, 268, 129, 74, 91, 55, 91, 46)
2, (129, 330, 113, 74, 91, 60, 92, 45)
2, (138, 450, 172, 72, 74, 61, 98, 45)
2, (152, 452, 174, 75, 68, 64, 112, 55)
2, (155, 450, 181, 88, 67, 57, 106, 53)
2, (162, 509, 179, 91, 66, 58, 104, 51)
2, (206, 478, 185, 96, 78, 57, 110, 56)
2, (214, 373, 131, 93, 81, 50, 107, 60)
2, (213, 404, 116, 89, 81, 47, 106, 64)
2, (209, 406, 130, 89, 78, 51, 113, 67)
2, (196, 313, 119, 84, 78, 54, 116, 67)
2, (170, 292, 117, 84, 67, 49, 120, 64)
2, (159, 290, 127, 104, 68, 61, 126, 62)
2, (145, 256, 148, 155, 76, 66, 157, 64)
2, (174, 260, 157, 206, 93, 117, 189, 275)
2, (204, 298, 185, 215, 117, 127, 200, 289)
2, (197, 315, 186, 221, 122, 127, 196, 295)
2, (211, 366, 194, 224, 135, 125, 207, 309)
2, (230, 353, 184, 214, 137, 130, 203, 337)
2, (244, 396, 188, 173, 130, 93, 173, 321)
2, (234, 400, 181, 186, 112, 80, 176, 338)
2, (256, 400, 183, 212, 111, 87, 185, 356)
2, (239, 387, 180, 219, 97, 84, 166, 357)
2, (252, 385, 185, 206, 88, 77, 156, 333)
2, (224, 358, 156, 196, 88, 73, 153, 235)
2, (210, 330, 160, 177, 94, 77, 151, 194)
2, (183, 318, 188, 142, 94, 79, 154, 275)
2, (219, 307, 185, 135, 93, 81, 156, 276)
2, (213, 308, 177, 132, 138, 91, 148, 276)
2, (229, 317, 197, 166, 146, 88, 147, 307)
2, (249, 332, 177, 190, 149, 85, 126, 319)
2, (302, 351, 150, 197, 150, 83, 106, 227)
2, (296, 406, 151, 191, 147, 81, 99, 356)
2, (286, 407, 167, 204, 111, 69, 85, 362)
2, (271, 404, 211, 181, 91, 65, 75, 334)
2, (344, 431, 236, 160, 102, 69, 81, 326)
2, (322, 433, 237, 180, 107, 71, 89, 336)
2, (307, 363, 240, 173, 110, 73, 92, 179)
2, (339, 397, 242, 158, 115, 75, 99, 220)
2, (364, 394, 182, 183, 133, 80, 105, 217)
2, (281, 370, 149, 186, 117, 78, 104, 211)
2, (256, 384, 162, 163, 106, 74, 111, 199)
2, (256, 442, 159, 196, 104, 73, 116, 301)
2, (228, 417, 160, 192, 95, 68, 113, 276)
2, (203, 398, 165, 173, 81, 68, 118, 276)
2, (237, 446, 167, 170, 89, 72, 125, 275)
2, (249, 468, 184, 181, 93, 68, 111, 279)
2, (266, 421, 184, 190, 103, 67, 104, 214)
2, (283, 412, 191, 211, 111, 69, 99, 231)
2, (282, 464, 190, 215, 103, 69, 98, 244)
2, (268, 406, 192, 232, 96, 60, 94, 244)
2, (267, 399, 183, 221, 98, 59, 94, 245)
2, (278, 402, 234, 278, 91, 62, 106, 307)
2, (249, 399, 250, 279, 76, 63, 117, 325)
2, (262, 337, 261, 282, 87, 63, 114, 325)
2, (316, 378, 266, 270, 97, 68, 111, 339)
2, (326, 361, 258, 277, 106, 71, 112, 419)
2, (324, 349, 234, 252, 115, 70, 118, 360)
2, (312, 335, 205, 241, 117, 72, 138, 368)
2, (342, 338, 169, 209, 108, 58, 115, 357)
2, (304, 376, 200, 251, 115, 76, 145, 378)
2, (368, 340, 177, 186, 103, 67, 132, 423)
2, (235, 357, 198, 250, 107, 73, 145, 372)
2, (207, 325, 190, 264, 99, 68, 144, 302)
2, (219, 343, 168, 212, 87, 67, 136, 332)
2, (261, 358, 165, 254, 87, 67, 117, 310)
2, (294, 312, 162, 255, 83, 58, 108, 288)
2, (352, 298, 174, 252, 79, 59, 111, 285)
2, (392, 295, 176, 256, 79, 63, 115, 251)
2, (436, 276, 199, 255, 86, 63, 106, 332)
2, (467, 292, 203, 215, 84, 57, 91, 307)
2, (345, 374, 189, 268, 96, 73, 142, 276)
2, (446, 292, 207, 207, 97, 63, 83, 317)
2, (339, 420, 191, 282, 93, 70, 134, 348)
2, (437, 296, 200, 211, 97, 61, 102, 351)
2, (345, 411, 191, 243, 97, 66, 127, 327)
2, (423, 297, 213, 178, 90, 64, 112, 355)
2, (368, 377, 186, 249, 89, 63, 122, 323)
2, (366, 287, 215, 188, 86, 71, 143, 321)
2, (360, 320, 195, 258, 90, 65, 129, 320)
2, (312, 277, 240, 187, 99, 86, 155, 328)
2, (337, 331, 232, 250, 102, 74, 117, 319)
2, (328, 280, 249, 193, 92, 83, 164, 318)
2, (326, 278, 250, 241, 104, 79, 142, 329)
3, (193, 249, 167, 193, 78, 64, 119, 334)
3, (163, 312, 154, 189, 90, 65, 118, 313)
3, (198, 335, 152, 203, 97, 67, 123, 333)
3, (270, 363, 181, 209, 104, 69, 122, 287)
3, (293, 414, 154, 183, 101, 68, 116, 315)
3, (293, 429, 165, 206, 104, 71, 125, 249)
3, (300, 405, 168, 223, 105, 74, 123, 245)
3, (297, 388, 172, 215, 98, 71, 135, 282)
3, (256, 414, 145, 213, 96, 78, 145, 301)
3, (237, 383, 184, 237, 98, 79, 143, 331)
3, (246, 352, 204, 238, 98, 76, 135, 329)
3, (250, 371, 207, 222, 83, 72, 138, 356)
3, (236, 350, 218, 216, 87, 73, 120, 337)
3, (240, 319, 226, 228, 89, 60, 99, 379)
3, (238, 317, 194, 200, 98, 62, 101, 326)
3, (234, 381, 176, 173, 93, 61, 99, 328)
3, (246, 395, 182, 222, 99, 69, 107, 311)
3, (274, 416, 182, 235, 99, 69, 129, 296)
3, (301, 400, 175, 228, 94, 64, 126, 369)
3, (305, 399, 214, 228, 83, 61, 122, 376)
3, (335, 333, 222, 231, 81, 62, 125, 384)
3, (351, 319, 221, 186, 74, 55, 126, 380)
3, (341, 299, 208, 182, 61, 57, 126, 404)
3, (307, 321, 224, 177, 66, 59, 121, 306)
3, (315, 304, 185, 187, 63, 56, 120, 297)
3, (299, 405, 192, 273, 81, 57, 125, 284)
3, (283, 403, 178, 279, 102, 70, 131, 297)
3, (298, 409, 182, 276, 115, 81, 125, 338)
3, (301, 391, 168, 277, 115, 87, 160, 328)
3, (301, 381, 185, 284, 127, 93, 164, 337)
3, (300, 309, 186, 203, 119, 93, 162, 346)
3, (298, 294, 178, 213, 112, 83, 150, 338)
3, (295, 318, 191, 223, 115, 74, 145, 377)
3, (327, 306, 192, 226, 123, 68, 118, 353)
3, (321, 355, 181, 210, 109, 60, 112, 356)
3, (398, 341, 186, 234, 125, 67, 125, 300)
3, (426, 416, 199, 220, 113, 63, 105, 297)
3, (478, 499, 228, 222, 122, 67, 110, 287)
3, (452, 498, 251, 269, 144, 76, 110, 271)
3, (441, 485, 254, 275, 144, 72, 103, 129)
3, (412, 471, 244, 295, 122, 71, 110, 234)
3, (365, 451, 245, 295, 127, 75, 121, 261)
3, (318, 371, 228, 299, 123, 73, 119, 258)
4, (272, 397, 195, 207, 106, 82, 126, 388)
4, (277, 382, 205, 187, 110, 75, 115, 252)
4, (254, 389, 198, 190, 103, 65, 98, 239)
4, (238, 377, 202, 189, 107, 67, 95, 235)
4, (210, 416, 205, 181, 110, 66, 105, 268)
4, (221, 388, 214, 158, 87, 64, 104, 325)
4, (218, 418, 222, 158, 84, 63, 99, 303)
4, (228, 403, 220, 155, 96, 66, 109, 311)
4, (240, 401, 198, 152, 93, 66, 122, 352)
4, (258, 340, 196, 150, 84, 63, 117, 346)
4, (282, 349, 186, 142, 121, 79, 133, 329)
4, (265, 345, 218, 168, 122, 80, 132, 299)
4, (390, 365, 242, 154, 119, 82, 140, 342)
4, (392, 355, 251, 161, 111, 78, 131, 322)
4, (374, 368, 244, 162, 114, 79, 128, 304)
4, (342, 303, 230, 173, 77, 67, 133, 321)
4, (345, 282, 201, 190, 82, 67, 136, 326)
5, (215, 284, 245, 171, 94, 71, 116, 183)
5, (218, 271, 237, 160, 113, 75, 121, 158)
5, (232, 224, 230, 170, 99, 74, 118, 157)
5, (240, 213, 183, 171, 102, 62, 94, 168)
5, (241, 240, 195, 182, 112, 67, 93, 159)
5, (214, 304, 159, 203, 112, 59, 93, 143)
5, (221, 365, 183, 222, 88, 54, 91, 254)
5, (210, 356, 182, 221, 93, 55, 97, 311)
5, (210, 360, 174, 218, 96, 56, 101, 310)
5, (273, 375, 177, 270, 95, 55, 99, 314)
5, (274, 343, 177, 261, 90, 53, 92, 312)
5, (245, 259, 151, 246, 96, 50, 96, 356)
5, (261, 291, 148, 244, 104, 67, 101, 321)
5, (272, 310, 155, 243, 100, 67, 101, 324)
5, (213, 325, 151, 211, 92, 63, 99, 324)
5, (222, 361, 146, 213, 88, 64, 114, 323)
5, (233, 365, 144, 218, 93, 69, 120, 259)
5, (236, 343, 141, 212, 77, 59, 110, 270)
5, (222, 355, 141, 225, 91, 66, 107, 282)
5, (272, 319, 174, 208, 96, 71, 131, 274)
5, (278, 261, 177, 222, 94, 70, 125, 295)
5, (285, 281, 211, 264, 89, 66, 113, 291)
5, (267, 319, 218, 272, 99, 61, 116, 299)
5, (287, 275, 238, 288, 103, 63, 122, 286)
5, (236, 261, 269, 286, 105, 59, 111, 318)
5, (250, 273, 295, 274, 112, 67, 104, 355)
5, (241, 282, 313, 249, 122, 68, 105, 371)
5, (250, 269, 318, 240, 122, 73, 108, 351)
5, (279, 283, 316, 233, 108, 76, 126, 383)
5, (274, 278, 291, 232, 104, 78, 118, 426)
5, (261, 270, 274, 224, 99, 71, 119, 393)
5, (254, 291, 228, 198, 77, 70, 121, 340)
5, (270, 302, 222, 236, 79, 71, 118, 353)
5, (220, 300, 202, 235, 94, 71, 132, 375)
5, (238, 328, 163, 227, 95, 71, 125, 295)
5, (232, 354, 140, 230, 94, 72, 131, 306)
5, (266, 327, 144, 253, 100, 78, 143, 313)
5, (272, 327, 138, 230, 94, 70, 145, 375)
5, (276, 351, 154, 268, 106, 63, 106, 315)
5, (274, 358, 167, 309, 112, 67, 109, 361)
5, (265, 340, 178, 325, 123, 76, 107, 347)
5, (226, 324, 196, 317, 126, 77, 110, 402)
5, (197, 302, 199, 324, 135, 93, 134, 342)
5, (181, 302, 195, 304, 126, 90, 135, 368)
5, (151, 313, 195, 307, 126, 87, 145, 330)
5, (213, 299, 186, 345, 122, 81, 145, 405)
5, (212, 303, 154, 350, 117, 76, 135, 338)
5, (239, 317, 171, 350, 111, 85, 154, 364)
5, (243, 328, 186, 334, 105, 83, 157, 350)
5, (251, 285, 178, 288, 100, 82, 153, 354)
5, (202, 295, 183, 275, 111, 84, 152, 315)
5, (228, 326, 182, 300, 132, 97, 154, 342)
5, (199, 323, 159, 293, 126, 73, 113, 298)
5, (240, 302, 159, 286, 120, 75, 111, 379)
5, (239, 315, 181, 293, 123, 77, 103, 375)
5, (259, 325, 184, 241, 109, 84, 113, 326)
5, (304, 317, 187, 185, 83, 70, 109, 339)
5, (306, 338, 181, 172, 95, 73, 104, 387)
5, (298, 356, 176, 156, 98, 71, 102, 305)
5, (301, 355, 181, 158, 92, 73, 104, 318)
5, (301, 347, 177, 177, 88, 71, 118, 464)
5, (261, 353, 185, 185, 93, 74, 126, 443)
5, (276, 331, 215, 185, 86, 74, 128, 405)
5, (266, 320, 209, 201, 89, 79, 125, 401)
