0, (272, 220, 185, 137, 94, 52, 88, 202)
0, (258, 218, 126, 110, 137, 55, 74, 217)
0, (234, 127, 125, 157, 156, 69, 93, 186)
0, (246, 125, 147, 162, 155, 78, 118, 188)
0, (260, 120, 167, 170, 152, 79, 115, 166)
0, (246, 116, 156, 167, 158, 78, 117, 187)
0, (234, 122, 172, 168, 154, 74, 127, 173)
0, (234, 156, 172, 113, 131, 55, 127, 181)
0, (215, 212, 150, 121, 135, 43, 105, 164)
0, (252, 221, 132, 107, 139, 47, 108, 160)
0, (239, 220, 140, 107, 144, 60, 122, 157)
0, (237, 219, 125, 110, 122, 59, 114, 146)
0, (269, 216, 142, 144, 124, 70, 133, 151)
0, (297, 190, 139, 129, 128, 75, 138, 157)
0, (248, 179, 153, 132, 125, 78, 144, 204)
0, (240, 183, 143, 128, 109, 69, 133, 190)
0, (242, 188, 144, 125, 89, 70, 132, 196)
0, (216, 187, 140, 76, 80, 64, 98, 184)
0, (204, 217, 160, 81, 77, 64, 99, 191)
0, (222, 236, 147, 91, 79, 61, 105, 198)
0, (230, 247, 150, 103, 81, 65, 106, 194)
0, (218, 242, 160, 103, 93, 74, 114, 182)
0, (210, 227, 153, 166, 106, 73, 114, 181)
0, (194, 256, 150, 164, 101, 68, 112, 164)
0, (175, 247, 167, 159, 98, 66, 98, 86)
0, (196, 239, 204, 158, 105, 62, 105, 100)
0, (195, 247, 204, 168, 102, 49, 94, 102)
0, (173, 248, 199, 112, 94, 48, 92, 92)
0, (155, 164, 186, 118, 90, 51, 87, 92)
0, (174, 167, 170, 120, 92, 46, 81, 147)
0, (134, 224, 166, 143, 97, 50, 63, 134)
0, (136, 226, 156, 153, 96, 51, 53, 136)
0, (146, 224, 149, 156, 93, 46, 60, 137)
0, (146, 218, 152, 159, 97, 46, 77, 138)
0, (117, 203, 152, 155, 105, 51, 82, 75)
0, (115, 135, 92, 128, 123, 49, 83, 67)
0, (129, 125, 87, 101, 124, 46, 80, 51)
0, (120, 178, 88, 91, 122, 45, 71, 45)
0, (144, 203, 77, 75, 121, 42, 45, 37)
0, (142, 205, 68, 101, 112, 43, 34, 34)
0, (143, 221, 71, 106, 104, 53, 42, 33)
0, (127, 224, 70, 109, 135, 61, 45, 35)
0, (116, 209, 66, 104, 137, 64, 49, 33)
0, (82, 237, 60, 106, 139, 64, 66, 33)
0, (118, 238, 56, 78, 142, 72, 80, 39)
0, (119, 231, 54, 72, 139, 63, 76, 39)
0, (120, 244, 56, 70, 108, 55, 78, 38)
0, (130, 279, 62, 82, 109, 60, 89, 42)
0, (125, 243, 65, 85, 112, 59, 77, 41)
0, (92, 270, 69, 93, 121, 50, 70, 37)
0, (125, 310, 75, 100, 106, 54, 71, 38)
0, (132, 299, 70, 94, 99, 54, 69, 39)
0, (127, 260, 65, 100, 95, 46, 55, 39)
0, (134, 264, 61, 97, 95, 53, 62, 40)
0, (140, 254, 57, 88, 91, 54, 70, 38)
0, (136, 243, 50, 84, 91, 54, 68, 38)
0, (142, 257, 49, 88, 91, 59, 69, 38)
0, (144, 265, 45, 71, 88, 59, 73, 35)
0, (169, 282, 45, 70, 88, 55, 71, 37)
0, (205, 275, 43, 70, 85, 46, 54, 35)
0, (211, 234, 42, 70, 84, 45, 57, 35)
0, (202, 218, 49, 71, 89, 43, 65, 37)
0, (242, 273, 51, 74, 91, 41, 58, 38)
0, (273, 249, 54, 79, 88, 45, 61, 44)
0, (251, 241, 55, 78, 128, 49, 63, 47)
0, (238, 259, 63, 82, 136, 47, 62, 48)
0, (256, 261, 60, 76, 136, 45, 52, 47)
0, (232, 210, 59, 79, 145, 44, 51, 46)
0, (176, 228, 55, 93, 159, 43, 45, 37)
0, (166, 244, 57, 96, 128, 48, 57, 38)
0, (179, 239, 60, 92, 119, 48, 55, 36)
0, (177, 235, 62, 102, 113, 47, 55, 37)
0, (178, 271, 64, 103, 102, 52, 66, 38)
0, (171, 252, 69, 88, 72, 50, 67, 38)
0, (184, 257, 72, 95, 66, 40, 55, 37)
0, (175, 241, 60, 97, 80, 43, 59, 35)
0, (186, 250, 61, 91, 94, 40, 63, 33)
0, (174, 235, 61, 85, 95, 38, 51, 32)
0, (179, 253, 57, 86, 106, 38, 57, 36)
0, (179, 233, 53, 72, 108, 40, 58, 34)
0, (175, 231, 58, 67, 98, 38, 55, 35)
0, (140, 238, 57, 69, 85, 40, 55, 35)
0, (153, 233, 54, 68, 89, 41, 54, 37)
0, (175, 209, 54, 63, 92, 44, 55, 35)
1, (164, 222, 52, 66, 98, 50, 56, 36)
1, (165, 225, 46, 68, 97, 49, 56, 37)
1, (174, 306, 56, 66, 106, 48, 53, 37)
1, (165, 276, 59, 61, 150, 59, 56, 33)
1, (161, 285, 64, 69, 148, 56, 45, 34)
1, (170, 280, 64, 75, 140, 52, 43, 34)
1, (169, 279, 65, 72, 144, 59, 48, 33)
1, (177, 246, 53, 71, 171, 68, 53, 34)
1, (169, 251, 58, 77, 143, 63, 57, 38)
1, (147, 245, 55, 70, 134, 62, 59, 37)
1, (153, 238, 54, 67, 134, 61, 62, 37)
1, (190, 235, 54, 92, 140, 58, 84, 43)
1, (208, 210, 52, 97, 135, 49, 82, 43)
1, (235, 214, 46, 103, 139, 42, 78, 44)
1, (239, 211, 45, 108, 141, 46, 80, 44)
1, (238, 212, 45, 111, 142, 48, 84, 44)
1, (236, 236, 45, 92, 144, 47, 61, 42)
1, (214, 218, 46, 86, 122, 45, 61, 42)
1, (187, 213, 47, 75, 116, 46, 60, 39)
1, (190, 217, 44, 69, 118, 50, 67, 40)
1, (177, 218, 44, 66, 123, 49, 59, 38)
1, (155, 211, 43, 62, 129, 50, 67, 34)
1, (180, 262, 53, 58, 121, 49, 65, 39)
1, (198, 268, 57, 66, 109, 50, 68, 40)
1, (212, 266, 57, 72, 113, 44, 67, 45)
1, (211, 273, 58, 75, 112, 44, 66, 45)
1, (194, 299, 59, 77, 129, 52, 53, 44)
1, (176, 246, 51, 78, 135, 57, 62, 40)
1, (165, 226, 44, 75, 135, 58, 59, 37)
1, (161, 230, 44, 68, 133, 59, 52, 33)
1, (165, 276, 47, 72, 133, 60, 60, 34)
1, (221, 236, 46, 73, 99, 48, 63, 37)
1, (214, 216, 44, 79, 90, 45, 56, 35)
1, (216, 218, 46, 83, 89, 47, 62, 36)
1, (219, 232, 53, 84, 85, 49, 74, 35)
1, (242, 247, 53, 84, 91, 52, 70, 40)
1, (208, 250, 54, 89, 111, 60, 71, 37)
1, (212, 261, 55, 84, 108, 61, 75, 42)
1, (208, 261, 54, 77, 106, 57, 70, 43)
1, (214, 248, 47, 81, 104, 53, 57, 45)
1, (216, 241, 49, 76, 101, 50, 63, 42)
1, (205, 257, 47, 65, 92, 44, 60, 40)
1, (208, 258, 51, 74, 98, 43, 63, 40)
1, (208, 259, 54, 81, 103, 42, 63, 39)
1, (176, 256, 61, 83, 108, 44, 67, 37)
1, (145, 235, 58, 89, 102, 41, 59, 36)
1, (149, 214, 60, 92, 90, 39, 61, 37)
1, (159, 202, 57, 82, 94, 40, 68, 33)
1, (165, 211, 59, 80, 91, 40, 70, 36)
1, (184, 253, 54, 79, 92, 36, 63, 34)
1, (184, 209, 56, 79, 106, 40, 68, 35)
1, (179, 205, 52, 78, 105, 41, 68, 36)
1, (244, 212, 57, 83, 94, 33, 54, 38)
1, (239, 285, 68, 87, 96, 45, 65, 36)
1, (226, 248, 70, 82, 96, 46, 70, 37)
1, (226, 255, 75, 82, 85, 47, 71, 35)
1, (236, 256, 81, 93, 81, 48, 77, 37)
1, (189, 308, 83, 91, 87, 51, 84, 42)
1, (187, 238, 72, 84, 108, 43, 73, 42)
1, (210, 245, 74, 91, 109, 47, 70, 40)
1, (215, 234, 68, 89, 107, 48, 76, 41)
1, (218, 253, 66, 76, 111, 49, 73, 41)
1, (197, 234, 64, 84, 111, 49, 69, 44)
1, (200, 246, 67, 99, 90, 48, 80, 47)
1, (181, 262, 65, 102, 96, 49, 80, 47)
1, (180, 310, 70, 106, 96, 45, 74, 47)
1, (173, 293, 66, 114, 126, 46, 71, 48)
1, (184, 253, 66, 114, 131, 48, 69, 43)
1, (182, 236, 58, 103, 131, 51, 62, 39)
1, (179, 266, 56, 93, 135, 48, 64, 41)
1, (166, 226, 58, 95, 156, 50, 65, 41)
1, (158, 229, 55, 86, 154, 52, 75, 38)
1, (187, 226, 50, 83, 154, 52, 73, 40)
1, (185, 272, 58, 91, 153, 48, 69, 43)
1, (184, 219, 61, 94, 149, 50, 65, 44)
1, (201, 210, 54, 90, 143, 47, 58, 41)
1, (196, 218, 57, 91, 124, 46, 50, 42)
1, (150, 251, 59, 88, 118, 46, 58, 36)
2, (285, 104, 119, 227, 99, 53, 81, 150)
2, (288, 106, 120, 220, 104, 59, 88, 155)
2, (272, 98, 134, 200, 107, 58, 88, 133)
2, (289, 95, 130, 203, 101, 59, 81, 135)
2, (299, 96, 115, 145, 91, 55, 80, 138)
2, (295, 82, 111, 143, 84, 51, 66, 137)
2, (292, 91, 97, 112, 85, 51, 61, 131)
2, (297, 92, 78, 110, 92, 55, 66, 133)
2, (308, 96, 76, 108, 107, 61, 75, 96)
2, (274, 101, 77, 104, 112, 58, 75, 121)
2, (295, 101, 76, 106, 112, 64, 104, 137)
2, (278, 94, 83, 106, 112, 66, 101, 144)
2, (273, 93, 88, 114, 114, 63, 99, 153)
2, (241, 96, 99, 155, 94, 59, 94, 161)
2, (237, 94, 103, 163, 95, 68, 105, 147)
2, (221, 94, 103, 169, 92, 63, 86, 181)
2, (235, 91, 104, 175, 86, 66, 89, 177)
2, (213, 93, 104, 217, 93, 69, 89, 163)
2, (225, 86, 109, 197, 104, 67, 88, 157)
2, (248, 81, 107, 191, 102, 59, 80, 159)
2, (253, 82, 107, 189, 104, 55, 76, 178)
2, (246, 87, 108, 187, 108, 43, 71, 176)
2, (261, 96, 103, 130, 104, 42, 77, 175)
2, (241, 103, 91, 115, 90, 46, 80, 170)
2, (217, 125, 93, 127, 100, 47, 75, 174)
2, (190, 119, 89, 127, 102, 46, 68, 90)
2, (210, 129, 82, 134, 96, 45, 71, 88)
2, (236, 144, 91, 156, 87, 46, 68, 93)
2, (233, 144, 105, 168, 94, 43, 73, 114)
2, (229, 135, 102, 173, 82, 38, 71, 91)
2, (228, 139, 103, 181, 91, 50, 76, 104)
2, (215, 134, 105, 176, 113, 58, 80, 106)
2, (158, 119, 90, 172, 119, 55, 78, 149)
2, (159, 179, 81, 218, 119, 66, 80, 137)
2, (181, 195, 85, 240, 120, 70, 81, 149)
2, (203, 191, 81, 248, 114, 64, 73, 140)
2, (196, 194, 101, 250, 115, 59, 70, 143)
2, (245, 194, 112, 265, 109, 64, 80, 114)
2, (242, 150, 106, 224, 101, 53, 71, 162)
2, (228, 135, 108, 190, 105, 49, 67, 155)
2, (230, 135, 109, 166, 113, 48, 70, 155)
2, (288, 138, 96, 184, 109, 62, 89, 150)
2, (254, 165, 99, 163, 108, 67, 90, 138)
2, (265, 158, 99, 165, 107, 67, 94, 117)
2, (287, 154, 93, 161, 106, 68, 94, 113)
2, (286, 161, 97, 181, 112, 75, 103, 154)
2, (230, 160, 88, 174, 97, 74, 93, 154)
2, (297, 129, 89, 158, 95, 65, 84, 151)
2, (281, 136, 99, 159, 109, 73, 106, 127)
2, (278, 172, 97, 157, 104, 72, 111, 128)
2, (279, 183, 95, 144, 86, 76, 125, 80)
2, (363, 176, 102, 153, 100, 63, 126, 81)
2, (309, 184, 85, 146, 107, 64, 129, 85)
2, (325, 232, 75, 151, 95, 56, 113, 87)
2, (323, 223, 79, 194, 100, 53, 111, 109)
2, (318, 254, 84, 203, 108, 66, 117, 120)
2, (229, 278, 86, 184, 96, 76, 125, 134)
2, (223, 272, 89, 194, 93, 78, 126, 139)
2, (227, 233, 91, 206, 105, 85, 130, 185)
2, (205, 240, 108, 196, 135, 98, 139, 183)
2, (161, 211, 58, 86, 120, 47, 59, 32)
2, (195, 257, 106, 200, 154, 90, 119, 175)
2, (167, 227, 55, 91, 115, 44, 62, 34)
2, (211, 232, 109, 211, 154, 87, 113, 164)
2, (144, 272, 54, 83, 99, 43, 62, 33)
2, (218, 244, 115, 207, 157, 84, 109, 163)
2, (150, 275, 81, 83, 95, 42, 60, 35)
2, (237, 250, 118, 190, 151, 80, 118, 103)
2, (175, 254, 89, 86, 96, 46, 57, 36)
2, (304, 233, 131, 181, 123, 65, 105, 137)
2, (177, 246, 86, 73, 94, 47, 59, 37)
2, (326, 187, 132, 162, 106, 78, 132, 151)
2, (172, 256, 90, 70, 127, 47, 53, 36)
2, (327, 240, 128, 151, 99, 77, 123, 156)
2, (193, 215, 103, 72, 131, 47, 52, 35)
2, (333, 222, 126, 145, 92, 76, 131, 184)
2, (199, 204, 86, 70, 132, 54, 57, 34)
2, (327, 212, 122, 131, 100, 74, 124, 184)
2, (202, 192, 77, 66, 125, 49, 57, 36)
2, (283, 219, 102, 123, 118, 81, 146, 146)
2, (218, 242, 78, 74, 123, 48, 52, 36)
2, (250, 211, 98, 125, 110, 66, 125, 127)
2, (218, 235, 78, 66, 98, 49, 54, 34)
2, (237, 228, 105, 124, 130, 68, 132, 124)
2, (214, 219, 63, 63, 101, 55, 70, 36)
2, (246, 243, 100, 141, 130, 74, 147, 68)
2, (232, 228, 62, 69, 95, 46, 63, 34)
2, (238, 243, 98, 179, 123, 80, 182, 83)
2, (200, 281, 66, 70, 101, 46, 60, 31)
2, (227, 233, 95, 200, 116, 83, 181, 89)
2, (167, 239, 71, 65, 101, 46, 59, 32)
2, (237, 224, 102, 207, 113, 80, 179, 87)
2, (193, 230, 80, 72, 131, 50, 62, 33)
2, (227, 152, 96, 201, 103, 76, 174, 83)
2, (223, 251, 84, 78, 129, 48, 50, 35)
2, (215, 194, 94, 192, 112, 73, 156, 78)
2, (212, 299, 83, 69, 134, 52, 49, 41)
2, (230, 197, 93, 162, 120, 65, 104, 53)
2, (223, 250, 79, 79, 137, 53, 56, 43)
2, (262, 202, 83, 117, 115, 51, 86, 38)
2, (201, 255, 67, 84, 93, 46, 67, 34)
2, (259, 205, 69, 97, 137, 50, 78, 39)
2, (200, 200, 63, 90, 104, 50, 67, 34)
2, (252, 233, 65, 100, 130, 51, 75, 38)
2, (241, 205, 67, 94, 109, 52, 76, 36)
2, (241, 196, 68, 106, 121, 51, 76, 36)
3, (259, 102, 119, 216, 126, 58, 63, 187)
3, (241, 118, 149, 232, 122, 59, 74, 186)
3, (251, 108, 162, 212, 124, 58, 80, 189)
3, (264, 128, 183, 222, 122, 61, 87, 238)
3, (282, 140, 198, 224, 132, 57, 88, 202)
3, (273, 146, 195, 215, 124, 52, 96, 181)
3, (271, 129, 172, 199, 122, 55, 93, 180)
3, (269, 141, 181, 186, 141, 62, 87, 222)
3, (291, 142, 168, 186, 151, 61, 82, 166)
3, (274, 137, 166, 168, 134, 70, 107, 172)
3, (289, 140, 173, 148, 127, 69, 102, 172)
3, (351, 154, 171, 133, 145, 72, 103, 199)
3, (357, 157, 193, 147, 125, 65, 101, 154)
3, (321, 148, 186, 127, 107, 62, 103, 154)
3, (285, 148, 198, 134, 100, 56, 99, 161)
3, (295, 143, 198, 151, 103, 54, 97, 150)
3, (235, 134, 204, 147, 71, 50, 94, 172)
3, (227, 116, 175, 156, 78, 50, 97, 179)
3, (236, 108, 171, 165, 87, 49, 93, 185)
3, (322, 103, 144, 166, 98, 46, 80, 177)
3, (301, 121, 143, 169, 102, 48, 78, 183)
3, (303, 118, 158, 169, 98, 46, 88, 143)
3, (303, 126, 130, 174, 97, 51, 90, 150)
3, (378, 136, 154, 177, 107, 62, 100, 152)
3, (323, 134, 161, 185, 106, 82, 123, 155)
3, (322, 112, 173, 214, 132, 82, 127, 151)
3, (310, 117, 150, 239, 134, 79, 115, 165)
3, (311, 128, 187, 258, 132, 79, 115, 149)
3, (280, 124, 189, 259, 126, 82, 121, 153)
3, (276, 133, 183, 255, 144, 74, 104, 209)
3, (321, 141, 179, 277, 120, 74, 101, 212)
3, (315, 137, 182, 309, 119, 74, 107, 202)
3, (301, 129, 150, 297, 125, 78, 109, 197)
3, (258, 124, 146, 298, 143, 77, 106, 211)
3, (253, 113, 146, 302, 117, 65, 95, 161)
3, (222, 119, 129, 267, 120, 66, 92, 160)
3, (239, 115, 134, 203, 120, 67, 86, 152)
3, (253, 111, 141, 218, 121, 59, 84, 189)
3, (264, 112, 142, 201, 106, 56, 91, 169)
3, (299, 128, 147, 196, 112, 84, 120, 161)
3, (288, 118, 155, 187, 108, 81, 119, 170)
3, (294, 119, 165, 212, 110, 84, 133, 182)
3, (299, 110, 160, 169, 131, 87, 130, 141)
3, (282, 116, 140, 163, 119, 82, 114, 139)
3, (237, 110, 136, 174, 115, 49, 74, 137)
3, (225, 113, 136, 169, 114, 49, 74, 141)
3, (230, 125, 119, 169, 126, 47, 43, 116)
3, (237, 131, 122, 180, 149, 70, 64, 124)
3, (220, 120, 122, 185, 167, 77, 75, 116)
3, (252, 123, 115, 208, 171, 79, 75, 137)
3, (263, 112, 109, 198, 174, 82, 72, 131)
3, (247, 102, 132, 192, 167, 83, 72, 150)
3, (215, 101, 146, 179, 116, 58, 61, 152)
3, (208, 109, 147, 195, 100, 74, 75, 172)
3, (185, 96, 149, 173, 115, 80, 78, 167)
3, (208, 116, 144, 191, 114, 77, 85, 192)
3, (197, 126, 113, 220, 115, 80, 107, 182)
3, (197, 131, 113, 226, 119, 90, 119, 182)
3, (202, 124, 119, 212, 111, 73, 106, 165)
3, (209, 118, 127, 224, 92, 64, 105, 153)
3, (223, 109, 127, 229, 84, 62, 100, 133)
3, (241, 96, 132, 183, 92, 56, 84, 157)
3, (274, 82, 124, 229, 95, 47, 66, 154)
4, (268, 153, 143, 117, 112, 66, 105, 196)
4, (300, 154, 133, 123, 98, 66, 94, 161)
4, (271, 142, 122, 122, 86, 64, 102, 172)
4, (297, 152, 123, 144, 85, 59, 98, 201)
4, (294, 148, 138, 152, 87, 61, 102, 251)
4, (307, 101, 119, 149, 96, 54, 98, 220)
4, (263, 102, 132, 166, 107, 55, 98, 215)
4, (261, 113, 136, 168, 108, 46, 79, 220)
4, (203, 99, 136, 134, 104, 53, 103, 192)
4, (222, 95, 137, 137, 103, 55, 104, 138)
4, (248, 97, 148, 145, 99, 52, 103, 143)
4, (275, 107, 192, 136, 85, 48, 100, 147)
4, (301, 109, 192, 140, 86, 46, 96, 170)
4, (294, 103, 189, 137, 88, 50, 77, 187)
4, (297, 111, 171, 146, 104, 50, 69, 168)
4, (269, 120, 173, 188, 97, 52, 70, 164)
4, (252, 107, 113, 189, 106, 54, 71, 163)
4, (261, 98, 109, 191, 114, 59, 73, 172)
5, (308, 120, 154, 160, 117, 72, 110, 217)
5, (332, 131, 157, 163, 131, 68, 108, 211)
5, (338, 135, 157, 160, 133, 68, 105, 190)
5, (244, 113, 121, 155, 140, 63, 111, 187)
5, (264, 128, 136, 159, 131, 78, 128, 186)
5, (263, 119, 133, 122, 110, 68, 110, 148)
5, (204, 105, 139, 103, 90, 72, 107, 142)
5, (200, 101, 124, 99, 87, 73, 107, 145)
5, (223, 103, 121, 112, 95, 79, 101, 143)
5, (254, 86, 107, 100, 92, 79, 93, 136)
5, (268, 94, 108, 124, 96, 78, 88, 112)
5, (264, 90, 109, 143, 110, 76, 86, 107)
5, (258, 104, 108, 147, 115, 75, 84, 101)
5, (249, 106, 117, 150, 107, 72, 90, 117)
5, (250, 123, 110, 150, 109, 61, 86, 87)
5, (220, 124, 123, 141, 117, 61, 83, 97)
5, (242, 125, 111, 145, 106, 60, 85, 103)
5, (250, 115, 123, 139, 115, 57, 99, 159)
5, (282, 126, 125, 133, 121, 61, 102, 148)
5, (275, 111, 127, 147, 124, 61, 98, 151)
5, (284, 108, 128, 137, 113, 57, 99, 157)
