0, (299, 234, 140, 134, 72, 54, 81, 140)
0, (301, 239, 139, 138, 72, 51, 78, 123)
0, (243, 240, 130, 131, 78, 48, 79, 111)
0, (240, 217, 131, 135, 91, 53, 85, 161)
0, (235, 225, 143, 127, 94, 50, 85, 142)
0, (210, 225, 133, 127, 95, 51, 74, 142)
0, (218, 260, 114, 126, 103, 56, 89, 153)
0, (250, 204, 126, 132, 107, 56, 90, 171)
0, (279, 205, 133, 144, 91, 59, 96, 174)
0, (285, 195, 124, 143, 87, 59, 99, 174)
0, (289, 240, 147, 154, 95, 56, 91, 201)
0, (292, 187, 150, 154, 83, 51, 79, 203)
0, (290, 192, 156, 163, 77, 71, 134, 186)
0, (239, 222, 146, 154, 80, 72, 141, 144)
0, (246, 329, 145, 158, 91, 71, 142, 145)
0, (230, 291, 157, 148, 80, 76, 157, 125)
0, (243, 292, 155, 141, 83, 81, 167, 115)
0, (249, 300, 145, 123, 92, 70, 134, 116)
0, (257, 282, 152, 109, 98, 61, 122, 117)
0, (238, 183, 162, 112, 102, 75, 127, 115)
0, (242, 191, 148, 105, 104, 71, 107, 96)
0, (231, 192, 174, 134, 112, 71, 100, 87)
0, (242, 194, 180, 141, 111, 73, 97, 87)
0, (238, 237, 202, 164, 104, 74, 104, 122)
0, (244, 205, 196, 164, 91, 62, 109, 125)
0, (260, 220, 202, 199, 91, 63, 114, 121)
0, (244, 236, 196, 183, 74, 55, 105, 119)
0, (245, 298, 203, 212, 63, 55, 112, 128)
0, (251, 260, 174, 192, 70, 52, 106, 110)
0, (253, 262, 203, 198, 92, 55, 109, 105)
0, (230, 244, 187, 173, 94, 57, 107, 99)
0, (233, 271, 168, 176, 89, 56, 105, 104)
0, (230, 204, 150, 136, 90, 47, 85, 93)
0, (256, 211, 155, 142, 98, 48, 81, 68)
0, (257, 211, 121, 123, 83, 47, 59, 59)
0, (266, 252, 125, 112, 82, 41, 51, 58)
0, (260, 213, 121, 111, 85, 43, 56, 47)
0, (218, 204, 118, 110, 82, 45, 65, 64)
0, (177, 244, 116, 104, 68, 45, 62, 64)
0, (175, 253, 103, 100, 65, 45, 65, 66)
0, (154, 217, 103, 98, 79, 46, 67, 67)
0, (195, 240, 112, 90, 91, 50, 65, 70)
0, (216, 261, 111, 95, 90, 45, 54, 54)
0, (219, 217, 104, 98, 89, 51, 68, 50)
0, (200, 208, 102, 93, 89, 49, 65, 49)
0, (228, 245, 85, 80, 77, 51, 69, 54)
0, (203, 227, 68, 81, 66, 52, 77, 58)
0, (187, 200, 71, 83, 63, 53, 77, 55)
0, (216, 261, 67, 80, 66, 45, 64, 55)
0, (218, 288, 61, 85, 67, 44, 62, 52)
0, (265, 261, 62, 99, 65, 43, 60, 46)
0, (272, 272, 68, 97, 60, 40, 56, 41)
0, (312, 300, 74, 85, 66, 43, 59, 45)
0, (300, 247, 78, 90, 72, 49, 67, 46)
0, (308, 218, 85, 89, 71, 49, 65, 47)
0, (289, 228, 82, 84, 77, 48, 61, 49)
0, (288, 218, 82, 88, 84, 52, 68, 49)
0, (251, 184, 79, 88, 78, 50, 70, 46)
0, (262, 190, 81, 81, 83, 46, 60, 44)
0, (251, 226, 105, 95, 97, 49, 67, 46)
0, (219, 213, 105, 94, 102, 55, 83, 48)
0, (225, 214, 101, 86, 95, 49, 78, 50)
0, (244, 232, 99, 97, 97, 52, 83, 55)
0, (217, 237, 92, 103, 94, 53, 85, 56)
0, (229, 237, 65, 92, 88, 55, 86, 60)
0, (224, 273, 64, 87, 86, 52, 77, 59)
1, (252, 288, 61, 90, 88, 55, 75, 58)
1, (258, 286, 61, 78, 86, 54, 76, 55)
1, (272, 306, 68, 71, 86, 57, 80, 57)
1, (271, 291, 60, 71, 87, 54, 84, 59)
1, (275, 258, 62, 79, 88, 55, 81, 58)
1, (264, 251, 81, 79, 87, 53, 83, 53)
1, (282, 250, 83, 84, 98, 48, 74, 54)
1, (320, 222, 79, 97, 111, 45, 69, 54)
1, (322, 243, 80, 98, 106, 48, 86, 56)
1, (326, 244, 82, 91, 99, 47, 91, 58)
1, (322, 229, 68, 92, 98, 45, 85, 60)
1, (286, 243, 64, 87, 96, 47, 88, 61)
1, (225, 250, 78, 74, 81, 48, 100, 58)
1, (239, 266, 77, 72, 81, 45, 84, 54)
1, (260, 265, 73, 74, 81, 47, 93, 71)
1, (261, 274, 82, 67, 84, 56, 112, 81)
1, (322, 263, 78, 76, 95, 68, 117, 81)
1, (350, 287, 80, 75, 104, 69, 113, 82)
1, (368, 274, 79, 82, 105, 68, 119, 87)
1, (365, 310, 84, 83, 105, 67, 116, 75)
2, (365, 323, 76, 86, 118, 68, 114, 87)
2, (331, 322, 88, 78, 105, 62, 109, 91)
2, (347, 323, 82, 78, 91, 63, 126, 91)
2, (315, 332, 94, 66, 84, 65, 124, 85)
2, (303, 376, 95, 73, 90, 63, 119, 87)
2, (308, 374, 101, 70, 72, 54, 109, 67)
2, (280, 375, 104, 70, 73, 49, 113, 79)
2, (230, 397, 104, 78, 75, 46, 89, 76)
2, (267, 364, 108, 78, 90, 51, 78, 84)
2, (298, 337, 113, 72, 90, 52, 92, 85)
2, (311, 361, 108, 81, 93, 63, 101, 111)
2, (335, 384, 102, 89, 86, 62, 96, 106)
2, (350, 342, 121, 109, 100, 63, 98, 111)
2, (343, 350, 112, 156, 121, 65, 110, 106)
2, (312, 354, 106, 160, 121, 64, 99, 118)
2, (342, 327, 115, 156, 121, 60, 100, 109)
2, (349, 299, 121, 168, 130, 70, 121, 107)
2, (334, 318, 104, 195, 127, 73, 125, 107)
2, (326, 326, 138, 189, 124, 75, 118, 118)
2, (364, 267, 144, 188, 120, 74, 117, 114)
2, (313, 407, 161, 193, 119, 78, 121, 109)
2, (318, 420, 187, 195, 113, 73, 107, 112)
2, (329, 419, 191, 178, 121, 84, 116, 122)
2, (330, 446, 171, 156, 101, 88, 120, 116)
2, (312, 455, 166, 157, 100, 88, 128, 115)
2, (316, 320, 143, 158, 114, 91, 119, 106)
2, (303, 337, 118, 178, 134, 99, 123, 103)
2, (337, 343, 114, 179, 131, 91, 117, 98)
2, (329, 300, 138, 215, 131, 82, 112, 93)
2, (336, 300, 154, 233, 134, 81, 108, 88)
2, (334, 322, 169, 241, 132, 71, 99, 87)
2, (314, 319, 178, 228, 117, 63, 101, 105)
2, (284, 357, 173, 211, 106, 71, 105, 110)
2, (284, 360, 155, 164, 97, 67, 97, 117)
2, (279, 351, 153, 146, 114, 73, 91, 114)
2, (274, 359, 136, 141, 106, 75, 112, 131)
2, (275, 345, 113, 126, 102, 71, 104, 115)
2, (282, 270, 115, 126, 106, 61, 95, 112)
2, (268, 288, 118, 146, 111, 63, 96, 102)
2, (225, 315, 103, 148, 101, 56, 110, 112)
2, (232, 276, 122, 167, 96, 53, 92, 92)
2, (263, 264, 119, 188, 116, 64, 103, 94)
2, (226, 344, 115, 193, 119, 59, 98, 79)
2, (323, 342, 122, 187, 120, 61, 102, 108)
2, (276, 307, 136, 234, 124, 58, 114, 111)
2, (343, 327, 165, 201, 110, 60, 98, 100)
2, (227, 273, 157, 208, 105, 54, 104, 127)
2, (373, 343, 157, 185, 128, 65, 103, 107)
2, (247, 259, 167, 204, 105, 60, 112, 134)
2, (360, 357, 168, 183, 119, 55, 87, 108)
2, (251, 242, 160, 205, 98, 65, 114, 111)
2, (383, 292, 198, 183, 108, 57, 88, 137)
2, (245, 301, 153, 182, 85, 60, 104, 105)
2, (321, 275, 196, 186, 104, 63, 90, 129)
2, (249, 309, 150, 186, 64, 63, 96, 117)
2, (306, 316, 157, 161, 107, 63, 80, 127)
2, (261, 292, 162, 167, 66, 65, 88, 125)
3, (223, 336, 193, 195, 104, 63, 126, 209)
3, (242, 367, 178, 203, 108, 62, 127, 223)
3, (254, 316, 161, 176, 105, 58, 117, 161)
3, (235, 314, 148, 154, 79, 53, 122, 147)
3, (260, 266, 120, 155, 78, 62, 104, 148)
3, (289, 283, 153, 180, 93, 52, 78, 165)
3, (268, 292, 146, 179, 95, 54, 84, 138)
3, (268, 281, 177, 182, 90, 56, 88, 142)
3, (316, 280, 184, 188, 94, 67, 103, 146)
3, (344, 287, 186, 166, 84, 69, 113, 153)
3, (308, 260, 174, 144, 76, 69, 114, 116)
3, (329, 228, 200, 168, 82, 70, 111, 116)
3, (323, 223, 184, 167, 89, 68, 113, 127)
3, (284, 292, 192, 179, 86, 64, 99, 125)
3, (257, 295, 186, 179, 84, 58, 103, 161)
3, (273, 299, 190, 188, 84, 57, 108, 166)
3, (286, 327, 164, 175, 92, 54, 110, 178)
3, (342, 342, 172, 182, 87, 61, 116, 175)
3, (346, 276, 156, 173, 98, 56, 131, 181)
3, (353, 268, 153, 203, 121, 60, 130, 162)
3, (342, 284, 155, 205, 116, 60, 125, 196)
3, (314, 261, 202, 234, 104, 62, 127, 196)
3, (254, 238, 191, 225, 108, 69, 132, 223)
3, (240, 258, 200, 229, 99, 76, 126, 225)
3, (227, 254, 197, 208, 86, 72, 112, 210)
3, (264, 262, 183, 192, 89, 80, 143, 191)
3, (251, 238, 145, 157, 97, 80, 145, 202)
3, (251, 247, 156, 161, 95, 70, 130, 160)
3, (288, 234, 183, 160, 98, 70, 139, 151)
3, (274, 271, 205, 158, 85, 79, 165, 150)
3, (276, 254, 202, 192, 83, 71, 146, 126)
3, (355, 241, 214, 192, 76, 70, 144, 116)
3, (350, 229, 213, 190, 71, 69, 144, 127)
3, (322, 253, 204, 197, 70, 63, 132, 161)
3, (361, 227, 194, 194, 72, 58, 110, 160)
3, (366, 244, 205, 175, 72, 59, 103, 173)
3, (343, 242, 266, 186, 72, 62, 98, 156)
3, (373, 292, 267, 201, 81, 65, 104, 147)
3, (380, 284, 274, 209, 80, 63, 102, 116)
3, (374, 298, 277, 207, 98, 61, 86, 122)
3, (357, 325, 279, 250, 105, 72, 96, 102)
3, (321, 349, 223, 247, 106, 70, 100, 106)
3, (356, 319, 218, 233, 98, 68, 103, 141)
3, (341, 306, 186, 212, 102, 75, 103, 135)
3, (294, 303, 177, 224, 104, 78, 121, 130)
3, (326, 271, 166, 174, 104, 83, 151, 141)
3, (353, 283, 149, 157, 113, 85, 149, 147)
3, (298, 308, 159, 174, 115, 85, 142, 122)
3, (392, 320, 155, 176, 115, 80, 152, 153)
3, (413, 306, 156, 163, 105, 76, 142, 158)
3, (376, 280, 204, 185, 112, 62, 103, 150)
3, (378, 290, 200, 191, 112, 59, 106, 149)
3, (386, 283, 195, 185, 115, 65, 111, 142)
3, (293, 257, 214, 182, 109, 68, 99, 104)
3, (271, 249, 223, 200, 120, 79, 119, 113)
3, (298, 256, 184, 188, 136, 80, 117, 119)
3, (265, 291, 186, 192, 126, 80, 113, 109)
3, (244, 280, 199, 228, 133, 82, 113, 114)
3, (269, 292, 183, 224, 140, 78, 105, 134)
3, (288, 302, 160, 224, 122, 63, 82, 120)
3, (283, 345, 162, 227, 90, 66, 89, 113)
3, (268, 289, 151, 222, 100, 65, 91, 124)
3, (321, 282, 127, 223, 103, 63, 97, 134)
3, (347, 278, 134, 229, 93, 66, 123, 114)
3, (330, 292, 142, 230, 108, 71, 135, 112)
3, (350, 257, 159, 215, 111, 62, 127, 112)
3, (364, 245, 165, 258, 105, 66, 128, 150)
3, (315, 230, 163, 229, 91, 62, 122, 136)
3, (295, 251, 162, 260, 109, 57, 97, 132)
3, (321, 221, 162, 243, 100, 55, 101, 140)
3, (304, 243, 131, 240, 98, 56, 103, 140)
3, (308, 255, 147, 262, 122, 57, 100, 79)
3, (328, 291, 154, 258, 127, 55, 104, 82)
3, (315, 273, 154, 222, 114, 55, 106, 87)
3, (282, 282, 149, 230, 111, 46, 91, 88)
3, (317, 315, 149, 263, 125, 50, 110, 93)
3, (302, 329, 122, 209, 100, 49, 115, 91)
3, (272, 316, 134, 216, 98, 48, 107, 117)
3, (266, 317, 131, 236, 112, 53, 112, 121)
4, (241, 236, 190, 172, 86, 77, 150, 168)
4, (248, 242, 181, 171, 89, 77, 148, 173)
4, (253, 280, 185, 153, 88, 53, 118, 191)
4, (234, 250, 149, 150, 86, 51, 103, 164)
4, (238, 249, 157, 151, 91, 53, 107, 175)
4, (221, 249, 171, 164, 86, 54, 102, 173)
4, (232, 272, 164, 173, 82, 64, 107, 178)
4, (220, 239, 170, 185, 76, 64, 91, 164)
4, (194, 239, 190, 167, 77, 61, 86, 149)
4, (209, 257, 205, 215, 77, 64, 85, 136)
4, (210, 259, 184, 210, 74, 64, 94, 169)
4, (248, 278, 178, 207, 71, 76, 105, 151)
4, (289, 256, 177, 207, 67, 77, 108, 134)
4, (304, 257, 191, 198, 70, 77, 108, 137)
4, (303, 252, 230, 158, 67, 76, 112, 153)
4, (318, 294, 239, 162, 67, 79, 110, 121)
4, (277, 240, 248, 175, 78, 63, 102, 125)
4, (248, 245, 264, 196, 81, 60, 94, 129)
4, (218, 236, 250, 209, 86, 62, 95, 165)
4, (221, 217, 198, 208, 92, 60, 89, 152)
4, (210, 206, 216, 253, 94, 56, 104, 163)
4, (225, 226, 239, 251, 91, 51, 92, 180)
4, (246, 226, 226, 229, 87, 50, 90, 184)
4, (297, 240, 225, 228, 82, 44, 91, 169)
4, (313, 302, 233, 220, 84, 54, 103, 171)
4, (307, 289, 213, 167, 80, 57, 90, 196)
4, (316, 278, 196, 146, 78, 58, 90, 203)
4, (299, 282, 205, 149, 86, 68, 109, 205)
4, (268, 273, 212, 132, 80, 70, 108, 196)
4, (238, 299, 205, 163, 79, 65, 108, 247)
4, (249, 287, 207, 172, 103, 66, 104, 226)
4, (227, 334, 216, 190, 111, 64, 124, 205)
5, (218, 222, 181, 169, 108, 81, 123, 179)
5, (217, 209, 117, 164, 105, 79, 125, 173)
5, (217, 256, 118, 166, 98, 76, 126, 229)
5, (236, 256, 119, 176, 92, 67, 117, 226)
5, (247, 254, 122, 176, 77, 57, 100, 223)
5, (245, 255, 189, 188, 86, 55, 77, 203)
5, (272, 253, 218, 167, 81, 53, 74, 237)
5, (282, 235, 221, 164, 80, 57, 84, 179)
5, (279, 258, 226, 155, 78, 55, 83, 183)
5, (292, 265, 250, 160, 80, 49, 87, 193)
5, (298, 265, 201, 168, 70, 66, 114, 228)
5, (279, 264, 182, 165, 79, 75, 121, 196)
5, (280, 290, 206, 159, 77, 73, 112, 195)
5, (269, 275, 205, 188, 78, 74, 115, 214)
5, (231, 274, 195, 191, 81, 76, 119, 204)
5, (212, 285, 199, 184, 91, 82, 147, 159)
5, (243, 315, 216, 201, 85, 80, 149, 189)
5, (230, 237, 186, 199, 82, 78, 150, 189)
