0, (143, 257, 156, 143, 68, 81, 214, 223)
0, (150, 242, 149, 142, 69, 88, 224, 220)
0, (149, 218, 158, 144, 70, 80, 218, 221)
0, (132, 215, 159, 139, 69, 83, 220, 158)
0, (135, 222, 136, 137, 67, 88, 239, 184)
0, (132, 218, 128, 119, 67, 91, 234, 175)
0, (112, 217, 120, 99, 64, 87, 228, 173)
0, (148, 233, 111, 100, 62, 87, 222, 172)
0, (166, 246, 110, 90, 66, 95, 234, 166)
0, (162, 277, 129, 98, 70, 97, 242, 129)
0, (173, 282, 153, 98, 71, 86, 216, 217)
0, (177, 260, 154, 110, 69, 92, 230, 231)
0, (170, 233, 154, 116, 73, 92, 229, 233)
0, (154, 229, 162, 116, 66, 89, 253, 232)
0, (163, 181, 145, 107, 71, 83, 230, 226)
0, (152, 150, 122, 101, 74, 86, 234, 126)
0, (146, 169, 121, 101, 72, 75, 208, 99)
0, (118, 175, 121, 93, 72, 75, 230, 113)
0, (120, 163, 92, 87, 72, 67, 202, 106)
0, (110, 208, 88, 97, 77, 70, 194, 96)
0, (123, 229, 82, 99, 76, 66, 178, 94)
0, (128, 227, 80, 84, 78, 65, 175, 82)
0, (137, 234, 66, 91, 74, 62, 146, 56)
0, (137, 303, 69, 88, 88, 59, 116, 55)
0, (133, 273, 73, 72, 83, 54, 108, 58)
0, (114, 303, 71, 69, 73, 45, 89, 54)
0, (108, 359, 68, 64, 76, 59, 123, 57)
0, (98, 379, 76, 72, 82, 57, 113, 54)
0, (109, 340, 77, 79, 70, 59, 117, 54)
0, (105, 338, 76, 91, 66, 62, 120, 54)
0, (104, 316, 90, 96, 70, 73, 126, 59)
0, (104, 277, 94, 105, 73, 77, 107, 59)
0, (99, 257, 104, 93, 71, 89, 161, 64)
0, (80, 227, 103, 99, 73, 102, 212, 68)
0, (128, 302, 107, 104, 82, 100, 214, 74)
0, (144, 289, 95, 103, 82, 94, 211, 78)
0, (146, 260, 89, 99, 84, 100, 223, 88)
0, (148, 244, 78, 101, 89, 90, 191, 84)
0, (160, 250, 80, 99, 88, 78, 157, 82)
0, (129, 247, 74, 105, 79, 77, 166, 76)
0, (109, 252, 76, 112, 83, 99, 198, 75)
0, (128, 259, 77, 109, 76, 82, 180, 65)
0, (131, 293, 73, 105, 68, 84, 186, 65)
0, (127, 311, 70, 94, 64, 82, 166, 65)
0, (136, 266, 70, 82, 71, 86, 162, 69)
0, (146, 288, 64, 65, 68, 62, 133, 63)
0, (149, 298, 70, 67, 68, 65, 147, 64)
0, (153, 288, 80, 75, 65, 62, 149, 67)
0, (160, 311, 93, 81, 65, 62, 146, 67)
0, (152, 301, 105, 89, 59, 57, 150, 73)
0, (148, 279, 110, 88, 60, 62, 177, 74)
0, (127, 269, 111, 102, 70, 69, 179, 72)
0, (126, 321, 108, 98, 76, 72, 169, 69)
0, (136, 314, 99, 95, 78, 72, 193, 85)
0, (137, 310, 84, 77, 76, 73, 184, 80)
0, (130, 326, 85, 83, 80, 69, 154, 79)
0, (133, 351, 89, 82, 73, 57, 140, 80)
0, (141, 312, 84, 83, 76, 60, 156, 82)
0, (125, 285, 79, 84, 78, 58, 134, 69)
0, (127, 319, 112, 93, 75, 58, 142, 79)
0, (144, 302, 114, 111, 73, 60, 144, 85)
0, (154, 340, 108, 101, 75, 66, 163, 86)
0, (158, 337, 108, 100, 68, 63, 163, 86)
0, (249, 378, 105, 49, 72, 71, 172, 97)
0, (253, 348, 113, 49, 77, 73, 195, 101)
0, (202, 318, 103, 54, 76, 73, 207, 100)
1, (158, 347, 124, 105, 62, 62, 159, 86)
1, (156, 388, 107, 98, 75, 63, 156, 74)
1, (169, 418, 117, 76, 73, 62, 163, 66)
1, (175, 404, 125, 73, 84, 60, 182, 78)
1, (173, 418, 123, 71, 86, 63, 176, 91)
1, (179, 436, 113, 62, 88, 63, 179, 98)
1, (239, 409, 120, 58, 80, 66, 179, 108)
1, (240, 410, 112, 51, 77, 67, 187, 114)
1, (237, 381, 103, 48, 60, 70, 178, 107)
1, (191, 320, 96, 53, 78, 78, 221, 101)
1, (179, 368, 108, 52, 79, 79, 211, 111)
1, (176, 413, 104, 62, 72, 79, 252, 114)
1, (175, 427, 96, 72, 83, 77, 246, 108)
1, (186, 459, 88, 69, 81, 77, 260, 106)
1, (183, 462, 91, 85, 85, 65, 234, 97)
1, (184, 430, 86, 88, 89, 72, 234, 85)
1, (166, 360, 90, 95, 96, 68, 196, 79)
1, (156, 349, 93, 95, 86, 77, 202, 79)
1, (141, 350, 95, 95, 89, 77, 175, 73)
1, (155, 319, 93, 82, 86, 83, 199, 80)
1, (175, 301, 87, 80, 85, 73, 217, 79)
1, (195, 331, 87, 65, 75, 73, 216, 79)
1, (194, 358, 84, 60, 75, 64, 206, 71)
1, (194, 312, 89, 62, 76, 64, 223, 79)
1, (211, 327, 91, 67, 72, 67, 231, 85)
1, (198, 347, 92, 67, 68, 75, 260, 94)
1, (180, 408, 93, 103, 80, 82, 277, 92)
1, (172, 378, 107, 105, 77, 84, 301, 97)
1, (190, 388, 117, 110, 77, 81, 290, 100)
1, (154, 383, 127, 106, 75, 76, 274, 89)
1, (166, 376, 129, 107, 79, 71, 227, 85)
1, (176, 283, 142, 97, 65, 68, 202, 86)
1, (185, 336, 131, 94, 63, 67, 157, 83)
1, (173, 324, 117, 91, 64, 66, 177, 69)
1, (181, 336, 119, 96, 73, 81, 209, 73)
1, (164, 320, 120, 103, 67, 75, 208, 66)
1, (172, 333, 103, 85, 66, 71, 212, 60)
1, (173, 296, 101, 110, 68, 68, 205, 63)
1, (169, 298, 117, 111, 75, 75, 181, 65)
1, (153, 273, 105, 107, 72, 60, 130, 73)
1, (157, 321, 103, 101, 74, 63, 122, 73)
1, (133, 297, 100, 94, 80, 73, 118, 76)
1, (124, 272, 129, 71, 84, 79, 141, 83)
1, (114, 288, 118, 86, 74, 81, 185, 87)
1, (146, 293, 118, 92, 83, 77, 184, 80)
1, (174, 256, 115, 94, 89, 74, 191, 86)
1, (192, 365, 123, 95, 80, 69, 232, 89)
2, (191, 382, 99, 88, 72, 62, 225, 83)
2, (195, 368, 97, 80, 78, 50, 192, 77)
2, (170, 368, 101, 80, 75, 48, 187, 76)
2, (141, 381, 105, 83, 74, 50, 183, 77)
2, (120, 311, 107, 84, 81, 44, 134, 76)
2, (147, 285, 99, 85, 86, 58, 164, 77)
2, (138, 320, 97, 112, 81, 59, 164, 78)
2, (164, 315, 93, 116, 75, 63, 184, 75)
2, (171, 316, 93, 114, 77, 71, 185, 68)
2, (180, 294, 78, 115, 70, 69, 179, 63)
2, (158, 327, 79, 124, 71, 60, 199, 63)
2, (167, 316, 87, 110, 74, 59, 207, 63)
2, (166, 349, 93, 103, 75, 59, 199, 71)
2, (160, 330, 98, 102, 67, 51, 196, 74)
2, (151, 366, 111, 100, 73, 55, 212, 74)
2, (176, 363, 111, 94, 77, 55, 177, 81)
2, (176, 355, 104, 79, 75, 59, 175, 83)
2, (160, 365, 102, 74, 71, 57, 169, 80)
2, (168, 370, 91, 76, 68, 64, 211, 77)
2, (170, 344, 79, 87, 70, 63, 197, 77)
2, (169, 373, 89, 80, 59, 83, 245, 76)
2, (170, 392, 90, 98, 88, 86, 243, 74)
2, (177, 360, 97, 99, 94, 85, 244, 81)
2, (171, 343, 99, 97, 96, 79, 212, 78)
2, (167, 429, 118, 90, 92, 78, 221, 77)
2, (150, 389, 120, 89, 94, 68, 214, 78)
2, (146, 371, 122, 67, 64, 66, 222, 80)
2, (137, 406, 122, 63, 57, 68, 219, 77)
2, (130, 413, 119, 61, 63, 67, 219, 82)
2, (157, 310, 113, 65, 65, 71, 242, 88)
2, (158, 359, 104, 76, 66, 59, 212, 89)
2, (159, 359, 102, 76, 71, 55, 214, 88)
2, (159, 311, 92, 78, 69, 58, 229, 82)
2, (169, 314, 99, 76, 62, 61, 235, 79)
2, (196, 377, 199, 157, 76, 92, 212, 229)
2, (149, 317, 98, 88, 72, 64, 213, 77)
2, (195, 338, 188, 152, 75, 94, 271, 216)
2, (157, 252, 108, 140, 87, 70, 189, 91)
2, (190, 320, 201, 130, 70, 99, 282, 208)
2, (154, 273, 109, 158, 91, 77, 198, 101)
2, (195, 333, 189, 136, 65, 101, 288, 187)
2, (171, 283, 133, 161, 96, 84, 214, 110)
2, (216, 332, 200, 136, 69, 104, 297, 203)
2, (184, 302, 131, 171, 97, 84, 213, 119)
2, (202, 315, 193, 149, 68, 101, 283, 221)
2, (186, 306, 124, 180, 95, 80, 230, 189)
2, (208, 271, 186, 141, 73, 99, 249, 221)
2, (173, 320, 128, 137, 83, 77, 286, 189)
2, (206, 291, 177, 129, 74, 90, 227, 231)
2, (181, 290, 133, 123, 82, 82, 290, 245)
2, (225, 273, 172, 114, 76, 89, 204, 251)
2, (184, 306, 121, 135, 85, 77, 304, 277)
2, (204, 270, 162, 125, 75, 89, 192, 272)
2, (175, 290, 138, 163, 93, 86, 314, 288)
2, (196, 292, 145, 106, 73, 81, 194, 258)
2, (166, 283, 143, 157, 89, 94, 334, 258)
2, (194, 293, 153, 106, 75, 72, 160, 247)
2, (164, 286, 130, 168, 87, 93, 289, 250)
2, (203, 285, 144, 117, 84, 72, 152, 250)
2, (150, 287, 149, 189, 93, 85, 281, 193)
2, (179, 302, 156, 115, 83, 73, 155, 229)
2, (131, 242, 145, 196, 85, 81, 247, 215)
2, (185, 278, 141, 104, 84, 64, 137, 193)
2, (122, 264, 129, 164, 76, 83, 280, 247)
2, (181, 287, 144, 103, 87, 70, 154, 204)
2, (174, 266, 117, 153, 74, 89, 270, 251)
2, (172, 314, 145, 105, 86, 68, 148, 208)
2, (183, 260, 147, 144, 90, 92, 274, 253)
2, (159, 345, 151, 96, 76, 58, 144, 198)
2, (188, 270, 154, 117, 82, 92, 267, 255)
2, (160, 324, 145, 89, 68, 58, 140, 246)
2, (184, 289, 159, 95, 92, 93, 261, 249)
2, (161, 339, 156, 113, 61, 59, 146, 247)
2, (189, 269, 171, 104, 95, 84, 213, 222)
2, (165, 321, 154, 117, 56, 50, 142, 241)
2, (156, 293, 183, 109, 97, 73, 180, 214)
2, (152, 332, 134, 120, 62, 55, 143, 236)
2, (170, 294, 179, 132, 92, 68, 172, 228)
2, (157, 291, 145, 116, 66, 61, 195, 281)
2, (177, 277, 156, 125, 86, 71, 174, 235)
2, (149, 312, 156, 119, 67, 56, 193, 251)
2, (185, 275, 165, 120, 74, 68, 171, 231)
2, (150, 294, 148, 90, 68, 63, 197, 255)
2, (176, 264, 170, 113, 74, 68, 204, 267)
2, (165, 273, 156, 112, 79, 64, 187, 263)
3, (210, 228, 209, 159, 98, 151, 535, 226)
3, (190, 225, 175, 166, 91, 160, 544, 181)
3, (176, 270, 146, 171, 95, 144, 515, 185)
3, (173, 284, 135, 166, 88, 132, 494, 250)
3, (207, 275, 136, 152, 89, 105, 389, 250)
3, (216, 280, 134, 153, 81, 99, 304, 244)
3, (221, 291, 144, 140, 78, 81, 262, 253)
3, (224, 280, 153, 178, 73, 79, 283, 274)
3, (233, 290, 172, 167, 64, 77, 258, 248)
3, (203, 287, 165, 158, 59, 76, 242, 261)
3, (178, 368, 187, 160, 64, 69, 216, 251)
3, (190, 417, 203, 170, 64, 71, 186, 267)
3, (194, 410, 200, 155, 70, 82, 175, 245)
3, (170, 394, 201, 162, 78, 82, 191, 254)
3, (167, 418, 196, 161, 76, 81, 190, 231)
4, (181, 287, 260, 129, 66, 109, 458, 195)
4, (207, 246, 246, 143, 83, 95, 430, 207)
4, (204, 296, 211, 135, 85, 106, 441, 203)
4, (198, 287, 202, 141, 88, 111, 445, 199)
4, (213, 290, 172, 138, 86, 109, 405, 235)
4, (211, 302, 155, 137, 88, 115, 410, 233)
4, (202, 305, 182, 127, 84, 116, 412, 231)
4, (213, 242, 200, 126, 76, 126, 426, 232)
4, (225, 253, 211, 135, 88, 132, 429, 241)
4, (212, 255, 224, 165, 95, 154, 527, 213)
5, (207, 219, 214, 224, 65, 88, 270, 229)
5, (206, 239, 200, 192, 61, 89, 278, 237)
5, (169, 252, 191, 197, 60, 80, 267, 239)
5, (131, 227, 142, 200, 60, 78, 216, 249)
5, (162, 256, 164, 148, 59, 93, 248, 214)
5, (221, 254, 154, 139, 58, 92, 241, 220)
5, (222, 222, 144, 132, 55, 92, 262, 214)
5, (222, 221, 143, 129, 53, 92, 272, 203)
5, (222, 225, 164, 198, 56, 101, 347, 193)
5, (221, 190, 148, 195, 64, 87, 329, 146)
5, (173, 177, 149, 196, 66, 91, 359, 164)
5, (181, 157, 157, 219, 71, 99, 352, 184)
5, (192, 185, 158, 220, 74, 96, 341, 190)
5, (215, 208, 152, 161, 75, 84, 244, 177)
5, (194, 207, 163, 162, 65, 85, 271, 182)
5, (188, 208, 165, 156, 72, 84, 336, 176)
5, (208, 211, 159, 137, 80, 77, 316, 232)
5, (205, 192, 169, 145, 80, 76, 314, 234)
5, (183, 184, 169, 158, 77, 79, 321, 245)
5, (191, 198, 161, 168, 80, 100, 333, 272)
5, (200, 201, 178, 177, 72, 117, 296, 278)
5, (182, 202, 227, 182, 62, 121, 322, 260)
5, (225, 207, 342, 245, 62, 129, 357, 271)
5, (237, 266, 341, 238, 70, 130, 359, 310)
5, (230, 271, 340, 236, 72, 128, 383, 325)
5, (238, 267, 332, 237, 74, 109, 338, 316)
5, (282, 328, 302, 249, 77, 117, 324, 340)
5, (243, 322, 146, 187, 77, 111, 288, 342)
5, (226, 265, 150, 176, 74, 109, 347, 313)
5, (231, 248, 170, 178, 69, 98, 314, 294)
5, (219, 261, 175, 172, 70, 95, 319, 311)
5, (145, 185, 184, 145, 71, 79, 333, 257)
5, (204, 231, 195, 130, 75, 78, 346, 238)
5, (222, 245, 176, 131, 68, 86, 296, 234)
5, (297, 245, 159, 115, 69, 95, 318, 216)
5, (298, 240, 150, 121, 65, 93, 347, 223)
5, (293, 273, 196, 147, 62, 96, 332, 268)
5, (261, 235, 207, 142, 60, 98, 342, 271)
5, (277, 230, 230, 159, 60, 92, 359, 275)
5, (194, 231, 228, 159, 56, 87, 391, 350)
5, (199, 256, 253, 169, 70, 91, 361, 382)
5, (236, 225, 214, 137, 79, 96, 375, 357)
5, (255, 206, 193, 152, 75, 92, 366, 357)
5, (253, 212, 174, 144, 79, 91, 338, 369)
5, (259, 233, 163, 143, 89, 85, 242, 305)
5, (249, 237, 153, 137, 80, 86, 270, 257)
5, (230, 242, 155, 143, 71, 85, 264, 268)
5, (260, 259, 170, 126, 76, 92, 280, 300)
5, (254, 247, 202, 133, 73, 90, 363, 287)
5, (291, 280, 221, 139, 60, 108, 385, 305)
5, (321, 280, 247, 142, 67, 117, 405, 303)
5, (321, 275, 247, 144, 64, 128, 509, 293)
5, (284, 265, 234, 157, 60, 123, 494, 255)
5, (270, 267, 219, 151, 61, 130, 455, 244)
5, (238, 340, 218, 159, 67, 119, 503, 264)
5, (251, 332, 171, 147, 65, 113, 495, 346)
5, (248, 328, 168, 160, 69, 101, 419, 371)
5, (246, 349, 183, 154, 71, 136, 517, 391)
5, (249, 348, 163, 147, 79, 152, 567, 403)
5, (236, 252, 144, 140, 88, 153, 522, 402)
5, (295, 239, 153, 152, 83, 150, 507, 313)
5, (299, 241, 150, 136, 83, 148, 479, 270)
5, (328, 239, 145, 127, 83, 130, 432, 255)
5, (334, 262, 163, 117, 75, 104, 355, 240)
5, (353, 266, 166, 124, 58, 96, 335, 184)
5, (288, 255, 162, 116, 76, 92, 320, 184)
5, (305, 274, 176, 120, 75, 100, 373, 257)
5, (283, 249, 172, 129, 78, 87, 344, 272)
5, (289, 227, 155, 157, 82, 87, 345, 276)
5, (278, 192, 153, 150, 82, 90, 362, 281)
5, (350, 225, 151, 144, 67, 94, 365, 289)
5, (366, 239, 138, 144, 64, 87, 355, 259)
5, (362, 262, 161, 158, 88, 88, 361, 233)
5, (347, 298, 166, 135, 87, 89, 365, 228)
5, (334, 315, 167, 135, 90, 115, 445, 217)
5, (288, 375, 162, 153, 89, 120, 465, 234)
5, (262, 354, 169, 154, 94, 137, 468, 212)
5, (275, 364, 160, 140, 66, 135, 438, 213)
5, (295, 349, 149, 141, 66, 139, 441, 214)
5, (314, 366, 154, 148, 62, 123, 357, 282)
5, (302, 295, 170, 149, 74, 149, 472, 270)
5, (367, 312, 186, 148, 73, 127, 435, 257)
5, (371, 331, 199, 140, 72, 125, 437, 282)
5, (365, 334, 210, 158, 70, 116, 444, 280)
5, (382, 310, 205, 149, 72, 128, 455, 260)
5, (379, 319, 213, 138, 67, 92, 325, 294)
5, (308, 318, 213, 147, 70, 135, 363, 299)
5, (301, 317, 207, 147, 79, 185, 446, 291)
5, (297, 352, 207, 122, 80, 190, 437, 286)
5, (310, 348, 212, 120, 83, 182, 451, 246)
5, (351, 335, 194, 114, 82, 180, 435, 270)
5, (343, 332, 197, 94, 77, 158, 443, 262)
5, (331, 293, 184, 98, 70, 102, 356, 248)
5, (375, 254, 167, 100, 74, 101, 376, 259)
5, (360, 268, 168, 98, 79, 103, 348, 286)
5, (343, 303, 165, 109, 76, 109, 407, 260)
5, (360, 344, 141, 115, 78, 100, 357, 264)
5, (382, 345, 140, 112, 82, 100, 362, 259)
5, (364, 326, 143, 116, 89, 110, 404, 254)
5, (381, 326, 172, 136, 90, 106, 390, 221)
5, (398, 332, 196, 124, 93, 105, 347, 237)
5, (401, 282, 203, 164, 90, 127, 410, 238)
5, (476, 273, 205, 191, 89, 132, 477, 246)
5, (460, 288, 215, 207, 82, 127, 457, 244)
5, (435, 286, 195, 203, 85, 132, 476, 247)
5, (391, 252, 176, 208, 88, 131, 526, 188)
5, (377, 248, 161, 176, 92, 111, 483, 181)
5, (252, 305, 158, 147, 99, 107, 407, 270)
5, (264, 297, 171, 119, 93, 108, 372, 276)
5, (248, 293, 190, 119, 93, 97, 357, 275)
5, (222, 275, 207, 124, 96, 97, 250, 268)
5, (218, 301, 215, 125, 94, 100, 251, 272)
5, (209, 243, 217, 129, 88, 102, 306, 242)
5, (175, 248, 200, 140, 92, 95, 304, 233)
5, (170, 244, 198, 131, 86, 94, 294, 227)
5, (215, 265, 181, 120, 78, 106, 344, 231)
5, (214, 236, 207, 112, 72, 109, 343, 223)
5, (205, 289, 223, 110, 66, 118, 367, 182)
5, (208, 293, 259, 111, 69, 114, 356, 180)
5, (215, 290, 243, 120, 61, 119, 390, 188)
5, (169, 279, 262, 117, 62, 107, 402, 180)
