0, (209, 103, 111, 116, 97, 47, 99, 171)
0, (203, 99, 146, 123, 99, 44, 91, 148)
0, (197, 103, 152, 100, 90, 47, 91, 148)
0, (196, 103, 146, 94, 86, 48, 91, 108)
0, (194, 99, 209, 136, 117, 56, 91, 102)
0, (216, 103, 211, 156, 115, 54, 96, 102)
0, (198, 102, 195, 155, 118, 57, 94, 142)
0, (210, 89, 190, 162, 120, 58, 89, 144)
0, (223, 102, 209, 161, 134, 68, 90, 145)
0, (201, 102, 153, 124, 123, 63, 87, 173)
0, (219, 102, 154, 113, 126, 67, 82, 169)
0, (209, 103, 153, 111, 122, 67, 86, 121)
0, (211, 101, 150, 100, 135, 66, 87, 113)
0, (199, 88, 133, 108, 157, 59, 108, 114)
0, (182, 79, 127, 108, 145, 61, 106, 63)
0, (137, 76, 119, 96, 145, 57, 107, 84)
0, (253, 100, 118, 112, 145, 58, 108, 102)
0, (247, 102, 120, 109, 172, 71, 116, 102)
0, (248, 96, 113, 98, 148, 65, 92, 96)
0, (252, 99, 112, 103, 140, 62, 90, 95)
0, (243, 91, 109, 107, 130, 63, 84, 72)
0, (124, 63, 100, 84, 141, 62, 66, 41)
0, (132, 84, 95, 89, 108, 57, 72, 33)
0, (130, 88, 80, 98, 106, 56, 73, 35)
0, (122, 86, 70, 98, 114, 66, 72, 32)
0, (123, 86, 68, 93, 126, 68, 96, 34)
0, (119, 85, 66, 89, 118, 65, 100, 33)
0, (106, 73, 62, 86, 109, 56, 84, 32)
0, (104, 75, 64, 91, 101, 55, 81, 29)
0, (112, 87, 58, 84, 97, 44, 81, 27)
0, (118, 91, 53, 78, 119, 47, 57, 27)
0, (118, 91, 45, 87, 119, 49, 46, 29)
0, (107, 89, 45, 84, 113, 50, 58, 31)
0, (123, 91, 40, 65, 114, 55, 58, 32)
0, (115, 80, 41, 67, 113, 54, 59, 34)
0, (108, 92, 41, 70, 91, 51, 53, 33)
0, (118, 92, 45, 89, 88, 50, 58, 38)
0, (123, 95, 46, 116, 109, 47, 44, 45)
0, (104, 112, 48, 118, 112, 43, 46, 46)
0, (108, 120, 50, 119, 110, 47, 46, 45)
0, (132, 135, 51, 123, 100, 48, 59, 49)
0, (124, 136, 53, 106, 105, 52, 56, 44)
0, (129, 134, 53, 77, 90, 53, 57, 37)
0, (149, 116, 51, 84, 94, 53, 55, 38)
0, (153, 111, 54, 83, 106, 51, 65, 37)
0, (148, 84, 52, 74, 108, 49, 62, 36)
0, (165, 84, 49, 81, 103, 48, 60, 38)
0, (165, 89, 48, 81, 94, 44, 63, 35)
0, (169, 93, 50, 83, 88, 45, 66, 35)
0, (172, 100, 44, 81, 74, 46, 57, 36)
1, (175, 104, 45, 85, 91, 47, 55, 34)
1, (169, 124, 47, 76, 87, 44, 56, 33)
1, (169, 129, 51, 81, 92, 47, 66, 38)
1, (178, 128, 52, 69, 94, 47, 62, 38)
1, (171, 124, 57, 75, 103, 46, 66, 38)
1, (174, 131, 56, 81, 90, 42, 65, 37)
1, (167, 111, 52, 83, 89, 42, 69, 41)
1, (184, 102, 50, 82, 90, 49, 64, 43)
1, (164, 105, 53, 89, 97, 48, 78, 42)
1, (201, 122, 46, 94, 109, 51, 79, 45)
1, (192, 112, 45, 90, 109, 50, 81, 46)
1, (188, 110, 46, 88, 108, 51, 83, 42)
1, (218, 117, 47, 107, 122, 51, 75, 36)
1, (229, 116, 45, 109, 126, 52, 64, 37)
1, (201, 105, 52, 102, 119, 50, 64, 33)
1, (195, 112, 52, 96, 115, 54, 68, 33)
1, (215, 136, 50, 100, 122, 55, 60, 35)
1, (206, 126, 49, 77, 118, 48, 62, 42)
1, (219, 127, 47, 65, 107, 54, 78, 46)
1, (217, 123, 47, 61, 107, 57, 77, 45)
1, (225, 125, 50, 63, 113, 60, 83, 47)
1, (208, 101, 50, 54, 106, 58, 84, 45)
2, (202, 114, 50, 49, 92, 56, 85, 40)
2, (195, 117, 50, 63, 92, 54, 80, 43)
2, (234, 117, 48, 68, 95, 53, 78, 45)
2, (245, 103, 48, 75, 87, 45, 71, 43)
2, (248, 111, 78, 129, 115, 46, 73, 43)
2, (243, 101, 80, 132, 117, 48, 80, 42)
2, (258, 111, 81, 134, 127, 44, 81, 38)
2, (243, 105, 79, 137, 129, 45, 82, 39)
2, (231, 123, 85, 143, 133, 45, 77, 40)
2, (236, 117, 83, 109, 112, 43, 80, 40)
2, (229, 128, 89, 130, 108, 45, 76, 43)
2, (202, 114, 88, 125, 105, 47, 74, 42)
2, (179, 111, 88, 118, 91, 45, 74, 40)
2, (178, 91, 83, 105, 90, 46, 77, 39)
2, (214, 101, 67, 98, 105, 56, 73, 40)
2, (207, 96, 56, 65, 141, 57, 68, 38)
2, (195, 98, 56, 61, 135, 56, 59, 38)
2, (200, 104, 54, 64, 138, 56, 58, 37)
2, (200, 110, 66, 93, 136, 55, 51, 35)
2, (203, 115, 62, 96, 123, 49, 49, 38)
2, (198, 104, 66, 112, 84, 55, 60, 38)
2, (194, 106, 71, 124, 91, 53, 59, 42)
2, (201, 101, 79, 130, 89, 67, 78, 52)
2, (233, 113, 77, 112, 87, 69, 81, 69)
2, (268, 104, 176, 124, 92, 52, 93, 75)
2, (201, 98, 90, 121, 92, 66, 88, 71)
2, (302, 105, 183, 122, 85, 47, 94, 79)
2, (205, 104, 107, 128, 102, 57, 84, 72)
2, (308, 112, 176, 108, 86, 50, 99, 76)
2, (219, 124, 107, 127, 102, 58, 87, 69)
2, (267, 97, 175, 111, 85, 45, 94, 95)
2, (252, 143, 108, 131, 107, 39, 69, 65)
2, (262, 102, 179, 108, 101, 48, 97, 99)
2, (231, 133, 104, 134, 109, 35, 70, 51)
2, (282, 98, 192, 111, 89, 49, 105, 100)
2, (245, 129, 97, 124, 111, 39, 64, 49)
2, (316, 106, 180, 126, 96, 48, 103, 105)
2, (248, 135, 77, 102, 97, 42, 74, 49)
2, (322, 104, 164, 117, 125, 55, 89, 110)
2, (236, 117, 89, 90, 95, 41, 67, 57)
2, (293, 135, 184, 121, 127, 56, 83, 87)
2, (206, 98, 88, 96, 101, 48, 78, 59)
2, (319, 129, 173, 129, 118, 62, 94, 84)
2, (193, 89, 93, 104, 100, 49, 76, 57)
2, (307, 144, 154, 123, 115, 61, 87, 102)
2, (166, 96, 91, 106, 99, 45, 72, 57)
2, (227, 136, 155, 129, 113, 63, 93, 111)
2, (160, 102, 92, 104, 105, 43, 60, 55)
2, (215, 133, 159, 125, 77, 59, 95, 102)
2, (190, 104, 92, 125, 129, 44, 61, 46)
2, (262, 99, 170, 121, 78, 59, 99, 104)
2, (198, 98, 91, 110, 116, 40, 45, 53)
2, (282, 107, 167, 112, 90, 56, 91, 104)
2, (216, 108, 96, 117, 141, 42, 52, 66)
2, (277, 106, 174, 113, 97, 57, 100, 92)
2, (246, 107, 93, 119, 151, 49, 54, 70)
2, (269, 115, 187, 95, 89, 53, 89, 70)
2, (249, 93, 90, 118, 158, 52, 61, 73)
2, (268, 125, 218, 101, 91, 49, 87, 76)
2, (242, 102, 80, 111, 140, 51, 62, 77)
2, (234, 129, 201, 118, 93, 49, 88, 77)
2, (227, 108, 74, 115, 162, 52, 59, 67)
2, (183, 134, 211, 123, 83, 53, 96, 80)
2, (213, 108, 69, 101, 147, 56, 63, 77)
2, (217, 129, 206, 121, 80, 51, 94, 109)
2, (170, 113, 79, 92, 138, 51, 69, 77)
2, (249, 141, 191, 143, 79, 53, 97, 105)
2, (184, 121, 88, 98, 128, 49, 66, 77)
2, (295, 133, 146, 156, 85, 54, 98, 104)
2, (186, 112, 90, 85, 140, 51, 63, 77)
2, (295, 131, 111, 151, 87, 51, 94, 105)
2, (173, 117, 93, 83, 121, 52, 73, 96)
2, (307, 125, 92, 156, 89, 43, 85, 122)
2, (174, 111, 90, 89, 113, 49, 76, 82)
2, (314, 129, 83, 150, 85, 43, 86, 89)
2, (215, 106, 85, 110, 107, 58, 85, 77)
2, (292, 112, 83, 128, 114, 42, 83, 89)
2, (211, 90, 93, 119, 122, 68, 109, 76)
2, (269, 113, 95, 113, 112, 43, 81, 92)
2, (218, 99, 90, 137, 128, 69, 110, 79)
2, (270, 119, 130, 117, 109, 47, 88, 112)
2, (230, 117, 87, 140, 127, 66, 105, 54)
2, (268, 117, 123, 112, 104, 49, 82, 86)
2, (264, 132, 83, 146, 131, 65, 115, 79)
2, (249, 99, 128, 117, 124, 45, 62, 87)
2, (247, 132, 85, 148, 130, 60, 112, 83)
2, (263, 98, 129, 116, 102, 48, 73, 89)
2, (244, 134, 68, 141, 123, 46, 86, 82)
2, (251, 110, 138, 111, 106, 60, 78, 84)
2, (281, 141, 72, 134, 100, 44, 88, 77)
2, (280, 110, 118, 103, 115, 63, 70, 97)
2, (290, 120, 80, 136, 98, 54, 95, 79)
2, (278, 108, 125, 100, 119, 68, 78, 99)
2, (290, 112, 101, 131, 104, 57, 75, 97)
2, (298, 125, 120, 114, 111, 67, 68, 97)
2, (308, 126, 125, 115, 106, 71, 81, 99)
3, (247, 98, 168, 116, 120, 69, 107, 114)
3, (250, 108, 147, 108, 94, 56, 99, 115)
3, (257, 112, 151, 103, 96, 50, 108, 110)
3, (238, 108, 180, 115, 103, 58, 118, 104)
3, (228, 110, 156, 115, 99, 72, 138, 116)
3, (249, 121, 156, 116, 90, 71, 132, 116)
3, (329, 132, 158, 124, 100, 76, 140, 116)
3, (306, 127, 160, 131, 105, 75, 133, 115)
3, (297, 139, 155, 129, 101, 81, 154, 134)
3, (284, 154, 182, 143, 116, 76, 142, 105)
3, (319, 151, 191, 160, 150, 88, 147, 109)
3, (228, 135, 188, 157, 164, 88, 141, 117)
3, (228, 145, 182, 156, 158, 84, 138, 121)
3, (261, 162, 158, 159, 172, 75, 105, 101)
3, (265, 151, 139, 134, 163, 72, 84, 99)
3, (283, 142, 131, 104, 134, 56, 84, 102)
3, (288, 142, 144, 100, 109, 57, 100, 112)
3, (302, 147, 140, 105, 111, 58, 95, 140)
3, (289, 116, 135, 93, 93, 58, 92, 139)
3, (307, 105, 141, 96, 104, 53, 97, 138)
3, (235, 108, 134, 123, 115, 57, 95, 130)
3, (255, 109, 143, 132, 131, 49, 79, 122)
3, (248, 106, 148, 120, 126, 46, 80, 87)
3, (271, 111, 163, 133, 130, 48, 77, 88)
3, (292, 121, 158, 136, 125, 49, 77, 87)
3, (294, 115, 155, 125, 121, 48, 71, 105)
3, (273, 116, 164, 128, 113, 51, 65, 94)
3, (283, 110, 160, 127, 129, 55, 78, 90)
3, (271, 130, 157, 112, 127, 51, 78, 96)
3, (214, 119, 192, 115, 126, 48, 80, 97)
3, (219, 130, 198, 112, 142, 56, 83, 96)
3, (222, 134, 173, 102, 149, 65, 89, 98)
3, (308, 147, 178, 101, 134, 65, 83, 98)
3, (296, 129, 170, 112, 133, 64, 82, 93)
3, (298, 147, 141, 120, 137, 62, 81, 94)
3, (322, 142, 137, 118, 111, 53, 98, 91)
3, (332, 138, 132, 117, 89, 41, 100, 93)
3, (243, 120, 128, 121, 93, 38, 102, 95)
3, (239, 123, 156, 143, 96, 38, 106, 97)
3, (299, 123, 147, 134, 92, 39, 101, 118)
3, (266, 136, 154, 134, 105, 45, 86, 111)
3, (338, 152, 173, 134, 126, 43, 85, 110)
3, (345, 152, 176, 137, 127, 45, 81, 107)
3, (345, 149, 162, 107, 122, 46, 77, 104)
3, (373, 159, 154, 97, 123, 50, 81, 100)
3, (409, 179, 147, 127, 148, 53, 76, 97)
3, (367, 182, 133, 144, 143, 54, 73, 102)
3, (360, 182, 151, 148, 143, 55, 73, 102)
3, (375, 197, 140, 148, 157, 69, 90, 102)
3, (309, 176, 147, 152, 156, 72, 91, 84)
3, (267, 141, 172, 146, 122, 65, 98, 85)
3, (303, 130, 184, 128, 108, 68, 104, 81)
3, (296, 126, 172, 120, 104, 64, 103, 80)
4, (282, 131, 145, 148, 114, 43, 104, 129)
4, (298, 125, 145, 112, 104, 42, 101, 116)
4, (294, 115, 128, 112, 102, 47, 100, 117)
4, (284, 143, 121, 99, 114, 54, 101, 126)
4, (251, 133, 126, 85, 107, 63, 120, 125)
4, (251, 137, 139, 93, 96, 67, 116, 119)
4, (226, 136, 141, 121, 128, 69, 121, 117)
4, (215, 136, 135, 146, 146, 69, 127, 119)
4, (232, 102, 126, 158, 143, 77, 128, 124)
4, (268, 98, 117, 165, 139, 70, 106, 89)
4, (268, 93, 95, 159, 137, 63, 111, 95)
4, (275, 99, 115, 138, 109, 63, 123, 99)
4, (269, 94, 143, 117, 112, 71, 122, 93)
4, (267, 96, 155, 110, 110, 68, 115, 83)
4, (228, 96, 155, 98, 107, 66, 112, 93)
4, (256, 98, 180, 112, 110, 68, 117, 115)
5, (188, 107, 192, 133, 146, 88, 111, 137)
5, (220, 106, 178, 129, 144, 88, 108, 139)
5, (217, 92, 172, 124, 137, 76, 93, 150)
5, (238, 105, 150, 105, 126, 67, 98, 144)
5, (217, 111, 142, 106, 117, 63, 106, 122)
5, (222, 103, 147, 98, 114, 51, 98, 121)
5, (260, 105, 143, 87, 107, 51, 109, 111)
5, (269, 108, 151, 109, 122, 62, 109, 87)
5, (259, 109, 116, 110, 113, 62, 101, 85)
5, (274, 99, 114, 116, 122, 65, 94, 86)
5, (269, 103, 114, 130, 124, 65, 99, 99)
5, (236, 97, 109, 139, 126, 67, 90, 100)
5, (230, 102, 115, 123, 107, 59, 97, 112)
5, (232, 92, 129, 124, 116, 59, 105, 110)
5, (232, 90, 141, 121, 113, 66, 119, 119)
5, (249, 93, 153, 114, 111, 68, 115, 107)
5, (261, 113, 167, 118, 116, 68, 122, 112)
5, (262, 122, 174, 120, 114, 70, 115, 108)
5, (258, 128, 183, 116, 101, 68, 108, 124)
5, (246, 133, 186, 122, 111, 73, 123, 117)
5, (252, 132, 186, 119, 100, 75, 134, 114)
5, (213, 115, 184, 106, 93, 71, 124, 108)
5, (214, 110, 166, 139, 103, 68, 124, 115)
5, (235, 114, 170, 141, 104, 67, 125, 100)
5, (243, 112, 166, 136, 85, 46, 99, 94)
5, (285, 127, 160, 141, 103, 43, 96, 126)
