0, (153, 287, 213, 186, 77, 46, 72, 55)
0, (153, 289, 207, 184, 78, 43, 77, 63)
0, (247, 275, 199, 161, 91, 46, 93, 80)
0, (247, 286, 224, 153, 87, 46, 93, 91)
0, (260, 371, 219, 128, 85, 44, 92, 92)
0, (273, 386, 233, 220, 85, 47, 95, 96)
0, (274, 360, 264, 235, 86, 50, 89, 93)
0, (208, 371, 262, 237, 65, 53, 74, 118)
0, (204, 397, 252, 239, 71, 50, 79, 129)
0, (187, 326, 233, 242, 73, 54, 81, 129)
0, (161, 372, 247, 229, 81, 53, 61, 126)
0, (177, 376, 218, 226, 80, 50, 67, 122)
0, (163, 448, 221, 226, 85, 48, 68, 124)
0, (147, 445, 211, 229, 90, 48, 67, 111)
0, (148, 448, 195, 230, 96, 49, 72, 109)
0, (147, 408, 140, 126, 89, 45, 73, 109)
0, (167, 407, 123, 98, 87, 48, 74, 109)
0, (188, 332, 116, 91, 86, 58, 100, 72)
0, (202, 286, 112, 77, 76, 59, 100, 65)
0, (203, 268, 113, 71, 74, 60, 104, 67)
0, (217, 285, 106, 70, 75, 65, 103, 65)
0, (194, 371, 115, 69, 73, 65, 100, 65)
0, (168, 400, 108, 62, 73, 58, 82, 62)
0, (168, 406, 117, 60, 85, 63, 83, 60)
0, (199, 447, 113, 66, 77, 58, 72, 59)
0, (218, 482, 112, 62, 71, 53, 78, 61)
0, (239, 423, 110, 62, 75, 53, 83, 66)
0, (262, 377, 111, 69, 72, 61, 81, 62)
0, (272, 408, 113, 77, 62, 60, 87, 66)
0, (265, 391, 110, 63, 60, 60, 86, 66)
0, (253, 318, 116, 66, 64, 58, 83, 81)
0, (251, 290, 114, 67, 68, 58, 75, 84)
0, (226, 346, 112, 76, 89, 54, 64, 79)
0, (248, 431, 114, 75, 96, 60, 66, 83)
0, (242, 419, 117, 78, 104, 64, 85, 84)
0, (258, 446, 120, 75, 104, 67, 94, 71)
0, (238, 472, 121, 75, 98, 68, 101, 65)
0, (244, 453, 120, 63, 80, 60, 110, 64)
0, (203, 345, 116, 54, 68, 50, 103, 53)
0, (195, 376, 127, 55, 59, 49, 91, 49)
0, (209, 489, 108, 65, 67, 59, 87, 84)
0, (209, 422, 104, 63, 66, 53, 91, 67)
1, (165, 431, 120, 57, 54, 50, 90, 71)
1, (193, 404, 117, 58, 56, 52, 93, 72)
1, (195, 432, 123, 53, 51, 53, 81, 77)
1, (195, 438, 112, 53, 58, 58, 84, 82)
1, (209, 453, 105, 66, 65, 51, 84, 81)
1, (204, 403, 87, 63, 69, 59, 93, 85)
1, (206, 437, 93, 79, 71, 55, 95, 84)
1, (206, 330, 81, 82, 65, 53, 94, 82)
1, (206, 367, 84, 82, 75, 55, 115, 94)
1, (185, 333, 96, 87, 89, 55, 118, 86)
1, (191, 366, 124, 92, 93, 46, 115, 85)
1, (222, 325, 138, 101, 91, 47, 125, 90)
1, (239, 314, 152, 118, 95, 47, 129, 94)
1, (266, 262, 169, 134, 90, 46, 111, 128)
1, (259, 290, 166, 147, 83, 51, 118, 130)
1, (291, 301, 154, 149, 83, 55, 139, 129)
1, (317, 400, 152, 141, 83, 54, 127, 124)
1, (302, 421, 141, 125, 80, 52, 133, 130)
1, (273, 473, 130, 116, 82, 53, 131, 84)
1, (315, 486, 134, 92, 77, 44, 127, 74)
1, (289, 505, 149, 88, 75, 39, 106, 80)
1, (234, 493, 147, 100, 72, 40, 104, 81)
1, (232, 523, 149, 101, 70, 40, 87, 72)
1, (248, 475, 138, 91, 81, 40, 82, 94)
2, (198, 461, 131, 105, 80, 47, 81, 100)
2, (188, 467, 116, 106, 74, 46, 74, 94)
2, (232, 409, 126, 98, 73, 46, 83, 94)
2, (264, 365, 134, 97, 86, 46, 81, 102)
2, (264, 373, 146, 113, 73, 46, 82, 114)
2, (265, 398, 152, 109, 79, 43, 83, 126)
2, (269, 368, 153, 117, 79, 44, 88, 129)
2, (256, 395, 142, 111, 87, 51, 91, 130)
2, (223, 396, 127, 104, 74, 50, 93, 121)
2, (213, 398, 116, 94, 78, 54, 96, 109)
2, (239, 358, 113, 86, 79, 53, 97, 93)
2, (245, 356, 110, 105, 92, 66, 106, 94)
2, (232, 352, 103, 109, 87, 62, 95, 93)
2, (265, 342, 127, 117, 93, 62, 94, 97)
2, (271, 346, 144, 118, 96, 62, 114, 126)
2, (245, 406, 155, 127, 98, 61, 112, 126)
2, (239, 376, 147, 111, 92, 49, 98, 122)
2, (234, 357, 156, 111, 90, 46, 101, 122)
2, (182, 371, 138, 104, 85, 47, 107, 124)
2, (179, 394, 134, 116, 85, 54, 99, 89)
2, (223, 362, 143, 137, 79, 55, 95, 96)
2, (233, 371, 163, 130, 73, 53, 94, 95)
2, (233, 352, 158, 131, 70, 56, 103, 95)
2, (256, 387, 199, 191, 77, 54, 97, 127)
2, (243, 373, 195, 187, 72, 45, 80, 127)
2, (253, 336, 193, 184, 76, 55, 81, 118)
2, (239, 325, 184, 184, 75, 55, 81, 122)
2, (237, 364, 186, 186, 83, 50, 63, 120)
2, (239, 385, 149, 127, 88, 68, 84, 86)
2, (283, 363, 155, 145, 91, 69, 83, 86)
2, (249, 383, 141, 129, 86, 65, 76, 95)
2, (258, 398, 135, 145, 96, 69, 82, 91)
2, (276, 398, 137, 143, 97, 76, 88, 89)
2, (275, 370, 130, 141, 85, 61, 77, 100)
2, (238, 377, 112, 139, 82, 60, 74, 91)
2, (236, 377, 103, 129, 78, 53, 73, 90)
2, (222, 392, 114, 124, 71, 50, 72, 91)
2, (203, 348, 102, 126, 73, 50, 80, 94)
2, (195, 354, 113, 130, 72, 50, 85, 92)
2, (200, 373, 130, 118, 67, 48, 83, 89)
2, (198, 375, 140, 129, 72, 52, 88, 84)
2, (201, 340, 140, 132, 81, 69, 107, 90)
2, (254, 353, 146, 147, 75, 65, 107, 107)
2, (246, 317, 144, 173, 90, 65, 96, 98)
2, (239, 297, 138, 168, 94, 65, 97, 108)
2, (244, 292, 146, 166, 95, 64, 93, 108)
2, (247, 286, 176, 165, 85, 45, 66, 103)
2, (251, 324, 182, 156, 110, 62, 92, 85)
2, (252, 306, 187, 131, 104, 62, 105, 97)
2, (248, 303, 199, 142, 100, 65, 111, 87)
3, (186, 329, 161, 135, 72, 73, 125, 110)
3, (185, 331, 150, 126, 68, 68, 114, 106)
3, (194, 406, 138, 164, 81, 61, 113, 91)
3, (196, 382, 137, 168, 76, 61, 110, 94)
3, (211, 400, 167, 172, 77, 65, 114, 96)
3, (204, 401, 174, 175, 90, 52, 81, 96)
3, (216, 427, 187, 177, 99, 53, 84, 98)
3, (213, 319, 182, 134, 102, 68, 98, 106)
3, (214, 297, 186, 121, 99, 72, 109, 123)
3, (225, 280, 170, 151, 105, 71, 99, 123)
3, (231, 331, 177, 172, 109, 72, 96, 120)
3, (224, 291, 170, 182, 99, 65, 86, 120)
3, (233, 298, 213, 183, 87, 58, 79, 113)
3, (248, 313, 226, 183, 92, 60, 86, 99)
3, (298, 309, 201, 145, 112, 63, 119, 96)
3, (224, 346, 226, 158, 87, 60, 87, 93)
3, (299, 354, 192, 142, 114, 63, 119, 97)
3, (271, 313, 226, 136, 89, 57, 98, 97)
3, (259, 313, 204, 136, 94, 52, 108, 106)
3, (268, 314, 235, 132, 90, 60, 102, 98)
4, (194, 339, 191, 114, 72, 58, 114, 100)
4, (214, 320, 196, 120, 76, 54, 109, 114)
4, (205, 292, 203, 124, 80, 53, 111, 117)
4, (210, 283, 219, 113, 83, 64, 125, 133)
4, (185, 316, 170, 110, 75, 53, 104, 146)
4, (185, 309, 159, 107, 68, 51, 104, 142)
4, (183, 314, 162, 114, 64, 51, 103, 126)
4, (172, 339, 171, 104, 62, 53, 102, 126)
4, (165, 349, 169, 125, 68, 43, 83, 126)
4, (170, 422, 166, 146, 82, 48, 78, 94)
4, (171, 390, 180, 163, 78, 52, 76, 103)
4, (177, 386, 184, 163, 79, 50, 69, 110)
4, (183, 373, 176, 173, 82, 62, 91, 110)
4, (182, 382, 172, 168, 78, 67, 90, 111)
4, (178, 307, 173, 154, 77, 64, 90, 115)
4, (182, 316, 171, 139, 76, 60, 93, 112)
5, (190, 304, 143, 160, 80, 51, 73, 76)
5, (194, 336, 156, 156, 78, 50, 75, 94)
5, (193, 416, 203, 157, 77, 51, 76, 95)
5, (215, 392, 213, 136, 78, 46, 76, 90)
5, (217, 391, 221, 121, 71, 47, 73, 91)
5, (299, 388, 220, 134, 62, 54, 99, 91)
5, (309, 418, 234, 140, 71, 59, 103, 90)
5, (307, 344, 216, 175, 85, 59, 103, 106)
5, (285, 378, 206, 206, 89, 60, 98, 107)
5, (276, 373, 196, 195, 91, 60, 107, 104)
5, (166, 403, 201, 187, 91, 58, 98, 113)
5, (143, 342, 183, 183, 85, 57, 92, 102)
5, (163, 372, 168, 147, 70, 56, 98, 86)
5, (186, 352, 159, 93, 58, 48, 96, 95)
5, (229, 364, 157, 93, 62, 41, 85, 101)
5, (238, 327, 197, 108, 70, 42, 104, 100)
5, (241, 329, 203, 117, 71, 39, 107, 115)
5, (243, 296, 194, 132, 77, 42, 109, 118)
5, (235, 270, 187, 132, 84, 44, 109, 112)
5, (208, 262, 186, 133, 85, 60, 136, 114)
5, (188, 258, 123, 120, 77, 56, 107, 120)
5, (190, 257, 130, 128, 78, 59, 107, 108)
5, (183, 306, 132, 115, 73, 62, 107, 112)
5, (192, 304, 133, 122, 78, 63, 110, 114)
5, (204, 316, 141, 119, 75, 50, 79, 138)
5, (205, 343, 139, 115, 76, 49, 79, 123)
5, (215, 334, 122, 146, 81, 51, 99, 121)
5, (221, 411, 134, 148, 89, 45, 98, 120)
5, (212, 421, 138, 145, 82, 46, 94, 133)
5, (213, 391, 145, 149, 75, 48, 93, 104)
5, (211, 361, 156, 147, 84, 54, 95, 99)
5, (209, 411, 184, 105, 77, 51, 79, 102)
5, (236, 314, 191, 109, 67, 54, 86, 106)
5, (245, 319, 197, 123, 67, 55, 90, 105)
5, (216, 320, 185, 126, 83, 56, 90, 103)
5, (270, 345, 182, 135, 82, 55, 86, 109)
5, (263, 316, 217, 144, 90, 59, 85, 106)
5, (244, 297, 231, 158, 91, 56, 71, 101)
5, (242, 363, 235, 152, 90, 55, 72, 81)
5, (251, 376, 234, 169, 98, 54, 73, 100)
5, (247, 416, 229, 160, 95, 54, 78, 97)
5, (267, 402, 175, 147, 93, 54, 79, 97)
5, (256, 411, 184, 131, 91, 53, 78, 100)
5, (242, 355, 164, 127, 93, 54, 76, 111)
5, (243, 380, 169, 93, 75, 52, 71, 100)
5, (205, 322, 196, 103, 78, 59, 90, 103)
5, (179, 326, 183, 104, 77, 55, 87, 103)
5, (174, 327, 138, 115, 87, 57, 89, 96)
5, (186, 349, 151, 114, 85, 60, 108, 103)
5, (208, 323, 153, 126, 84, 63, 113, 96)
5, (228, 310, 132, 117, 77, 52, 95, 88)
5, (235, 303, 138, 123, 75, 50, 94, 92)
5, (238, 298, 157, 106, 80, 55, 97, 105)
5, (231, 295, 159, 106, 83, 53, 73, 92)
5, (197, 288, 172, 98, 80, 48, 69, 90)
5, (203, 330, 169, 109, 86, 52, 72, 94)
5, (240, 334, 175, 111, 98, 56, 74, 111)
5, (236, 361, 158, 118, 91, 56, 81, 98)
5, (239, 312, 173, 129, 88, 54, 80, 91)
5, (251, 328, 156, 124, 92, 55, 81, 96)
5, (226, 367, 167, 122, 99, 56, 85, 104)
5, (172, 402, 178, 126, 84, 55, 88, 90)
5, (178, 371, 185, 136, 90, 49, 77, 95)
5, (236, 394, 196, 125, 94, 54, 79, 104)
5, (221, 430, 215, 130, 97, 53, 77, 129)
5, (204, 434, 210, 133, 86, 57, 100, 130)
5, (209, 406, 194, 127, 92, 62, 100, 128)
5, (205, 430, 187, 118, 97, 71, 103, 128)
5, (145, 416, 162, 135, 92, 67, 114, 140)
5, (166, 376, 137, 139, 88, 69, 117, 125)
5, (176, 344, 124, 142, 89, 64, 97, 117)
5, (173, 344, 139, 143, 89, 60, 91, 112)
5, (182, 306, 142, 157, 81, 50, 97, 110)
5, (210, 333, 147, 140, 77, 47, 91, 120)
5, (221, 370, 147, 132, 78, 50, 91, 105)
5, (211, 340, 160, 123, 81, 61, 96, 102)
5, (206, 353, 148, 118, 75, 66, 127, 105)
5, (207, 359, 142, 93, 69, 66, 119, 122)
5, (188, 343, 141, 107, 67, 67, 113, 91)
5, (184, 302, 141, 117, 67, 66, 114, 91)
5, (204, 334, 128, 129, 63, 55, 118, 103)
5, (211, 318, 195, 156, 76, 47, 80, 108)
5, (200, 330, 195, 150, 74, 51, 93, 100)
5, (203, 345, 186, 143, 75, 53, 94, 96)
5, (185, 349, 189, 145, 69, 46, 91, 99)
5, (190, 308, 236, 142, 72, 58, 109, 103)
