0, (227, 218, 206, 216, 74, 83, 275, 228)
0, (234, 243, 209, 163, 70, 94, 299, 143)
0, (220, 229, 166, 166, 69, 90, 247, 148)
0, (195, 256, 178, 167, 71, 94, 263, 178)
0, (253, 251, 158, 163, 72, 97, 278, 176)
0, (254, 278, 157, 165, 73, 103, 290, 176)
0, (245, 271, 159, 167, 71, 98, 266, 172)
0, (258, 294, 159, 169, 68, 96, 265, 172)
0, (272, 276, 145, 163, 81, 87, 235, 132)
0, (229, 265, 214, 156, 84, 90, 279, 146)
0, (205, 226, 213, 153, 76, 92, 261, 139)
0, (203, 219, 218, 161, 78, 88, 257, 134)
0, (174, 228, 257, 178, 77, 124, 335, 130)
0, (142, 266, 258, 186, 58, 124, 343, 125)
0, (115, 260, 204, 148, 54, 126, 303, 124)
0, (113, 255, 203, 146, 51, 120, 291, 121)
0, (132, 266, 192, 135, 48, 120, 294, 122)
0, (145, 291, 143, 111, 47, 84, 189, 98)
0, (143, 270, 123, 91, 66, 82, 155, 89)
0, (143, 276, 115, 105, 84, 69, 134, 49)
0, (143, 306, 124, 113, 89, 67, 132, 51)
0, (125, 349, 125, 113, 93, 76, 145, 49)
0, (108, 294, 100, 91, 92, 71, 138, 55)
0, (112, 276, 101, 90, 89, 65, 133, 58)
0, (132, 293, 106, 76, 82, 67, 116, 57)
0, (145, 344, 114, 81, 81, 69, 120, 68)
0, (143, 307, 112, 89, 84, 60, 95, 72)
0, (146, 329, 115, 89, 87, 70, 107, 73)
0, (139, 329, 117, 90, 78, 70, 110, 74)
0, (120, 345, 114, 92, 83, 72, 113, 77)
0, (113, 290, 99, 99, 93, 68, 125, 70)
0, (139, 307, 93, 92, 92, 82, 152, 72)
0, (136, 293, 91, 92, 96, 76, 146, 67)
0, (144, 328, 88, 93, 101, 74, 144, 63)
0, (139, 314, 90, 96, 90, 69, 147, 58)
0, (140, 306, 89, 80, 99, 92, 152, 86)
0, (121, 265, 85, 78, 103, 79, 118, 82)
0, (119, 266, 84, 72, 101, 79, 132, 83)
0, (120, 318, 82, 70, 100, 81, 148, 90)
1, (133, 307, 76, 69, 110, 93, 155, 100)
1, (146, 301, 72, 71, 95, 75, 147, 77)
1, (150, 337, 75, 72, 88, 76, 155, 76)
1, (153, 351, 81, 73, 89, 77, 149, 73)
1, (145, 270, 81, 77, 86, 77, 140, 66)
1, (133, 256, 80, 69, 75, 62, 127, 52)
1, (107, 268, 80, 63, 75, 62, 136, 50)
1, (150, 260, 88, 62, 76, 61, 131, 54)
1, (161, 255, 84, 62, 77, 58, 124, 62)
1, (177, 255, 79, 74, 84, 53, 127, 63)
1, (187, 279, 76, 77, 79, 51, 130, 62)
1, (188, 283, 81, 74, 72, 55, 130, 71)
1, (151, 257, 69, 70, 76, 49, 134, 68)
1, (144, 246, 67, 73, 76, 49, 151, 63)
1, (139, 260, 73, 53, 75, 51, 152, 70)
1, (129, 240, 73, 52, 73, 52, 153, 69)
1, (143, 237, 71, 53, 77, 50, 193, 71)
1, (144, 269, 66, 65, 72, 53, 207, 79)
1, (129, 265, 65, 63, 66, 54, 197, 76)
1, (113, 261, 68, 69, 59, 53, 199, 69)
1, (145, 279, 73, 67, 61, 68, 221, 74)
1, (148, 296, 92, 70, 79, 72, 190, 64)
1, (152, 310, 94, 64, 80, 72, 186, 52)
1, (160, 314, 98, 80, 84, 77, 187, 57)
1, (169, 317, 94, 74, 84, 79, 182, 56)
1, (147, 296, 93, 77, 87, 84, 167, 50)
1, (127, 267, 69, 73, 68, 76, 169, 56)
1, (129, 228, 74, 76, 71, 82, 171, 64)
1, (126, 222, 69, 58, 62, 77, 171, 68)
1, (112, 215, 65, 72, 62, 78, 170, 68)
1, (114, 252, 74, 74, 54, 63, 155, 77)
1, (133, 252, 96, 78, 67, 70, 147, 74)
1, (135, 235, 94, 72, 62, 60, 123, 75)
1, (129, 306, 95, 77, 69, 63, 123, 75)
1, (127, 311, 102, 66, 64, 59, 116, 75)
1, (133, 307, 98, 62, 64, 57, 139, 69)
1, (160, 322, 89, 56, 63, 59, 151, 77)
1, (155, 343, 90, 64, 80, 72, 154, 73)
1, (163, 293, 83, 55, 81, 78, 165, 74)
1, (175, 288, 80, 53, 83, 78, 166, 72)
1, (166, 307, 83, 54, 86, 83, 165, 68)
1, (145, 315, 84, 53, 81, 80, 170, 56)
1, (152, 305, 85, 48, 80, 77, 198, 61)
1, (161, 387, 111, 67, 84, 71, 189, 64)
1, (159, 397, 114, 83, 86, 75, 201, 70)
1, (165, 395, 113, 81, 87, 70, 192, 77)
1, (167, 417, 111, 83, 84, 67, 180, 85)
1, (161, 425, 108, 83, 71, 55, 140, 78)
1, (156, 372, 94, 71, 64, 64, 189, 75)
1, (160, 380, 98, 54, 65, 57, 198, 71)
1, (159, 360, 89, 56, 72, 54, 190, 67)
1, (145, 340, 88, 52, 76, 56, 183, 57)
1, (136, 310, 93, 56, 72, 59, 190, 55)
2, (124, 295, 94, 59, 74, 58, 147, 69)
2, (119, 362, 86, 55, 72, 62, 115, 73)
2, (123, 368, 96, 55, 70, 62, 124, 80)
2, (120, 358, 92, 60, 72, 70, 137, 80)
2, (124, 374, 86, 56, 73, 82, 176, 105)
2, (135, 369, 76, 51, 69, 74, 193, 127)
2, (129, 280, 82, 56, 71, 94, 234, 126)
2, (122, 270, 96, 98, 72, 101, 254, 124)
2, (131, 254, 120, 165, 71, 102, 281, 129)
2, (146, 243, 129, 174, 67, 100, 276, 184)
2, (132, 244, 134, 177, 81, 104, 268, 171)
2, (137, 302, 150, 183, 89, 90, 236, 175)
2, (149, 349, 169, 174, 89, 91, 237, 176)
2, (156, 355, 156, 142, 89, 101, 230, 204)
2, (147, 361, 157, 143, 100, 104, 218, 171)
2, (155, 359, 156, 158, 98, 103, 225, 175)
2, (177, 375, 147, 155, 97, 105, 238, 177)
2, (166, 319, 110, 144, 92, 100, 232, 180)
2, (160, 309, 122, 122, 93, 83, 235, 175)
2, (164, 300, 120, 154, 85, 78, 236, 152)
2, (172, 297, 122, 153, 77, 74, 230, 151)
2, (176, 257, 114, 155, 75, 64, 238, 166)
2, (175, 271, 117, 158, 81, 85, 311, 170)
2, (169, 290, 113, 152, 76, 85, 310, 138)
2, (169, 286, 127, 108, 74, 81, 321, 147)
2, (176, 280, 155, 87, 72, 81, 318, 216)
2, (157, 232, 177, 85, 77, 83, 301, 236)
2, (159, 290, 178, 92, 73, 72, 250, 269)
2, (155, 286, 179, 99, 79, 80, 234, 271)
2, (157, 284, 166, 100, 80, 78, 220, 263)
2, (138, 269, 140, 103, 90, 79, 229, 236)
2, (149, 359, 135, 111, 91, 85, 231, 218)
2, (161, 331, 146, 104, 92, 86, 224, 190)
2, (188, 318, 240, 201, 71, 80, 256, 285)
2, (187, 332, 141, 96, 86, 77, 229, 193)
2, (183, 321, 234, 190, 70, 79, 264, 253)
2, (222, 337, 149, 126, 84, 91, 245, 279)
2, (180, 281, 223, 183, 66, 79, 217, 249)
2, (221, 358, 147, 123, 82, 91, 234, 263)
2, (187, 318, 159, 187, 76, 77, 215, 257)
2, (203, 278, 138, 141, 71, 85, 230, 261)
2, (182, 294, 144, 143, 72, 77, 197, 293)
2, (206, 261, 136, 145, 64, 78, 206, 262)
2, (153, 287, 181, 154, 68, 96, 225, 213)
2, (191, 324, 138, 149, 65, 85, 222, 270)
2, (162, 280, 281, 154, 67, 93, 209, 215)
2, (145, 352, 145, 140, 76, 77, 191, 246)
2, (156, 280, 284, 170, 70, 89, 208, 228)
2, (143, 350, 185, 193, 78, 79, 193, 253)
2, (162, 232, 281, 159, 65, 93, 237, 287)
2, (158, 367, 186, 173, 76, 77, 217, 246)
2, (150, 219, 282, 163, 61, 94, 245, 258)
2, (144, 370, 183, 171, 75, 100, 233, 235)
2, (147, 247, 272, 168, 70, 76, 240, 321)
2, (137, 312, 193, 182, 77, 97, 186, 240)
2, (145, 221, 220, 164, 72, 81, 232, 331)
2, (156, 309, 196, 177, 74, 93, 189, 228)
2, (151, 219, 225, 139, 70, 90, 239, 342)
2, (161, 296, 216, 146, 68, 93, 201, 214)
2, (152, 223, 229, 147, 71, 96, 234, 290)
2, (174, 304, 211, 160, 70, 93, 196, 211)
2, (169, 262, 250, 167, 77, 92, 225, 293)
2, (192, 290, 215, 158, 68, 80, 217, 229)
2, (175, 300, 253, 177, 83, 101, 216, 229)
2, (229, 291, 205, 156, 67, 76, 228, 222)
2, (180, 309, 220, 179, 86, 103, 228, 243)
2, (222, 253, 209, 159, 59, 77, 237, 198)
2, (180, 328, 218, 193, 90, 90, 223, 220)
2, (218, 245, 170, 148, 57, 75, 223, 201)
2, (180, 353, 225, 192, 90, 85, 218, 217)
2, (224, 248, 168, 129, 50, 86, 246, 209)
2, (174, 332, 217, 176, 84, 84, 211, 205)
2, (213, 250, 165, 140, 59, 79, 215, 193)
2, (178, 298, 234, 147, 80, 69, 189, 230)
2, (186, 258, 213, 129, 68, 79, 212, 217)
2, (173, 282, 227, 151, 79, 66, 191, 201)
2, (185, 272, 218, 131, 68, 73, 198, 203)
2, (195, 302, 219, 127, 69, 79, 224, 199)
3, (265, 260, 245, 167, 98, 97, 254, 221)
3, (272, 268, 220, 177, 101, 96, 244, 224)
3, (250, 235, 186, 180, 97, 93, 233, 226)
3, (221, 237, 187, 194, 102, 97, 231, 251)
3, (223, 280, 187, 199, 106, 105, 216, 245)
3, (244, 284, 139, 155, 94, 98, 193, 251)
3, (248, 280, 146, 146, 90, 94, 188, 254)
3, (258, 279, 157, 135, 86, 94, 199, 293)
3, (247, 271, 172, 126, 71, 88, 211, 277)
3, (231, 238, 171, 149, 67, 71, 230, 274)
3, (217, 208, 178, 170, 74, 74, 225, 270)
3, (230, 206, 169, 172, 78, 84, 261, 270)
3, (228, 226, 158, 176, 80, 101, 316, 294)
3, (237, 274, 138, 176, 77, 93, 308, 246)
3, (235, 274, 132, 143, 74, 86, 279, 240)
3, (225, 296, 132, 122, 76, 84, 286, 243)
3, (208, 299, 168, 113, 68, 102, 317, 292)
3, (178, 277, 160, 108, 64, 84, 265, 217)
3, (158, 216, 170, 102, 66, 85, 250, 217)
3, (154, 262, 180, 109, 65, 87, 255, 232)
3, (169, 316, 192, 107, 64, 98, 268, 233)
3, (187, 311, 169, 118, 68, 75, 206, 203)
3, (205, 312, 179, 114, 81, 77, 187, 254)
3, (212, 340, 183, 112, 81, 74, 194, 257)
3, (206, 363, 179, 126, 85, 78, 202, 253)
3, (210, 358, 169, 124, 87, 84, 226, 244)
3, (187, 359, 164, 134, 91, 87, 216, 255)
3, (175, 368, 161, 137, 83, 86, 217, 193)
3, (211, 396, 158, 142, 87, 107, 235, 220)
3, (224, 334, 155, 140, 86, 111, 259, 225)
3, (210, 298, 139, 152, 82, 96, 231, 236)
3, (207, 342, 151, 162, 81, 93, 236, 195)
3, (212, 365, 197, 163, 80, 94, 240, 199)
3, (175, 318, 213, 169, 78, 104, 318, 179)
3, (168, 336, 217, 160, 82, 109, 306, 193)
3, (174, 343, 220, 150, 86, 114, 304, 228)
3, (184, 314, 226, 131, 83, 111, 296, 224)
3, (174, 292, 196, 156, 80, 116, 302, 240)
3, (186, 286, 166, 157, 83, 89, 195, 246)
3, (205, 286, 161, 170, 75, 77, 180, 297)
3, (202, 307, 155, 173, 67, 73, 189, 265)
3, (188, 295, 166, 183, 65, 71, 187, 259)
3, (186, 306, 202, 159, 64, 61, 182, 258)
3, (175, 335, 208, 163, 62, 69, 200, 280)
3, (154, 357, 222, 165, 65, 76, 249, 210)
3, (140, 308, 278, 167, 64, 77, 237, 209)
3, (160, 334, 272, 198, 70, 80, 256, 221)
4, (278, 249, 165, 142, 79, 98, 268, 240)
4, (318, 281, 153, 140, 85, 99, 261, 247)
4, (372, 294, 145, 127, 83, 104, 244, 298)
4, (323, 295, 154, 108, 68, 109, 247, 271)
4, (316, 272, 186, 106, 73, 109, 254, 257)
4, (343, 306, 221, 123, 82, 110, 261, 271)
4, (340, 294, 218, 111, 88, 114, 273, 301)
4, (266, 280, 223, 113, 87, 99, 259, 226)
5, (252, 255, 179, 121, 78, 74, 223, 137)
5, (208, 297, 204, 140, 78, 71, 220, 144)
5, (188, 295, 196, 129, 76, 63, 184, 143)
5, (201, 308, 242, 139, 80, 77, 194, 142)
5, (200, 310, 242, 153, 72, 100, 218, 143)
5, (160, 291, 237, 138, 76, 109, 258, 126)
5, (168, 277, 232, 157, 84, 110, 251, 126)
5, (206, 304, 236, 162, 87, 111, 260, 215)
5, (207, 337, 187, 157, 89, 99, 260, 243)
5, (213, 345, 205, 175, 84, 76, 241, 251)
5, (219, 357, 193, 185, 81, 78, 259, 249)
5, (211, 311, 179, 158, 70, 76, 258, 251)
5, (177, 285, 183, 159, 58, 75, 255, 183)
5, (192, 183, 166, 155, 48, 83, 255, 213)
5, (188, 175, 131, 120, 48, 109, 314, 203)
5, (202, 171, 129, 119, 60, 99, 264, 200)
5, (218, 188, 134, 126, 66, 102, 259, 202)
5, (216, 238, 115, 121, 67, 100, 273, 271)
5, (222, 255, 116, 125, 73, 99, 299, 255)
5, (233, 257, 151, 134, 77, 80, 240, 266)
5, (220, 272, 159, 126, 68, 74, 229, 264)
5, (207, 350, 152, 140, 71, 78, 239, 275)
5, (213, 325, 162, 162, 79, 84, 256, 228)
5, (195, 333, 184, 168, 76, 81, 228, 228)
5, (189, 337, 168, 172, 72, 68, 211, 230)
5, (184, 329, 172, 189, 73, 75, 253, 237)
5, (178, 232, 172, 188, 70, 77, 261, 244)
5, (185, 282, 188, 167, 62, 83, 239, 238)
5, (217, 273, 173, 162, 62, 110, 287, 252)
5, (226, 276, 200, 149, 66, 136, 373, 278)
5, (253, 259, 191, 133, 76, 137, 357, 278)
5, (251, 272, 190, 152, 86, 138, 376, 270)
5, (259, 271, 192, 161, 85, 131, 379, 273)
5, (230, 248, 223, 169, 86, 114, 336, 239)
5, (216, 252, 187, 203, 85, 94, 312, 216)
5, (208, 261, 192, 222, 79, 91, 329, 225)
5, (247, 262, 191, 201, 63, 79, 301, 241)
5, (237, 236, 172, 201, 64, 87, 306, 232)
5, (243, 277, 143, 200, 67, 83, 316, 294)
5, (240, 254, 173, 174, 67, 76, 261, 280)
5, (217, 260, 182, 140, 80, 74, 226, 284)
5, (200, 281, 194, 154, 84, 79, 308, 285)
5, (197, 242, 187, 151, 86, 80, 333, 301)
5, (176, 202, 178, 142, 87, 83, 338, 247)
5, (168, 236, 155, 141, 86, 79, 328, 254)
5, (168, 303, 144, 151, 69, 86, 344, 245)
5, (150, 304, 151, 130, 64, 86, 279, 213)
5, (150, 329, 164, 129, 64, 81, 248, 196)
5, (158, 346, 201, 130, 55, 72, 234, 194)
5, (169, 333, 201, 122, 65, 75, 246, 235)
5, (214, 289, 223, 129, 66, 78, 308, 246)
5, (229, 270, 210, 140, 72, 81, 315, 252)
5, (229, 246, 205, 153, 70, 92, 327, 244)
5, (230, 242, 161, 154, 71, 96, 346, 242)
5, (228, 252, 185, 150, 65, 93, 337, 222)
5, (190, 243, 160, 135, 65, 86, 276, 214)
5, (202, 236, 159, 146, 67, 101, 305, 213)
5, (216, 249, 182, 151, 72, 94, 279, 226)
5, (231, 287, 195, 158, 74, 88, 259, 260)
5, (232, 290, 177, 168, 72, 88, 257, 250)
5, (241, 277, 180, 182, 73, 89, 240, 254)
5, (268, 305, 182, 171, 68, 78, 187, 258)
5, (258, 321, 168, 149, 72, 79, 189, 278)
5, (269, 277, 157, 144, 73, 83, 174, 244)
5, (275, 256, 177, 138, 76, 86, 171, 230)
5, (263, 250, 183, 132, 74, 82, 183, 216)
5, (239, 208, 187, 136, 76, 98, 243, 242)
5, (305, 219, 186, 156, 82, 94, 255, 240)
5, (285, 247, 186, 147, 79, 97, 258, 244)
