0, (224, 263, 137, 127, 81, 72, 140, 254)
0, (205, 235, 120, 129, 78, 68, 135, 247)
0, (194, 228, 112, 115, 58, 67, 140, 253)
0, (198, 265, 126, 137, 55, 67, 159, 257)
0, (179, 217, 118, 137, 76, 75, 162, 257)
0, (188, 212, 132, 136, 89, 66, 148, 327)
0, (160, 210, 142, 140, 89, 63, 142, 280)
0, (173, 242, 138, 143, 88, 65, 150, 286)
0, (189, 218, 152, 126, 89, 64, 120, 270)
0, (181, 225, 162, 131, 87, 55, 110, 264)
0, (179, 227, 161, 138, 73, 54, 100, 245)
0, (188, 235, 157, 142, 74, 60, 97, 294)
0, (237, 257, 157, 138, 76, 54, 92, 291)
0, (256, 236, 155, 149, 86, 55, 96, 292)
0, (263, 234, 139, 143, 73, 58, 98, 290)
0, (259, 230, 126, 144, 73, 54, 100, 227)
0, (252, 271, 120, 162, 75, 47, 97, 120)
0, (202, 220, 120, 161, 83, 56, 106, 93)
0, (149, 214, 86, 146, 79, 56, 102, 77)
0, (135, 226, 84, 138, 78, 51, 98, 69)
0, (132, 236, 94, 115, 77, 54, 97, 97)
0, (135, 190, 96, 70, 75, 57, 102, 99)
0, (138, 185, 118, 89, 73, 53, 74, 98)
0, (132, 183, 122, 86, 66, 49, 70, 98)
0, (138, 168, 128, 82, 62, 48, 67, 98)
0, (144, 181, 113, 81, 62, 46, 55, 62)
0, (144, 211, 118, 82, 64, 40, 46, 53)
0, (123, 228, 91, 53, 60, 37, 42, 42)
0, (121, 229, 88, 64, 58, 32, 46, 43)
0, (113, 225, 80, 66, 59, 33, 50, 42)
0, (119, 204, 82, 69, 65, 32, 59, 40)
0, (117, 199, 94, 70, 82, 39, 56, 39)
0, (119, 193, 106, 73, 92, 38, 60, 40)
0, (122, 201, 105, 59, 93, 44, 57, 38)
0, (133, 197, 103, 64, 95, 43, 53, 38)
0, (126, 192, 101, 71, 94, 45, 48, 36)
0, (123, 163, 93, 69, 84, 43, 46, 36)
0, (129, 206, 89, 67, 77, 43, 40, 38)
0, (132, 191, 85, 74, 81, 42, 41, 38)
0, (123, 196, 84, 68, 82, 45, 41, 37)
0, (108, 198, 86, 56, 79, 44, 42, 39)
0, (114, 245, 90, 57, 76, 45, 46, 40)
0, (107, 202, 79, 60, 67, 43, 51, 39)
0, (107, 216, 86, 60, 62, 40, 52, 41)
0, (156, 230, 108, 63, 63, 45, 61, 52)
0, (160, 233, 117, 64, 73, 50, 63, 50)
0, (154, 210, 107, 64, 73, 51, 62, 52)
0, (178, 213, 110, 59, 74, 50, 59, 51)
1, (185, 214, 106, 52, 71, 51, 64, 52)
1, (149, 207, 95, 54, 74, 47, 70, 44)
1, (155, 254, 82, 63, 79, 50, 68, 44)
1, (164, 229, 77, 65, 81, 47, 67, 38)
1, (157, 225, 75, 64, 82, 48, 74, 45)
1, (157, 212, 74, 65, 82, 49, 75, 42)
1, (152, 198, 60, 62, 82, 50, 67, 38)
1, (146, 197, 63, 56, 69, 39, 65, 37)
1, (130, 185, 64, 54, 61, 47, 69, 42)
1, (129, 193, 79, 58, 69, 50, 61, 38)
1, (118, 194, 77, 56, 68, 52, 56, 40)
1, (118, 203, 77, 58, 67, 48, 49, 46)
1, (127, 203, 78, 62, 67, 50, 50, 49)
1, (135, 204, 77, 57, 76, 44, 46, 46)
1, (116, 203, 66, 58, 84, 46, 49, 43)
1, (115, 204, 64, 62, 85, 43, 45, 43)
1, (133, 242, 60, 58, 83, 47, 60, 41)
1, (135, 203, 59, 52, 90, 48, 77, 47)
1, (142, 200, 58, 54, 87, 47, 77, 49)
1, (145, 205, 58, 54, 77, 42, 79, 50)
1, (151, 204, 61, 52, 78, 47, 89, 51)
1, (149, 231, 60, 52, 78, 45, 81, 48)
1, (158, 226, 58, 55, 68, 46, 69, 41)
1, (155, 240, 68, 54, 65, 47, 69, 37)
1, (146, 230, 61, 46, 59, 47, 65, 37)
1, (163, 248, 60, 50, 61, 41, 53, 35)
1, (178, 184, 73, 54, 67, 42, 52, 36)
1, (161, 198, 73, 53, 68, 44, 50, 36)
2, (154, 241, 74, 53, 64, 48, 49, 41)
2, (162, 247, 80, 65, 68, 52, 49, 41)
2, (147, 251, 82, 60, 74, 61, 66, 42)
2, (120, 246, 74, 54, 70, 61, 65, 41)
2, (123, 236, 71, 53, 67, 56, 65, 39)
2, (139, 174, 66, 59, 71, 52, 65, 34)
2, (147, 221, 65, 47, 68, 49, 64, 35)
2, (146, 201, 65, 50, 60, 39, 51, 33)
2, (141, 216, 66, 58, 64, 39, 58, 33)
2, (157, 215, 71, 57, 66, 37, 54, 36)
2, (147, 212, 63, 52, 66, 38, 52, 37)
2, (136, 187, 64, 52, 65, 38, 56, 38)
2, (126, 181, 74, 52, 66, 37, 53, 43)
2, (147, 167, 79, 42, 64, 35, 47, 46)
2, (140, 200, 78, 43, 66, 42, 59, 52)
2, (151, 221, 80, 41, 64, 38, 61, 51)
2, (147, 212, 78, 52, 67, 39, 60, 50)
2, (159, 215, 65, 54, 62, 38, 58, 48)
2, (144, 225, 59, 55, 58, 38, 60, 46)
2, (139, 244, 58, 61, 71, 37, 52, 36)
2, (131, 230, 61, 64, 76, 43, 50, 38)
2, (138, 216, 64, 59, 77, 44, 50, 37)
2, (132, 219, 70, 56, 83, 45, 52, 33)
2, (122, 241, 77, 63, 96, 56, 63, 35)
2, (114, 201, 85, 64, 97, 59, 64, 44)
2, (118, 220, 89, 63, 94, 57, 66, 44)
2, (125, 229, 90, 60, 93, 55, 66, 45)
2, (119, 253, 90, 63, 89, 64, 66, 44)
2, (134, 244, 82, 53, 77, 53, 54, 44)
2, (144, 248, 77, 51, 68, 46, 50, 36)
2, (141, 280, 74, 62, 70, 47, 51, 37)
2, (128, 280, 70, 65, 75, 52, 51, 35)
2, (155, 272, 70, 60, 75, 40, 58, 38)
2, (143, 273, 83, 61, 75, 40, 56, 39)
2, (142, 289, 83, 59, 71, 41, 55, 37)
2, (130, 269, 90, 55, 72, 40, 52, 41)
2, (136, 270, 95, 51, 66, 44, 64, 42)
2, (103, 282, 99, 52, 71, 43, 56, 37)
2, (109, 275, 97, 65, 74, 48, 63, 39)
2, (121, 302, 97, 69, 74, 48, 64, 41)
2, (129, 280, 100, 63, 78, 53, 78, 39)
2, (128, 273, 96, 61, 81, 48, 75, 40)
2, (129, 289, 92, 64, 81, 48, 74, 43)
2, (143, 284, 92, 54, 79, 42, 76, 45)
2, (147, 225, 88, 51, 86, 50, 96, 55)
2, (144, 224, 75, 53, 79, 50, 94, 70)
2, (139, 245, 74, 56, 74, 51, 93, 89)
2, (148, 215, 79, 60, 70, 60, 99, 95)
2, (212, 236, 98, 96, 71, 61, 98, 233)
2, (202, 250, 111, 206, 65, 55, 79, 242)
2, (205, 257, 110, 225, 71, 52, 98, 244)
2, (205, 242, 108, 230, 80, 48, 93, 245)
2, (209, 219, 117, 262, 90, 58, 110, 310)
2, (165, 224, 114, 264, 89, 67, 118, 270)
2, (174, 208, 109, 192, 93, 70, 126, 266)
2, (174, 217, 113, 171, 92, 71, 107, 263)
2, (200, 238, 126, 167, 84, 72, 123, 267)
2, (197, 249, 129, 119, 75, 64, 126, 195)
2, (161, 215, 117, 95, 76, 59, 125, 130)
2, (163, 221, 121, 109, 74, 67, 140, 233)
2, (173, 223, 155, 113, 66, 63, 143, 252)
2, (169, 193, 145, 119, 67, 65, 147, 257)
2, (158, 180, 137, 145, 68, 62, 140, 253)
2, (178, 240, 153, 149, 70, 64, 143, 255)
2, (183, 230, 151, 151, 72, 52, 123, 258)
2, (198, 214, 118, 152, 77, 63, 137, 264)
2, (183, 223, 167, 172, 86, 69, 125, 273)
2, (194, 264, 174, 147, 92, 67, 113, 276)
2, (183, 220, 159, 139, 88, 61, 102, 277)
2, (171, 226, 160, 135, 86, 65, 104, 242)
2, (204, 222, 178, 133, 87, 61, 92, 277)
2, (216, 230, 132, 98, 94, 57, 86, 264)
2, (227, 199, 119, 94, 88, 59, 91, 277)
2, (236, 204, 123, 115, 88, 62, 96, 278)
2, (239, 196, 116, 126, 93, 59, 89, 264)
2, (206, 228, 99, 128, 101, 52, 76, 256)
2, (205, 240, 113, 129, 91, 50, 94, 268)
3, (225, 281, 86, 125, 78, 64, 146, 278)
3, (205, 229, 84, 133, 77, 71, 150, 274)
3, (208, 231, 83, 141, 70, 69, 127, 280)
3, (201, 224, 80, 134, 76, 74, 122, 259)
3, (198, 210, 76, 144, 76, 70, 124, 259)
3, (189, 228, 82, 131, 66, 71, 103, 278)
3, (192, 229, 79, 121, 60, 62, 93, 283)
3, (211, 229, 85, 101, 64, 55, 91, 353)
3, (215, 230, 84, 110, 65, 50, 104, 299)
3, (204, 238, 83, 97, 68, 49, 97, 311)
3, (225, 247, 84, 93, 68, 50, 113, 303)
3, (243, 252, 97, 106, 81, 52, 120, 301)
3, (238, 254, 100, 116, 80, 97, 200, 294)
3, (247, 245, 102, 122, 73, 107, 229, 292)
3, (240, 231, 98, 134, 80, 109, 226, 288)
3, (240, 188, 103, 157, 84, 107, 218, 286)
3, (232, 179, 105, 193, 96, 111, 221, 337)
3, (221, 173, 93, 193, 101, 82, 166, 251)
3, (203, 188, 100, 192, 107, 67, 118, 259)
3, (229, 220, 114, 202, 104, 66, 117, 270)
3, (198, 225, 109, 194, 103, 68, 132, 337)
3, (192, 222, 101, 165, 84, 65, 128, 283)
3, (201, 224, 110, 165, 84, 56, 111, 285)
3, (252, 221, 117, 182, 83, 57, 103, 289)
3, (233, 188, 114, 163, 79, 60, 110, 301)
3, (275, 242, 132, 163, 87, 68, 96, 190)
3, (272, 283, 131, 154, 90, 66, 91, 188)
3, (200, 281, 114, 140, 89, 52, 134, 271)
3, (269, 292, 129, 152, 86, 64, 93, 200)
3, (193, 270, 112, 125, 89, 47, 138, 351)
3, (222, 292, 117, 131, 81, 65, 119, 275)
3, (186, 267, 116, 108, 80, 48, 151, 344)
3, (237, 329, 109, 129, 81, 67, 125, 240)
3, (200, 256, 100, 102, 70, 54, 159, 302)
3, (211, 275, 85, 115, 74, 59, 131, 238)
3, (207, 271, 90, 101, 66, 57, 158, 285)
3, (206, 230, 89, 113, 72, 60, 138, 257)
4, (227, 174, 101, 154, 87, 67, 164, 187)
4, (234, 194, 114, 152, 81, 64, 163, 216)
4, (226, 200, 109, 149, 72, 64, 166, 215)
4, (253, 194, 116, 137, 74, 69, 169, 215)
4, (217, 193, 120, 154, 73, 72, 152, 209)
4, (208, 209, 108, 164, 79, 71, 162, 200)
4, (218, 189, 98, 166, 77, 72, 166, 260)
4, (251, 179, 96, 169, 74, 74, 168, 267)
4, (239, 200, 88, 153, 68, 62, 138, 263)
4, (241, 238, 89, 130, 64, 61, 142, 269)
4, (241, 200, 92, 130, 62, 62, 132, 269)
4, (228, 199, 108, 120, 65, 67, 142, 289)
4, (192, 252, 125, 129, 86, 70, 132, 284)
4, (154, 246, 141, 139, 89, 69, 131, 284)
4, (185, 245, 159, 160, 92, 69, 121, 286)
4, (191, 246, 159, 184, 106, 73, 130, 285)
4, (186, 245, 151, 184, 111, 81, 145, 236)
4, (195, 197, 155, 183, 96, 75, 141, 273)
4, (216, 192, 160, 184, 100, 77, 143, 279)
4, (208, 223, 140, 165, 99, 73, 138, 274)
4, (177, 222, 137, 135, 82, 74, 149, 271)
4, (200, 238, 132, 139, 76, 62, 127, 302)
4, (214, 250, 116, 120, 73, 66, 129, 269)
5, (169, 260, 148, 89, 66, 64, 130, 263)
5, (173, 262, 134, 91, 58, 66, 131, 261)
5, (179, 229, 139, 121, 54, 64, 112, 260)
5, (189, 204, 170, 140, 65, 81, 131, 268)
5, (172, 239, 192, 138, 67, 73, 121, 212)
5, (178, 242, 192, 137, 64, 71, 125, 254)
5, (197, 238, 193, 152, 64, 69, 124, 262)
5, (226, 245, 203, 143, 68, 73, 146, 262)
5, (210, 228, 166, 141, 61, 52, 123, 251)
5, (243, 240, 138, 155, 62, 54, 122, 211)
5, (241, 236, 128, 159, 62, 57, 112, 264)
5, (233, 231, 124, 146, 69, 76, 147, 265)
5, (174, 224, 108, 130, 65, 71, 138, 268)
5, (176, 233, 116, 136, 65, 69, 141, 270)
5, (134, 201, 114, 132, 67, 69, 142, 264)
5, (213, 211, 128, 143, 67, 72, 169, 290)
5, (201, 238, 152, 149, 79, 58, 137, 292)
5, (207, 245, 145, 147, 84, 56, 127, 293)
5, (205, 250, 140, 134, 83, 65, 136, 292)
5, (213, 278, 139, 121, 79, 66, 144, 343)
5, (161, 269, 130, 113, 94, 66, 127, 282)
5, (165, 244, 106, 107, 82, 71, 151, 269)
5, (161, 237, 102, 116, 78, 72, 152, 269)
5, (177, 222, 103, 107, 81, 63, 135, 337)
5, (163, 174, 105, 109, 89, 59, 126, 292)
5, (167, 182, 107, 103, 82, 49, 115, 261)
5, (168, 182, 98, 100, 80, 36, 96, 263)
5, (204, 192, 109, 104, 89, 41, 104, 266)
5, (194, 190, 118, 114, 97, 42, 109, 251)
5, (198, 162, 131, 111, 91, 45, 114, 262)
5, (192, 224, 129, 128, 85, 53, 106, 259)
5, (207, 228, 123, 128, 95, 53, 111, 345)
5, (172, 217, 123, 116, 83, 54, 114, 345)
5, (167, 214, 115, 109, 74, 57, 121, 297)
5, (158, 201, 100, 117, 78, 57, 124, 287)
5, (161, 124, 96, 98, 79, 54, 127, 358)
5, (179, 134, 102, 93, 63, 53, 117, 279)
5, (184, 167, 95, 110, 78, 51, 110, 288)
5, (186, 171, 100, 122, 79, 59, 110, 295)
5, (198, 174, 100, 115, 78, 59, 111, 340)
5, (188, 236, 107, 116, 75, 65, 127, 262)
5, (184, 256, 132, 124, 75, 72, 140, 266)
5, (182, 243, 153, 117, 92, 72, 134, 318)
5, (195, 246, 149, 112, 91, 68, 134, 346)
5, (197, 248, 156, 113, 91, 68, 129, 294)
5, (214, 217, 163, 123, 93, 68, 110, 301)
5, (197, 230, 142, 117, 101, 62, 95, 340)
5, (203, 232, 116, 115, 80, 63, 112, 285)
5, (192, 236, 115, 121, 79, 62, 106, 242)
5, (204, 236, 105, 122, 81, 62, 107, 254)
5, (228, 255, 88, 109, 82, 58, 116, 357)
5, (213, 219, 103, 117, 75, 56, 109, 311)
5, (208, 213, 107, 116, 74, 58, 108, 310)
5, (221, 283, 116, 97, 74, 61, 123, 305)
5, (203, 286, 122, 112, 79, 67, 123, 309)
5, (153, 254, 120, 112, 77, 64, 119, 278)
5, (169, 250, 104, 100, 75, 71, 136, 284)
5, (173, 283, 106, 101, 73, 68, 127, 282)
5, (155, 204, 100, 98, 75, 61, 116, 297)
5, (157, 194, 90, 92, 66, 56, 118, 361)
5, (181, 194, 96, 96, 64, 54, 109, 342)
5, (171, 254, 106, 105, 70, 55, 113, 339)
5, (177, 222, 107, 100, 70, 53, 110, 333)
5, (182, 245, 122, 106, 63, 53, 101, 326)
5, (181, 278, 131, 118, 64, 52, 99, 271)
5, (171, 268, 139, 115, 82, 61, 112, 192)
5, (190, 202, 143, 110, 79, 58, 89, 188)
5, (180, 202, 143, 115, 77, 57, 97, 192)
5, (191, 221, 124, 119, 79, 60, 97, 191)
5, (189, 239, 129, 136, 87, 64, 98, 254)
5, (185, 245, 119, 146, 67, 61, 95, 253)
5, (162, 251, 105, 142, 60, 57, 105, 264)
5, (159, 242, 104, 142, 72, 62, 97, 271)
5, (156, 216, 111, 150, 81, 74, 114, 297)
5, (212, 215, 97, 130, 88, 72, 118, 226)
5, (217, 212, 103, 136, 101, 70, 119, 226)
5, (220, 210, 107, 149, 103, 71, 117, 228)
5, (230, 213, 106, 151, 98, 66, 125, 236)
5, (225, 216, 110, 145, 96, 51, 122, 252)
5, (208, 236, 132, 140, 80, 50, 142, 292)
5, (190, 244, 124, 148, 73, 49, 136, 294)
5, (195, 247, 122, 136, 72, 44, 127, 290)
5, (197, 249, 116, 129, 73, 51, 125, 287)
5, (245, 271, 110, 133, 72, 58, 132, 325)
5, (220, 268, 87, 142, 79, 55, 100, 269)
5, (212, 259, 109, 138, 85, 55, 104, 275)
5, (215, 256, 113, 144, 84, 56, 108, 280)
5, (220, 256, 125, 162, 82, 51, 119, 282)
5, (190, 255, 156, 154, 93, 46, 110, 260)
5, (198, 267, 162, 142, 90, 51, 116, 263)
5, (204, 265, 158, 133, 79, 49, 114, 257)
5, (201, 266, 155, 130, 83, 58, 135, 257)
5, (198, 264, 151, 109, 85, 63, 126, 295)
5, (200, 227, 119, 106, 73, 62, 122, 253)
5, (187, 225, 128, 115, 68, 61, 135, 263)
5, (194, 225, 121, 120, 68, 65, 134, 262)
5, (194, 226, 126, 116, 62, 60, 115, 264)
5, (230, 221, 128, 116, 57, 55, 117, 213)
5, (238, 275, 127, 129, 56, 56, 115, 246)
5, (238, 200, 104, 132, 64, 56, 95, 244)
5, (235, 207, 108, 131, 77, 57, 110, 242)
5, (237, 214, 97, 156, 79, 62, 141, 230)
5, (230, 216, 83, 163, 84, 65, 162, 229)
