0, (197, 92, 108, 98, 82, 55, 91, 95)
0, (188, 86, 95, 97, 91, 55, 103, 112)
0, (164, 85, 110, 101, 78, 57, 104, 103)
0, (152, 77, 125, 133, 95, 58, 107, 102)
0, (252, 87, 118, 135, 98, 63, 126, 100)
0, (236, 77, 115, 137, 93, 64, 127, 92)
0, (254, 86, 121, 147, 84, 60, 115, 66)
0, (273, 86, 117, 142, 88, 64, 125, 85)
0, (294, 90, 104, 130, 94, 77, 151, 86)
0, (242, 91, 106, 136, 93, 75, 142, 84)
0, (237, 100, 102, 137, 96, 75, 141, 85)
0, (224, 98, 92, 130, 100, 77, 141, 124)
0, (211, 101, 91, 125, 103, 71, 126, 113)
0, (183, 109, 117, 112, 81, 64, 99, 114)
0, (142, 111, 126, 97, 84, 58, 81, 115)
0, (198, 109, 127, 92, 85, 58, 77, 116)
0, (196, 110, 129, 93, 90, 62, 81, 101)
0, (222, 110, 127, 115, 103, 62, 87, 97)
0, (219, 97, 111, 105, 97, 52, 81, 92)
0, (235, 108, 141, 182, 131, 57, 86, 91)
0, (217, 105, 152, 189, 131, 55, 90, 98)
0, (224, 104, 154, 187, 126, 52, 96, 90)
0, (210, 99, 167, 174, 113, 52, 106, 86)
0, (208, 106, 188, 184, 129, 57, 106, 89)
0, (204, 85, 181, 111, 89, 53, 102, 87)
0, (185, 108, 216, 142, 96, 51, 105, 79)
0, (181, 113, 222, 148, 104, 48, 111, 77)
0, (163, 120, 209, 147, 105, 54, 113, 76)
0, (210, 119, 183, 134, 90, 65, 125, 72)
0, (211, 118, 180, 133, 88, 70, 131, 74)
0, (200, 92, 131, 93, 91, 70, 125, 71)
0, (190, 80, 120, 86, 101, 75, 110, 47)
0, (186, 73, 119, 85, 100, 70, 94, 44)
0, (130, 63, 119, 80, 98, 54, 62, 42)
0, (98, 59, 78, 76, 100, 54, 61, 38)
0, (100, 78, 65, 77, 105, 60, 65, 38)
0, (95, 92, 62, 83, 132, 61, 67, 38)
0, (94, 95, 58, 97, 143, 64, 82, 38)
0, (88, 96, 58, 104, 141, 62, 79, 37)
0, (92, 96, 53, 109, 153, 60, 68, 37)
0, (111, 80, 52, 102, 144, 63, 73, 41)
0, (114, 64, 50, 100, 110, 53, 71, 36)
0, (134, 63, 48, 96, 94, 55, 59, 34)
0, (155, 78, 44, 101, 99, 54, 58, 36)
0, (155, 84, 47, 99, 79, 51, 59, 37)
0, (154, 87, 49, 110, 95, 48, 51, 36)
0, (152, 93, 44, 101, 92, 54, 59, 35)
0, (127, 100, 46, 95, 107, 52, 54, 39)
0, (109, 93, 45, 98, 107, 53, 56, 38)
0, (121, 87, 46, 100, 112, 55, 56, 39)
0, (142, 87, 47, 86, 103, 48, 56, 36)
0, (140, 93, 47, 85, 100, 49, 57, 38)
0, (176, 81, 51, 85, 105, 48, 58, 36)
0, (186, 91, 52, 74, 107, 50, 56, 35)
0, (219, 98, 51, 70, 97, 47, 55, 36)
0, (206, 101, 45, 72, 97, 51, 61, 35)
0, (214, 88, 46, 79, 101, 48, 64, 38)
0, (197, 113, 44, 86, 84, 53, 70, 43)
0, (192, 114, 43, 86, 99, 53, 73, 45)
0, (187, 110, 40, 83, 100, 60, 94, 49)
0, (202, 117, 44, 90, 112, 59, 90, 49)
0, (200, 132, 47, 92, 117, 57, 82, 49)
0, (196, 118, 41, 83, 113, 48, 75, 44)
0, (216, 110, 38, 86, 141, 54, 71, 43)
1, (179, 129, 44, 95, 148, 48, 47, 36)
1, (170, 123, 41, 89, 140, 45, 50, 38)
1, (179, 108, 39, 81, 133, 49, 51, 35)
1, (189, 101, 39, 79, 129, 52, 66, 36)
1, (174, 98, 42, 79, 100, 45, 71, 36)
1, (176, 73, 35, 70, 95, 43, 74, 39)
1, (192, 73, 32, 69, 103, 46, 76, 38)
1, (205, 77, 35, 75, 102, 46, 82, 42)
1, (228, 84, 36, 83, 106, 43, 71, 43)
1, (233, 92, 36, 77, 112, 44, 71, 43)
1, (246, 93, 36, 74, 125, 54, 71, 40)
1, (219, 88, 36, 76, 126, 54, 72, 38)
1, (214, 92, 35, 78, 125, 54, 65, 39)
1, (173, 89, 34, 77, 126, 56, 65, 35)
1, (172, 86, 36, 84, 126, 55, 64, 38)
1, (187, 83, 37, 85, 117, 46, 61, 41)
1, (191, 111, 39, 80, 105, 42, 59, 46)
1, (178, 109, 37, 73, 112, 38, 58, 42)
1, (188, 112, 39, 73, 113, 37, 61, 45)
1, (180, 109, 41, 61, 101, 37, 67, 45)
1, (180, 113, 43, 58, 101, 48, 86, 46)
1, (216, 93, 46, 61, 103, 57, 85, 46)
1, (218, 89, 51, 70, 107, 60, 103, 47)
2, (216, 79, 52, 71, 113, 67, 110, 48)
2, (216, 79, 52, 81, 119, 65, 112, 66)
2, (224, 85, 54, 88, 111, 71, 110, 68)
2, (193, 93, 51, 85, 107, 67, 119, 67)
2, (219, 92, 46, 75, 99, 66, 110, 70)
2, (212, 93, 46, 72, 108, 64, 109, 69)
2, (229, 91, 57, 82, 100, 64, 101, 50)
2, (236, 89, 65, 112, 102, 54, 117, 61)
2, (239, 85, 66, 123, 104, 53, 110, 75)
2, (228, 89, 69, 123, 119, 52, 107, 73)
2, (261, 91, 75, 128, 104, 51, 108, 78)
2, (248, 91, 86, 131, 105, 66, 121, 77)
2, (232, 89, 100, 111, 105, 62, 100, 75)
2, (229, 83, 105, 110, 117, 62, 102, 88)
2, (225, 79, 111, 116, 98, 68, 105, 89)
2, (208, 95, 105, 108, 96, 66, 99, 93)
2, (208, 94, 90, 99, 97, 50, 90, 93)
2, (180, 90, 68, 104, 100, 50, 78, 87)
2, (170, 84, 59, 106, 87, 46, 77, 85)
2, (148, 88, 46, 104, 86, 41, 73, 86)
2, (116, 74, 51, 106, 88, 44, 84, 78)
2, (85, 70, 47, 98, 81, 43, 74, 77)
2, (139, 74, 46, 85, 78, 46, 90, 84)
2, (169, 85, 68, 105, 82, 46, 93, 91)
2, (214, 84, 84, 109, 88, 50, 100, 92)
2, (216, 84, 93, 107, 82, 50, 97, 93)
2, (229, 85, 96, 116, 68, 50, 99, 95)
2, (230, 102, 101, 154, 87, 54, 107, 105)
2, (272, 104, 90, 134, 111, 69, 117, 82)
2, (247, 107, 81, 132, 115, 68, 111, 82)
2, (248, 107, 68, 141, 119, 66, 104, 78)
2, (247, 109, 77, 144, 127, 70, 104, 81)
2, (241, 92, 79, 116, 144, 68, 83, 80)
2, (179, 93, 81, 131, 133, 63, 93, 91)
2, (182, 89, 93, 132, 139, 63, 91, 90)
2, (185, 89, 105, 134, 146, 64, 91, 93)
2, (218, 88, 101, 124, 143, 61, 92, 90)
2, (215, 87, 104, 118, 118, 59, 92, 94)
2, (220, 94, 126, 124, 115, 54, 72, 91)
2, (228, 96, 119, 121, 97, 49, 74, 90)
2, (278, 94, 109, 112, 86, 51, 93, 90)
2, (253, 99, 120, 123, 85, 52, 93, 91)
3, (226, 140, 152, 123, 111, 70, 112, 84)
3, (239, 143, 160, 134, 113, 70, 114, 112)
3, (275, 174, 161, 136, 111, 72, 119, 115)
3, (273, 162, 155, 152, 119, 70, 116, 107)
3, (253, 146, 157, 155, 101, 67, 114, 112)
3, (288, 143, 148, 152, 84, 60, 100, 112)
3, (294, 153, 146, 142, 94, 59, 98, 92)
3, (271, 118, 152, 168, 99, 63, 92, 115)
3, (270, 109, 152, 152, 98, 65, 95, 116)
3, (292, 125, 127, 135, 119, 65, 98, 107)
3, (271, 129, 168, 158, 129, 67, 103, 110)
3, (279, 118, 161, 161, 120, 65, 101, 125)
3, (257, 120, 153, 139, 120, 65, 116, 101)
3, (253, 122, 157, 167, 125, 66, 130, 101)
3, (252, 102, 154, 183, 110, 63, 126, 110)
3, (269, 100, 98, 169, 114, 60, 126, 120)
3, (245, 92, 96, 173, 125, 64, 124, 95)
3, (241, 80, 98, 168, 121, 58, 111, 96)
3, (272, 105, 118, 176, 135, 56, 74, 98)
3, (256, 108, 119, 176, 143, 61, 99, 103)
3, (246, 108, 120, 174, 134, 60, 102, 91)
3, (346, 163, 121, 191, 128, 61, 113, 103)
3, (362, 160, 124, 189, 134, 67, 125, 115)
3, (329, 151, 97, 155, 114, 63, 132, 106)
3, (326, 150, 111, 142, 105, 61, 130, 100)
3, (339, 169, 116, 140, 103, 66, 137, 99)
3, (237, 126, 136, 118, 94, 60, 127, 96)
3, (232, 140, 156, 132, 89, 49, 109, 82)
3, (260, 142, 187, 161, 81, 65, 119, 92)
3, (268, 152, 185, 158, 67, 68, 127, 97)
3, (232, 138, 187, 152, 70, 66, 119, 93)
3, (244, 139, 173, 144, 93, 67, 118, 82)
3, (220, 131, 156, 125, 96, 70, 128, 95)
3, (209, 136, 121, 113, 110, 61, 113, 99)
3, (205, 122, 113, 113, 122, 56, 88, 86)
3, (235, 114, 114, 123, 131, 59, 89, 97)
3, (225, 109, 113, 122, 134, 72, 103, 116)
3, (244, 105, 100, 125, 128, 70, 98, 108)
3, (238, 92, 100, 138, 126, 70, 99, 101)
3, (258, 100, 104, 140, 122, 68, 108, 106)
3, (262, 102, 104, 135, 114, 72, 127, 109)
3, (291, 106, 109, 153, 103, 61, 118, 94)
3, (285, 109, 119, 152, 117, 65, 120, 92)
3, (302, 104, 111, 135, 121, 73, 162, 90)
3, (274, 115, 110, 144, 117, 76, 164, 80)
3, (279, 127, 110, 157, 116, 68, 151, 81)
3, (269, 132, 122, 152, 118, 73, 158, 103)
3, (273, 133, 129, 173, 112, 70, 154, 101)
3, (255, 139, 138, 171, 106, 62, 118, 105)
3, (286, 126, 144, 164, 108, 57, 112, 122)
3, (270, 122, 142, 152, 106, 62, 107, 113)
3, (246, 117, 136, 143, 94, 57, 104, 91)
3, (290, 113, 130, 113, 97, 62, 112, 96)
3, (288, 119, 123, 99, 103, 67, 116, 101)
3, (280, 132, 118, 91, 107, 71, 116, 80)
3, (303, 123, 115, 91, 109, 69, 120, 80)
3, (305, 121, 109, 100, 116, 69, 115, 78)
3, (282, 125, 138, 107, 111, 69, 120, 83)
3, (298, 149, 142, 111, 110, 63, 121, 71)
3, (277, 142, 139, 113, 99, 63, 121, 77)
3, (257, 158, 141, 117, 97, 67, 124, 86)
3, (304, 169, 141, 98, 87, 68, 125, 94)
3, (294, 168, 104, 91, 88, 63, 115, 89)
3, (347, 158, 91, 76, 80, 60, 94, 98)
3, (362, 162, 93, 68, 83, 62, 95, 110)
3, (348, 151, 101, 60, 94, 60, 90, 101)
3, (314, 135, 96, 77, 95, 62, 91, 89)
3, (293, 129, 115, 76, 96, 62, 85, 87)
3, (194, 114, 125, 78, 92, 60, 91, 87)
3, (194, 111, 123, 80, 90, 61, 113, 88)
3, (188, 111, 110, 76, 78, 58, 106, 89)
3, (223, 133, 110, 82, 85, 63, 109, 107)
3, (241, 133, 98, 84, 73, 64, 110, 109)
3, (253, 140, 85, 86, 71, 64, 115, 103)
3, (292, 140, 79, 86, 73, 69, 100, 93)
3, (295, 137, 94, 85, 73, 67, 102, 94)
3, (305, 123, 123, 80, 72, 66, 114, 96)
3, (306, 136, 128, 78, 74, 70, 129, 93)
3, (298, 124, 129, 92, 96, 82, 151, 89)
3, (267, 112, 129, 91, 98, 71, 146, 82)
3, (304, 113, 119, 89, 95, 73, 152, 92)
3, (236, 102, 133, 114, 82, 58, 103, 86)
3, (265, 106, 87, 74, 94, 67, 137, 70)
3, (230, 90, 115, 94, 82, 60, 106, 83)
3, (266, 102, 76, 108, 96, 63, 125, 74)
3, (237, 89, 120, 103, 89, 63, 111, 84)
3, (265, 102, 76, 125, 77, 54, 98, 86)
3, (174, 101, 129, 100, 103, 61, 97, 82)
3, (233, 100, 78, 128, 104, 59, 92, 96)
3, (171, 102, 129, 88, 114, 61, 96, 81)
3, (186, 99, 75, 125, 116, 59, 75, 87)
3, (214, 106, 121, 116, 110, 57, 91, 78)
3, (181, 103, 72, 125, 111, 56, 75, 85)
3, (240, 102, 129, 118, 101, 50, 79, 70)
3, (160, 103, 74, 101, 112, 63, 88, 85)
3, (238, 106, 129, 116, 127, 54, 73, 74)
3, (177, 96, 78, 64, 107, 57, 78, 90)
3, (262, 92, 126, 116, 121, 53, 72, 75)
3, (206, 95, 83, 63, 88, 54, 76, 77)
3, (272, 85, 117, 114, 106, 54, 78, 93)
3, (222, 99, 96, 78, 113, 59, 83, 79)
4, (269, 85, 156, 141, 121, 56, 111, 123)
4, (240, 91, 152, 135, 130, 63, 115, 121)
4, (243, 89, 151, 133, 118, 62, 103, 118)
4, (238, 98, 128, 125, 115, 62, 114, 126)
4, (215, 95, 125, 142, 103, 55, 125, 112)
4, (197, 104, 137, 167, 102, 63, 138, 118)
4, (243, 114, 126, 195, 110, 66, 134, 103)
4, (250, 116, 118, 180, 103, 57, 110, 80)
4, (257, 117, 106, 164, 116, 54, 104, 79)
4, (258, 122, 113, 176, 105, 54, 102, 77)
4, (295, 121, 120, 153, 109, 61, 102, 81)
4, (258, 131, 123, 116, 108, 59, 111, 75)
4, (249, 129, 134, 130, 110, 60, 111, 78)
4, (249, 128, 138, 131, 91, 66, 118, 86)
4, (252, 148, 153, 116, 120, 72, 150, 130)
4, (229, 143, 142, 132, 122, 71, 146, 131)
4, (257, 127, 151, 133, 114, 71, 133, 131)
4, (275, 127, 139, 115, 134, 73, 136, 139)
4, (284, 126, 137, 117, 158, 73, 159, 144)
4, (288, 95, 128, 138, 140, 69, 127, 108)
4, (272, 105, 120, 126, 134, 59, 128, 100)
4, (238, 106, 100, 136, 137, 61, 133, 104)
4, (228, 107, 117, 138, 122, 60, 132, 91)
4, (209, 107, 116, 151, 102, 56, 109, 88)
4, (241, 102, 108, 128, 95, 56, 127, 96)
4, (254, 103, 124, 126, 104, 62, 121, 95)
4, (262, 94, 125, 119, 123, 63, 118, 83)
4, (270, 99, 116, 125, 117, 66, 127, 104)
4, (272, 108, 160, 107, 104, 62, 115, 99)
4, (237, 117, 171, 104, 112, 56, 93, 88)
4, (223, 109, 161, 132, 135, 58, 98, 90)
4, (271, 117, 188, 137, 121, 60, 101, 146)
4, (251, 114, 185, 133, 118, 57, 92, 133)
4, (263, 108, 153, 139, 120, 62, 94, 131)
4, (257, 122, 145, 137, 113, 69, 110, 141)
4, (281, 144, 165, 124, 101, 67, 103, 141)
5, (203, 107, 103, 119, 100, 78, 113, 128)
5, (218, 100, 111, 109, 106, 81, 129, 112)
5, (232, 96, 109, 95, 112, 69, 110, 127)
5, (235, 89, 110, 98, 118, 71, 112, 124)
5, (233, 94, 94, 107, 125, 68, 115, 148)
5, (239, 87, 106, 96, 112, 58, 123, 130)
5, (261, 87, 106, 119, 126, 61, 124, 124)
5, (255, 87, 107, 122, 128, 60, 120, 113)
5, (255, 82, 146, 126, 119, 55, 121, 127)
5, (268, 87, 165, 132, 114, 57, 121, 106)
5, (226, 89, 111, 133, 123, 68, 134, 133)
5, (212, 101, 123, 142, 120, 69, 139, 113)
