0, (271, 226, 140, 188, 97, 80, 102, 171)
0, (285, 229, 163, 218, 98, 82, 101, 209)
0, (298, 228, 180, 210, 90, 72, 89, 212)
0, (291, 152, 179, 173, 96, 81, 114, 222)
0, (215, 188, 180, 162, 101, 73, 114, 191)
0, (209, 190, 177, 155, 101, 68, 115, 211)
0, (198, 204, 164, 107, 96, 71, 120, 176)
0, (200, 202, 176, 103, 97, 70, 132, 171)
0, (219, 244, 189, 102, 91, 61, 111, 196)
0, (241, 216, 206, 119, 75, 59, 123, 203)
0, (242, 227, 227, 122, 77, 66, 125, 189)
0, (249, 223, 227, 123, 74, 65, 122, 187)
0, (247, 230, 207, 124, 77, 65, 114, 186)
0, (233, 199, 189, 135, 69, 67, 115, 218)
0, (201, 218, 181, 126, 82, 68, 112, 207)
0, (200, 220, 190, 187, 85, 59, 103, 204)
0, (190, 208, 180, 193, 89, 56, 102, 204)
0, (194, 201, 174, 206, 88, 53, 98, 212)
0, (195, 187, 175, 222, 100, 57, 96, 163)
0, (221, 194, 160, 230, 92, 58, 87, 161)
0, (218, 189, 115, 199, 89, 60, 90, 167)
0, (245, 191, 132, 206, 88, 58, 88, 184)
0, (225, 187, 136, 200, 86, 60, 90, 172)
0, (213, 188, 148, 175, 69, 49, 78, 124)
0, (200, 151, 173, 184, 67, 49, 79, 123)
0, (197, 178, 187, 189, 69, 44, 75, 107)
0, (154, 182, 181, 171, 70, 48, 62, 64)
0, (202, 189, 181, 166, 71, 43, 56, 56)
0, (209, 188, 168, 160, 72, 41, 47, 47)
0, (200, 176, 144, 125, 72, 39, 48, 73)
0, (199, 124, 141, 100, 76, 54, 74, 73)
0, (191, 102, 134, 95, 78, 60, 75, 73)
0, (146, 89, 128, 82, 80, 62, 77, 78)
0, (134, 82, 138, 89, 84, 63, 77, 78)
0, (124, 99, 134, 88, 82, 60, 70, 51)
0, (113, 197, 112, 64, 72, 47, 43, 47)
0, (102, 219, 109, 61, 74, 40, 45, 41)
0, (75, 219, 98, 55, 73, 45, 46, 30)
0, (129, 222, 72, 40, 69, 47, 47, 33)
0, (130, 222, 74, 40, 70, 49, 52, 34)
0, (131, 171, 76, 47, 68, 50, 50, 36)
0, (135, 148, 69, 47, 87, 49, 45, 38)
0, (143, 149, 65, 57, 93, 46, 46, 42)
0, (114, 151, 80, 103, 97, 46, 47, 42)
0, (118, 163, 75, 106, 99, 47, 52, 43)
0, (126, 162, 79, 106, 100, 56, 65, 44)
1, (152, 157, 80, 106, 73, 55, 65, 45)
1, (154, 161, 83, 111, 64, 53, 66, 42)
1, (159, 164, 83, 73, 72, 54, 65, 43)
1, (163, 226, 82, 72, 75, 57, 70, 45)
1, (189, 229, 79, 77, 74, 48, 62, 45)
1, (178, 241, 82, 82, 77, 47, 61, 46)
1, (210, 244, 80, 71, 77, 48, 60, 48)
1, (206, 252, 65, 72, 61, 47, 65, 49)
1, (212, 212, 67, 68, 53, 41, 54, 47)
1, (211, 198, 69, 70, 55, 40, 52, 46)
1, (235, 186, 73, 69, 63, 43, 58, 46)
1, (217, 188, 69, 76, 70, 40, 60, 44)
1, (222, 221, 74, 78, 74, 39, 56, 41)
1, (235, 215, 74, 82, 78, 39, 63, 41)
2, (218, 244, 79, 80, 81, 42, 66, 41)
2, (198, 248, 93, 77, 72, 53, 85, 43)
2, (233, 278, 94, 69, 69, 52, 81, 43)
2, (245, 244, 88, 62, 68, 54, 84, 42)
2, (234, 238, 85, 56, 73, 53, 79, 42)
2, (235, 200, 79, 58, 73, 50, 74, 41)
2, (234, 213, 67, 63, 72, 35, 57, 39)
2, (194, 221, 71, 67, 65, 38, 72, 42)
2, (175, 231, 71, 72, 74, 41, 83, 43)
2, (178, 232, 70, 77, 72, 39, 83, 39)
2, (182, 236, 73, 76, 70, 40, 89, 39)
2, (186, 267, 58, 75, 72, 44, 89, 40)
2, (201, 228, 54, 80, 73, 41, 79, 37)
2, (224, 228, 59, 89, 61, 35, 64, 36)
2, (230, 224, 60, 85, 75, 41, 65, 37)
2, (234, 274, 55, 79, 76, 46, 77, 40)
2, (230, 232, 59, 76, 77, 41, 73, 39)
2, (213, 235, 62, 69, 84, 52, 79, 42)
2, (215, 227, 66, 72, 89, 56, 81, 41)
2, (289, 226, 74, 75, 78, 58, 86, 71)
2, (302, 164, 82, 75, 78, 59, 69, 74)
2, (300, 166, 99, 74, 78, 64, 75, 81)
2, (308, 156, 112, 92, 75, 61, 76, 80)
2, (312, 151, 111, 111, 71, 59, 73, 85)
2, (240, 136, 108, 120, 63, 59, 73, 66)
2, (218, 122, 103, 136, 62, 55, 79, 59)
2, (234, 205, 107, 140, 64, 51, 76, 54)
2, (232, 208, 101, 139, 62, 57, 83, 69)
2, (206, 206, 106, 125, 71, 59, 92, 69)
2, (209, 218, 115, 128, 76, 58, 88, 79)
2, (245, 298, 122, 138, 78, 59, 89, 115)
2, (274, 260, 118, 151, 79, 59, 99, 127)
2, (276, 267, 112, 142, 83, 60, 93, 122)
2, (272, 271, 114, 136, 79, 58, 95, 122)
2, (292, 275, 110, 145, 79, 60, 107, 121)
2, (304, 236, 104, 134, 78, 62, 107, 90)
2, (259, 227, 100, 131, 88, 64, 105, 73)
2, (258, 225, 132, 138, 88, 59, 108, 72)
2, (259, 234, 138, 138, 84, 56, 105, 91)
2, (226, 258, 137, 127, 80, 59, 118, 92)
2, (170, 222, 155, 123, 79, 60, 117, 97)
2, (180, 238, 156, 122, 64, 57, 112, 97)
2, (219, 232, 132, 125, 69, 53, 105, 100)
2, (257, 229, 124, 152, 80, 60, 102, 106)
2, (261, 191, 137, 149, 78, 66, 88, 103)
2, (261, 221, 120, 145, 75, 73, 89, 105)
2, (269, 199, 116, 141, 76, 72, 82, 111)
3, (260, 201, 167, 142, 62, 71, 78, 133)
3, (238, 189, 167, 153, 50, 66, 78, 128)
3, (235, 184, 159, 169, 58, 68, 103, 124)
3, (230, 191, 162, 169, 65, 59, 100, 121)
3, (297, 216, 163, 182, 66, 59, 102, 115)
3, (317, 216, 117, 184, 75, 69, 106, 88)
3, (336, 228, 119, 178, 74, 70, 107, 85)
3, (346, 226, 124, 160, 69, 54, 66, 93)
3, (396, 209, 121, 169, 91, 67, 75, 91)
3, (343, 204, 124, 215, 109, 73, 75, 92)
3, (306, 199, 156, 252, 121, 66, 75, 117)
3, (286, 183, 164, 241, 120, 67, 102, 121)
3, (311, 186, 161, 256, 142, 76, 110, 118)
3, (244, 168, 160, 260, 140, 71, 105, 116)
3, (243, 182, 172, 223, 136, 69, 104, 115)
3, (260, 191, 149, 182, 124, 70, 104, 92)
3, (251, 195, 145, 193, 132, 77, 96, 94)
3, (236, 191, 158, 173, 131, 72, 96, 101)
3, (234, 179, 163, 158, 119, 65, 95, 101)
3, (243, 222, 170, 157, 111, 60, 96, 102)
3, (257, 220, 166, 149, 107, 59, 97, 132)
3, (309, 166, 160, 202, 118, 71, 147, 90)
3, (253, 224, 181, 133, 110, 45, 83, 118)
3, (317, 217, 162, 183, 105, 72, 151, 86)
3, (228, 224, 174, 171, 103, 52, 76, 118)
3, (285, 209, 163, 182, 110, 72, 149, 86)
3, (238, 247, 198, 177, 108, 74, 110, 122)
3, (295, 219, 184, 191, 103, 67, 142, 110)
3, (226, 212, 193, 203, 115, 80, 116, 137)
3, (317, 227, 192, 188, 80, 58, 133, 108)
3, (190, 227, 193, 207, 122, 84, 120, 109)
3, (260, 216, 161, 173, 76, 55, 115, 101)
3, (177, 224, 174, 225, 120, 88, 117, 109)
3, (239, 169, 157, 191, 84, 59, 113, 102)
3, (184, 236, 165, 204, 103, 82, 115, 100)
3, (225, 220, 135, 202, 95, 69, 121, 103)
3, (244, 193, 158, 189, 87, 64, 120, 108)
4, (223, 196, 182, 163, 81, 50, 95, 89)
4, (257, 203, 200, 167, 75, 52, 94, 92)
4, (271, 206, 199, 166, 82, 60, 106, 107)
4, (252, 157, 200, 157, 82, 62, 121, 141)
4, (289, 173, 192, 129, 70, 57, 111, 135)
4, (298, 187, 204, 134, 71, 55, 110, 135)
4, (278, 193, 186, 115, 68, 54, 114, 135)
4, (257, 198, 187, 114, 66, 59, 121, 138)
4, (282, 192, 189, 96, 63, 55, 94, 96)
4, (258, 198, 182, 88, 76, 56, 93, 96)
4, (266, 182, 148, 79, 79, 60, 96, 98)
4, (262, 169, 149, 85, 91, 73, 102, 123)
4, (283, 198, 153, 94, 92, 59, 73, 107)
4, (290, 204, 145, 117, 99, 63, 75, 105)
4, (280, 170, 145, 120, 102, 63, 79, 123)
4, (270, 177, 131, 143, 102, 62, 78, 131)
4, (293, 188, 133, 142, 100, 52, 81, 106)
4, (325, 153, 131, 169, 97, 54, 80, 103)
4, (283, 141, 165, 178, 90, 50, 81, 105)
4, (276, 160, 173, 196, 86, 52, 86, 114)
4, (271, 211, 172, 181, 85, 64, 99, 107)
4, (282, 211, 186, 181, 78, 70, 98, 124)
4, (213, 204, 203, 172, 76, 69, 102, 138)
4, (220, 206, 172, 161, 75, 72, 102, 135)
4, (221, 191, 163, 154, 68, 72, 98, 114)
4, (277, 142, 160, 153, 72, 65, 93, 113)
4, (270, 150, 147, 171, 72, 53, 86, 110)
4, (262, 150, 133, 213, 74, 51, 81, 93)
4, (282, 198, 135, 209, 92, 52, 81, 96)
4, (286, 211, 146, 215, 102, 53, 87, 98)
4, (255, 211, 190, 214, 97, 59, 113, 106)
4, (232, 207, 186, 203, 99, 67, 107, 95)
4, (249, 210, 183, 155, 96, 67, 106, 95)
4, (226, 173, 189, 161, 93, 62, 104, 95)
4, (244, 167, 182, 134, 82, 62, 103, 109)
4, (284, 177, 145, 153, 87, 63, 97, 119)
4, (305, 177, 145, 160, 85, 55, 98, 124)
4, (300, 163, 145, 146, 86, 59, 106, 123)
4, (331, 157, 192, 161, 94, 61, 116, 129)
4, (325, 154, 183, 168, 93, 57, 123, 126)
4, (307, 124, 185, 160, 87, 63, 178, 118)
4, (284, 137, 204, 175, 94, 63, 176, 124)
4, (292, 141, 218, 189, 92, 62, 174, 152)
4, (270, 150, 174, 176, 71, 59, 170, 145)
4, (275, 158, 189, 190, 75, 62, 164, 143)
4, (241, 177, 181, 182, 77, 45, 69, 137)
4, (238, 189, 169, 196, 71, 48, 74, 135)
4, (245, 197, 163, 182, 72, 49, 70, 100)
4, (254, 199, 167, 175, 74, 55, 85, 112)
4, (242, 196, 147, 151, 69, 54, 84, 114)
4, (240, 181, 149, 169, 84, 57, 91, 119)
4, (254, 153, 150, 147, 86, 68, 112, 114)
4, (253, 166, 137, 142, 90, 71, 116, 121)
4, (238, 236, 125, 152, 93, 68, 109, 137)
4, (228, 241, 126, 155, 98, 69, 106, 126)
4, (248, 238, 124, 156, 102, 64, 108, 122)
4, (250, 240, 130, 141, 99, 53, 100, 120)
4, (221, 232, 148, 150, 100, 50, 98, 128)
4, (230, 153, 154, 143, 106, 49, 89, 96)
4, (237, 145, 165, 139, 103, 51, 93, 106)
4, (236, 148, 179, 129, 92, 60, 117, 103)
4, (237, 170, 181, 148, 97, 66, 114, 113)
4, (237, 182, 165, 141, 95, 64, 112, 99)
4, (239, 187, 163, 153, 93, 72, 130, 106)
4, (254, 177, 165, 161, 104, 93, 160, 97)
4, (231, 188, 164, 155, 100, 92, 139, 100)
4, (198, 163, 161, 177, 92, 85, 131, 102)
4, (201, 142, 191, 180, 96, 88, 130, 103)
4, (189, 204, 199, 177, 87, 82, 117, 102)
4, (189, 206, 192, 205, 82, 54, 73, 102)
4, (201, 193, 200, 225, 82, 61, 75, 124)
4, (210, 191, 189, 216, 102, 62, 73, 114)
4, (256, 202, 157, 222, 96, 59, 80, 112)
4, (253, 133, 160, 228, 106, 65, 94, 110)
4, (251, 130, 155, 205, 118, 77, 134, 116)
5, (198, 110, 145, 179, 95, 47, 96, 105)
5, (188, 110, 125, 180, 95, 49, 95, 113)
5, (178, 115, 140, 186, 91, 46, 99, 130)
5, (194, 114, 172, 169, 86, 48, 104, 117)
5, (218, 112, 162, 129, 60, 45, 109, 118)
5, (226, 117, 165, 140, 60, 59, 111, 120)
5, (206, 112, 184, 147, 58, 56, 120, 129)
5, (203, 100, 173, 164, 64, 60, 116, 120)
5, (200, 102, 134, 162, 64, 61, 111, 108)
5, (207, 99, 141, 158, 96, 76, 109, 111)
5, (227, 99, 153, 153, 97, 81, 125, 138)
5, (240, 113, 150, 178, 97, 81, 119, 132)
5, (250, 117, 147, 171, 94, 78, 119, 120)
5, (239, 110, 153, 171, 94, 75, 118, 124)
5, (192, 111, 171, 208, 85, 69, 130, 128)
5, (176, 106, 167, 203, 87, 55, 109, 128)
5, (209, 98, 155, 206, 94, 56, 106, 118)
5, (208, 88, 182, 201, 98, 62, 117, 127)
5, (215, 119, 204, 201, 95, 68, 129, 132)
5, (215, 122, 204, 176, 74, 59, 102, 133)
5, (226, 115, 193, 174, 73, 59, 96, 99)
5, (223, 115, 187, 136, 75, 64, 100, 100)
5, (265, 129, 167, 162, 86, 68, 109, 99)
5, (266, 108, 133, 169, 91, 65, 102, 100)
5, (282, 109, 113, 194, 108, 67, 109, 90)
5, (267, 115, 115, 203, 112, 66, 107, 89)
5, (265, 108, 112, 204, 110, 64, 109, 95)
5, (215, 112, 110, 171, 100, 57, 97, 119)
5, (211, 131, 107, 164, 99, 57, 86, 111)
5, (175, 130, 106, 134, 77, 50, 84, 109)
5, (221, 166, 148, 200, 78, 49, 86, 117)
5, (200, 171, 151, 196, 80, 68, 138, 115)
5, (207, 162, 175, 216, 77, 76, 160, 86)
5, (201, 145, 210, 234, 73, 74, 160, 94)
5, (263, 146, 205, 233, 79, 74, 157, 95)
5, (236, 104, 220, 185, 75, 78, 162, 121)
5, (234, 97, 233, 188, 75, 62, 119, 126)
5, (249, 115, 210, 179, 84, 60, 77, 122)
5, (261, 126, 186, 163, 83, 61, 78, 116)
5, (229, 140, 197, 163, 83, 63, 95, 119)
5, (237, 210, 159, 153, 84, 58, 102, 108)
5, (237, 211, 175, 150, 96, 58, 97, 111)
5, (224, 210, 191, 150, 91, 51, 98, 115)
5, (238, 214, 188, 156, 91, 51, 105, 124)
5, (217, 204, 195, 142, 88, 54, 107, 121)
5, (255, 130, 186, 135, 81, 56, 99, 104)
5, (250, 125, 161, 148, 62, 54, 98, 98)
5, (258, 129, 162, 202, 87, 52, 104, 105)
5, (234, 107, 154, 198, 94, 52, 99, 89)
5, (253, 122, 132, 197, 93, 49, 89, 89)
5, (232, 185, 146, 210, 95, 46, 91, 100)
5, (236, 201, 163, 222, 102, 51, 103, 101)
