0, (234, 186, 142, 141, 92, 61, 97, 94)
0, (256, 237, 137, 138, 88, 61, 82, 105)
0, (285, 203, 137, 141, 89, 61, 82, 106)
0, (291, 202, 112, 133, 81, 51, 75, 107)
0, (287, 202, 125, 130, 69, 49, 73, 106)
0, (266, 225, 133, 108, 61, 50, 75, 116)
0, (269, 201, 133, 108, 57, 50, 81, 87)
0, (218, 190, 130, 106, 57, 60, 88, 75)
0, (187, 183, 131, 102, 57, 63, 88, 76)
0, (242, 185, 126, 115, 60, 62, 82, 82)
0, (260, 176, 104, 115, 64, 59, 85, 77)
0, (268, 167, 139, 133, 73, 61, 84, 101)
0, (281, 182, 135, 134, 75, 56, 91, 105)
0, (288, 191, 131, 135, 75, 53, 97, 106)
0, (241, 184, 145, 128, 72, 54, 98, 101)
0, (216, 168, 142, 144, 69, 55, 96, 94)
0, (185, 197, 108, 126, 76, 49, 87, 67)
0, (173, 190, 110, 120, 80, 50, 66, 57)
0, (172, 184, 107, 119, 79, 49, 54, 52)
0, (184, 202, 91, 97, 81, 48, 52, 55)
0, (182, 238, 95, 64, 86, 48, 50, 56)
0, (172, 193, 96, 56, 75, 46, 51, 51)
0, (164, 193, 98, 65, 72, 41, 48, 52)
0, (164, 196, 98, 68, 70, 37, 40, 47)
0, (164, 259, 82, 74, 62, 34, 49, 44)
0, (174, 235, 71, 75, 64, 39, 56, 39)
0, (183, 237, 75, 75, 81, 41, 57, 40)
0, (192, 240, 83, 71, 79, 45, 66, 40)
0, (195, 285, 88, 73, 80, 44, 69, 40)
0, (188, 233, 88, 72, 84, 47, 65, 38)
0, (188, 230, 85, 75, 79, 43, 57, 40)
0, (186, 255, 85, 89, 69, 46, 62, 39)
0, (168, 254, 79, 92, 82, 44, 55, 38)
0, (169, 194, 79, 98, 91, 45, 53, 40)
0, (208, 199, 84, 99, 89, 47, 52, 48)
0, (199, 247, 84, 96, 89, 46, 63, 49)
0, (209, 223, 85, 92, 86, 43, 62, 51)
0, (205, 224, 77, 89, 73, 52, 67, 50)
0, (194, 289, 74, 82, 76, 54, 72, 51)
0, (244, 276, 72, 84, 85, 55, 81, 48)
1, (245, 250, 76, 84, 84, 60, 82, 47)
1, (240, 257, 67, 75, 79, 59, 83, 51)
1, (249, 269, 65, 76, 79, 52, 76, 52)
1, (255, 200, 59, 71, 71, 49, 76, 49)
1, (185, 201, 59, 71, 74, 46, 70, 48)
1, (183, 219, 52, 70, 79, 39, 63, 44)
1, (176, 209, 58, 75, 85, 43, 59, 39)
1, (170, 183, 55, 83, 81, 43, 61, 38)
1, (181, 229, 61, 87, 80, 53, 69, 44)
1, (177, 266, 63, 87, 93, 55, 63, 42)
1, (230, 229, 62, 98, 93, 55, 62, 50)
1, (225, 232, 63, 93, 92, 52, 70, 53)
1, (232, 272, 66, 83, 95, 54, 74, 56)
1, (230, 237, 59, 90, 92, 47, 73, 51)
1, (229, 192, 53, 87, 75, 43, 74, 54)
1, (192, 203, 53, 81, 84, 42, 73, 49)
1, (213, 236, 46, 90, 82, 47, 73, 49)
1, (226, 195, 47, 91, 81, 42, 71, 46)
1, (211, 199, 50, 79, 83, 40, 68, 46)
1, (215, 223, 59, 95, 87, 42, 67, 41)
1, (227, 218, 67, 91, 87, 46, 70, 43)
1, (225, 194, 71, 81, 87, 48, 67, 39)
2, (215, 212, 73, 85, 95, 51, 69, 38)
2, (217, 271, 76, 95, 100, 51, 70, 38)
2, (241, 246, 70, 81, 93, 51, 76, 41)
2, (221, 241, 65, 85, 79, 49, 79, 42)
2, (197, 232, 62, 91, 78, 42, 76, 43)
2, (196, 263, 65, 88, 78, 45, 74, 44)
2, (242, 196, 59, 83, 76, 49, 82, 46)
2, (234, 202, 57, 89, 72, 47, 78, 47)
2, (255, 277, 59, 87, 73, 48, 74, 45)
2, (262, 294, 63, 83, 71, 52, 74, 43)
2, (260, 251, 56, 83, 63, 51, 76, 42)
2, (242, 250, 69, 77, 61, 46, 59, 40)
2, (217, 270, 71, 61, 60, 46, 63, 39)
2, (199, 236, 76, 82, 75, 43, 69, 38)
2, (183, 213, 70, 84, 76, 40, 75, 41)
2, (169, 218, 71, 83, 77, 36, 71, 40)
2, (135, 218, 57, 82, 78, 47, 78, 39)
2, (174, 256, 56, 108, 82, 56, 102, 61)
2, (221, 239, 66, 119, 72, 60, 101, 65)
2, (243, 245, 81, 134, 102, 66, 107, 64)
2, (260, 248, 98, 151, 110, 77, 158, 71)
2, (258, 249, 105, 172, 113, 72, 159, 83)
2, (288, 219, 114, 178, 113, 64, 146, 73)
2, (268, 220, 107, 168, 111, 66, 152, 77)
2, (272, 220, 116, 170, 93, 63, 152, 87)
2, (272, 218, 119, 159, 83, 52, 103, 109)
2, (296, 215, 117, 137, 80, 56, 109, 102)
2, (261, 228, 113, 107, 76, 56, 103, 103)
2, (250, 206, 118, 108, 98, 54, 101, 99)
2, (249, 193, 110, 104, 91, 51, 87, 90)
2, (240, 225, 97, 106, 87, 50, 86, 61)
2, (224, 229, 102, 112, 87, 48, 71, 58)
2, (240, 177, 104, 132, 89, 47, 74, 72)
2, (251, 172, 101, 135, 91, 41, 59, 75)
2, (241, 201, 95, 121, 98, 54, 82, 82)
2, (258, 178, 125, 136, 102, 55, 84, 85)
2, (257, 190, 140, 137, 100, 70, 102, 91)
2, (264, 206, 139, 126, 100, 71, 102, 77)
2, (292, 216, 144, 130, 85, 71, 118, 98)
2, (296, 218, 148, 134, 82, 62, 110, 97)
2, (305, 216, 129, 119, 83, 61, 109, 100)
2, (297, 223, 122, 121, 82, 40, 92, 96)
2, (288, 217, 121, 119, 85, 45, 95, 95)
2, (251, 260, 112, 114, 80, 60, 118, 93)
2, (235, 247, 116, 116, 79, 60, 116, 95)
2, (222, 231, 112, 107, 74, 56, 113, 87)
2, (222, 231, 95, 115, 74, 59, 117, 86)
2, (185, 225, 105, 123, 73, 61, 129, 87)
2, (236, 166, 114, 116, 71, 50, 99, 105)
2, (250, 153, 116, 115, 67, 58, 105, 108)
2, (243, 211, 123, 149, 75, 66, 111, 107)
2, (250, 203, 125, 142, 77, 65, 107, 110)
2, (271, 209, 123, 142, 81, 68, 96, 119)
2, (226, 220, 128, 139, 78, 68, 107, 114)
2, (250, 246, 119, 170, 87, 70, 106, 115)
2, (265, 258, 114, 158, 81, 64, 99, 116)
2, (272, 262, 117, 164, 80, 63, 100, 117)
2, (274, 260, 113, 168, 82, 70, 115, 108)
3, (271, 179, 185, 140, 85, 61, 90, 122)
3, (274, 205, 176, 134, 83, 61, 96, 117)
3, (314, 199, 170, 127, 91, 63, 96, 146)
3, (285, 201, 159, 129, 91, 52, 93, 141)
3, (272, 199, 146, 116, 81, 48, 81, 133)
3, (262, 244, 153, 130, 85, 56, 92, 131)
3, (250, 217, 146, 141, 99, 77, 111, 137)
3, (226, 205, 167, 173, 100, 77, 123, 111)
3, (211, 200, 168, 180, 105, 83, 121, 113)
3, (227, 228, 191, 179, 104, 81, 120, 110)
3, (239, 190, 209, 183, 109, 78, 113, 117)
3, (278, 181, 202, 175, 113, 60, 86, 99)
3, (252, 194, 195, 172, 122, 64, 83, 104)
3, (269, 235, 228, 199, 116, 61, 78, 106)
3, (251, 200, 204, 206, 118, 62, 81, 124)
3, (247, 197, 184, 201, 119, 61, 78, 112)
3, (207, 207, 186, 207, 106, 56, 81, 110)
3, (238, 224, 172, 181, 89, 50, 79, 116)
3, (268, 179, 137, 158, 101, 52, 84, 132)
3, (281, 183, 139, 164, 100, 51, 79, 111)
3, (271, 198, 154, 189, 94, 57, 83, 113)
3, (292, 231, 147, 180, 91, 65, 98, 115)
3, (304, 199, 152, 184, 97, 65, 100, 125)
3, (275, 192, 161, 187, 82, 67, 97, 119)
3, (259, 207, 169, 176, 80, 68, 100, 128)
3, (352, 240, 158, 164, 86, 66, 102, 137)
3, (339, 203, 164, 171, 107, 68, 88, 160)
3, (323, 221, 166, 180, 100, 66, 86, 142)
3, (276, 258, 102, 172, 80, 65, 102, 90)
3, (317, 224, 145, 160, 98, 57, 82, 130)
3, (270, 280, 114, 143, 75, 63, 99, 87)
3, (359, 250, 130, 182, 111, 60, 84, 127)
3, (236, 223, 147, 131, 81, 64, 104, 87)
3, (273, 207, 136, 219, 107, 57, 80, 142)
3, (229, 217, 172, 143, 81, 67, 107, 89)
3, (285, 212, 139, 230, 87, 47, 80, 122)
3, (196, 208, 203, 137, 76, 51, 85, 111)
3, (273, 206, 186, 237, 92, 47, 80, 128)
3, (225, 247, 212, 147, 84, 55, 88, 107)
3, (299, 248, 183, 238, 92, 54, 102, 128)
3, (196, 189, 207, 144, 83, 48, 95, 104)
3, (252, 232, 185, 226, 80, 58, 108, 146)
3, (233, 196, 185, 148, 77, 57, 101, 102)
3, (265, 230, 182, 168, 72, 54, 109, 129)
3, (268, 185, 158, 139, 80, 55, 100, 123)
3, (281, 234, 181, 170, 78, 58, 115, 127)
3, (304, 227, 118, 150, 77, 51, 97, 110)
3, (272, 262, 125, 166, 121, 61, 123, 124)
3, (281, 179, 119, 140, 75, 49, 93, 104)
3, (268, 229, 127, 160, 119, 61, 115, 138)
3, (313, 190, 119, 140, 76, 61, 92, 112)
3, (259, 213, 136, 163, 118, 56, 111, 112)
3, (300, 206, 134, 147, 81, 54, 89, 133)
3, (267, 220, 131, 183, 119, 61, 113, 103)
3, (281, 252, 149, 132, 90, 57, 87, 112)
3, (234, 244, 123, 167, 119, 60, 104, 102)
3, (250, 232, 147, 114, 95, 62, 89, 105)
3, (237, 198, 132, 180, 89, 57, 102, 96)
3, (249, 231, 149, 125, 90, 63, 90, 109)
3, (214, 193, 141, 186, 91, 53, 94, 78)
3, (213, 220, 156, 159, 101, 55, 95, 100)
3, (220, 199, 129, 175, 93, 57, 92, 76)
4, (244, 229, 149, 132, 88, 56, 85, 132)
4, (228, 230, 151, 135, 78, 55, 93, 134)
4, (281, 297, 177, 138, 55, 59, 100, 146)
4, (280, 281, 170, 133, 62, 59, 95, 116)
4, (295, 274, 178, 115, 76, 56, 90, 113)
4, (297, 281, 177, 131, 74, 55, 105, 118)
4, (293, 280, 180, 132, 72, 61, 115, 121)
4, (250, 187, 157, 137, 78, 55, 114, 102)
4, (262, 215, 140, 128, 71, 52, 111, 102)
4, (223, 238, 138, 123, 69, 56, 112, 96)
4, (220, 229, 168, 115, 68, 56, 106, 102)
4, (214, 232, 171, 121, 80, 63, 104, 94)
4, (197, 259, 188, 123, 85, 64, 98, 91)
4, (185, 229, 186, 129, 95, 66, 101, 116)
4, (220, 216, 178, 133, 98, 69, 104, 132)
4, (207, 212, 152, 137, 97, 76, 114, 119)
4, (241, 240, 181, 139, 93, 77, 127, 125)
4, (248, 212, 167, 133, 90, 79, 136, 136)
4, (251, 219, 188, 137, 84, 79, 135, 131)
4, (230, 231, 197, 142, 75, 77, 129, 116)
4, (278, 227, 206, 140, 81, 73, 119, 118)
4, (265, 196, 194, 138, 88, 65, 102, 126)
5, (198, 216, 196, 168, 135, 66, 78, 124)
5, (191, 239, 206, 156, 122, 63, 80, 149)
5, (220, 211, 185, 138, 120, 66, 82, 147)
5, (205, 210, 184, 141, 127, 74, 82, 145)
5, (194, 211, 183, 144, 128, 80, 115, 144)
5, (210, 238, 194, 149, 104, 68, 104, 130)
5, (228, 241, 188, 164, 109, 76, 108, 88)
5, (198, 246, 222, 134, 108, 76, 113, 91)
5, (234, 259, 237, 140, 112, 71, 120, 92)
5, (241, 287, 242, 152, 107, 59, 83, 92)
5, (225, 327, 206, 152, 109, 66, 91, 94)
5, (205, 284, 201, 146, 121, 64, 92, 113)
5, (217, 276, 180, 154, 121, 69, 90, 115)
5, (231, 284, 175, 148, 101, 74, 96, 116)
5, (237, 295, 158, 162, 114, 92, 113, 120)
5, (267, 221, 150, 158, 115, 94, 122, 126)
5, (275, 219, 169, 172, 106, 94, 119, 95)
5, (279, 220, 149, 191, 100, 89, 121, 96)
5, (244, 237, 142, 194, 98, 83, 110, 94)
5, (292, 209, 148, 179, 81, 65, 106, 98)
5, (269, 220, 158, 176, 80, 64, 93, 114)
5, (259, 228, 154, 192, 71, 63, 91, 110)
5, (255, 233, 149, 180, 78, 69, 93, 107)
5, (286, 278, 151, 173, 83, 71, 94, 113)
5, (246, 259, 159, 169, 93, 72, 92, 134)
5, (228, 266, 172, 182, 84, 60, 95, 122)
5, (234, 268, 159, 152, 82, 58, 103, 129)
5, (281, 260, 169, 153, 109, 58, 97, 126)
5, (275, 223, 170, 167, 117, 62, 102, 162)
5, (256, 225, 150, 162, 111, 60, 99, 143)
5, (285, 217, 128, 149, 111, 62, 94, 135)
5, (286, 214, 154, 167, 127, 66, 85, 128)
5, (233, 267, 146, 166, 112, 64, 91, 141)
5, (201, 220, 140, 158, 101, 57, 84, 96)
5, (259, 219, 148, 164, 102, 55, 70, 89)
5, (233, 204, 153, 169, 109, 53, 75, 92)
5, (235, 219, 128, 141, 90, 46, 73, 100)
5, (251, 203, 148, 125, 76, 44, 64, 112)
5, (248, 198, 149, 127, 75, 45, 63, 107)
5, (177, 198, 145, 114, 73, 42, 62, 106)
5, (186, 208, 156, 129, 72, 48, 64, 113)
5, (196, 196, 179, 141, 93, 62, 110, 128)
5, (184, 251, 173, 141, 97, 61, 107, 99)
5, (220, 258, 169, 144, 99, 60, 116, 115)
5, (227, 261, 170, 147, 96, 68, 128, 117)
5, (235, 258, 173, 160, 101, 75, 142, 133)
5, (222, 285, 145, 153, 86, 63, 110, 123)
5, (224, 223, 145, 156, 81, 65, 116, 130)
5, (197, 217, 156, 175, 86, 69, 122, 122)
5, (282, 229, 171, 179, 86, 66, 132, 129)
5, (266, 226, 158, 165, 77, 57, 121, 111)
5, (265, 262, 202, 175, 77, 58, 120, 103)
5, (266, 244, 193, 170, 74, 54, 114, 96)
5, (285, 243, 183, 149, 71, 61, 105, 125)
5, (235, 228, 209, 155, 71, 62, 99, 120)
5, (229, 275, 217, 169, 74, 59, 89, 122)
5, (241, 220, 195, 164, 76, 57, 87, 120)
5, (239, 216, 203, 169, 85, 59, 92, 136)
5, (234, 237, 210, 168, 86, 53, 96, 116)
5, (201, 252, 185, 167, 89, 58, 110, 116)
5, (219, 252, 187, 173, 85, 62, 115, 115)
5, (262, 233, 179, 165, 78, 63, 118, 125)
5, (256, 235, 169, 162, 72, 62, 134, 133)
5, (255, 226, 161, 163, 87, 59, 131, 126)
5, (262, 264, 146, 154, 83, 46, 102, 126)
5, (289, 214, 132, 120, 87, 53, 110, 136)
5, (271, 221, 120, 120, 98, 53, 107, 129)
5, (276, 241, 123, 119, 109, 55, 82, 109)
5, (267, 259, 153, 124, 90, 57, 84, 139)
5, (275, 213, 150, 143, 89, 59, 91, 143)
