0, (282, 199, 90, 128, 102, 77, 131, 220)
0, (241, 194, 84, 114, 94, 74, 129, 142)
0, (217, 212, 98, 99, 84, 75, 133, 126)
0, (202, 241, 106, 113, 85, 69, 125, 138)
0, (200, 213, 98, 108, 91, 77, 145, 274)
0, (169, 214, 99, 110, 74, 60, 126, 293)
0, (175, 213, 110, 111, 60, 62, 132, 299)
0, (185, 215, 103, 113, 63, 58, 126, 302)
0, (208, 212, 100, 124, 101, 63, 124, 292)
0, (180, 202, 105, 146, 102, 58, 94, 245)
0, (187, 201, 130, 159, 105, 62, 108, 274)
0, (190, 206, 125, 151, 108, 55, 100, 273)
0, (217, 242, 129, 155, 113, 61, 111, 282)
0, (228, 228, 129, 144, 91, 63, 122, 280)
0, (231, 233, 127, 132, 82, 59, 130, 217)
0, (225, 235, 101, 135, 81, 58, 120, 149)
0, (223, 233, 119, 142, 85, 67, 124, 136)
0, (200, 213, 124, 167, 85, 61, 115, 245)
0, (212, 199, 122, 164, 73, 58, 113, 254)
0, (223, 193, 120, 163, 77, 58, 106, 270)
0, (232, 184, 116, 161, 77, 55, 104, 270)
0, (230, 209, 97, 167, 76, 53, 106, 273)
0, (252, 180, 80, 137, 66, 61, 117, 167)
0, (216, 181, 83, 138, 65, 58, 115, 157)
0, (196, 180, 97, 132, 61, 54, 103, 101)
0, (212, 186, 110, 120, 66, 64, 103, 119)
0, (217, 164, 110, 121, 72, 56, 96, 118)
0, (221, 197, 109, 123, 80, 50, 87, 112)
0, (210, 191, 106, 139, 86, 52, 82, 107)
0, (202, 217, 109, 136, 90, 54, 84, 104)
0, (188, 226, 101, 134, 106, 54, 100, 65)
0, (224, 220, 101, 128, 105, 64, 113, 61)
0, (190, 170, 109, 136, 108, 66, 106, 54)
0, (209, 262, 130, 119, 110, 77, 122, 56)
0, (217, 239, 126, 109, 116, 77, 120, 56)
0, (214, 227, 123, 103, 110, 71, 103, 57)
0, (195, 226, 120, 88, 104, 61, 86, 47)
0, (191, 233, 124, 71, 96, 60, 92, 44)
0, (173, 122, 101, 58, 99, 44, 69, 37)
0, (187, 190, 96, 61, 95, 46, 80, 43)
0, (198, 209, 97, 62, 87, 44, 85, 43)
0, (193, 215, 99, 64, 85, 50, 84, 42)
0, (193, 213, 89, 56, 83, 48, 73, 45)
0, (190, 218, 83, 53, 91, 47, 73, 48)
0, (193, 214, 94, 49, 85, 47, 63, 47)
0, (174, 203, 90, 53, 80, 44, 63, 47)
0, (161, 193, 84, 54, 79, 43, 73, 47)
0, (158, 190, 80, 57, 86, 41, 75, 44)
0, (155, 194, 88, 62, 75, 42, 68, 41)
0, (129, 156, 79, 62, 71, 43, 70, 41)
0, (156, 208, 80, 62, 72, 48, 65, 41)
0, (155, 256, 84, 60, 73, 42, 52, 40)
0, (180, 259, 85, 58, 75, 51, 54, 41)
0, (193, 260, 82, 81, 69, 47, 56, 42)
0, (193, 252, 74, 90, 73, 42, 55, 40)
0, (172, 224, 82, 89, 73, 42, 58, 41)
0, (163, 213, 82, 89, 69, 46, 60, 41)
0, (170, 243, 82, 89, 59, 44, 61, 43)
0, (163, 254, 74, 67, 59, 50, 69, 46)
0, (173, 263, 79, 74, 55, 51, 67, 43)
0, (193, 297, 77, 75, 53, 53, 77, 47)
0, (205, 266, 80, 77, 61, 50, 75, 50)
0, (197, 238, 78, 79, 64, 45, 70, 48)
0, (211, 227, 80, 83, 63, 42, 63, 44)
0, (206, 219, 77, 68, 63, 41, 60, 48)
0, (194, 146, 69, 61, 61, 40, 37, 45)
0, (197, 168, 60, 59, 54, 43, 38, 41)
0, (203, 167, 60, 57, 55, 44, 50, 45)
0, (179, 154, 62, 51, 60, 46, 50, 46)
0, (192, 155, 73, 55, 61, 48, 54, 47)
0, (200, 156, 72, 55, 74, 47, 57, 42)
0, (201, 187, 74, 56, 79, 51, 75, 48)
0, (214, 201, 75, 57, 77, 52, 68, 47)
0, (230, 234, 76, 64, 74, 54, 73, 46)
0, (216, 233, 74, 58, 76, 51, 72, 41)
0, (208, 228, 84, 58, 68, 52, 77, 45)
0, (206, 214, 86, 60, 63, 46, 61, 43)
0, (167, 205, 84, 62, 65, 44, 65, 42)
0, (165, 161, 77, 52, 71, 43, 65, 43)
0, (169, 159, 67, 50, 73, 42, 67, 44)
0, (190, 172, 58, 60, 72, 40, 62, 46)
0, (184, 147, 56, 58, 71, 46, 74, 47)
0, (194, 190, 61, 54, 69, 46, 78, 49)
0, (178, 193, 64, 61, 67, 41, 74, 47)
0, (216, 191, 69, 67, 78, 45, 75, 49)
0, (194, 185, 67, 61, 83, 44, 73, 46)
0, (187, 186, 74, 63, 85, 41, 62, 45)
0, (193, 190, 71, 70, 91, 39, 55, 40)
0, (195, 188, 73, 64, 93, 40, 54, 40)
0, (189, 214, 72, 60, 86, 37, 65, 45)
0, (220, 212, 80, 62, 79, 35, 65, 46)
0, (215, 211, 76, 59, 80, 32, 64, 41)
0, (200, 197, 74, 58, 77, 38, 64, 43)
0, (210, 205, 73, 58, 67, 36, 63, 45)
0, (201, 196, 71, 57, 79, 41, 57, 39)
0, (164, 190, 62, 53, 83, 45, 62, 40)
0, (177, 201, 62, 48, 80, 48, 73, 47)
0, (198, 195, 67, 55, 78, 48, 70, 51)
0, (190, 192, 71, 58, 83, 48, 71, 49)
0, (170, 172, 84, 61, 67, 45, 68, 45)
0, (181, 177, 85, 73, 62, 49, 70, 46)
0, (188, 174, 82, 78, 66, 49, 60, 44)
0, (201, 204, 86, 69, 67, 45, 59, 38)
0, (197, 236, 91, 70, 64, 46, 63, 40)
0, (198, 241, 79, 67, 63, 53, 65, 45)
0, (204, 248, 83, 56, 69, 52, 61, 43)
0, (209, 280, 95, 56, 67, 52, 60, 40)
0, (179, 243, 95, 59, 70, 53, 61, 38)
1, (179, 224, 93, 54, 69, 52, 75, 39)
1, (194, 222, 92, 67, 68, 43, 73, 36)
1, (193, 216, 100, 69, 66, 42, 70, 38)
1, (207, 205, 93, 65, 67, 40, 73, 38)
1, (245, 213, 93, 68, 71, 47, 76, 38)
1, (252, 209, 91, 76, 90, 49, 61, 39)
1, (232, 203, 89, 65, 92, 51, 57, 36)
1, (231, 213, 81, 67, 92, 53, 73, 41)
1, (251, 228, 78, 66, 93, 56, 80, 46)
1, (226, 229, 78, 62, 90, 50, 77, 48)
1, (220, 229, 70, 59, 68, 51, 92, 49)
1, (220, 238, 74, 62, 65, 48, 91, 50)
1, (221, 274, 67, 56, 59, 43, 86, 48)
1, (277, 222, 64, 63, 61, 43, 78, 45)
1, (276, 210, 61, 63, 63, 55, 95, 47)
1, (276, 205, 65, 62, 73, 55, 80, 43)
1, (278, 204, 63, 61, 84, 62, 84, 44)
1, (283, 215, 66, 62, 89, 61, 74, 41)
1, (177, 237, 68, 58, 99, 62, 78, 41)
1, (193, 241, 60, 56, 92, 53, 61, 36)
1, (199, 239, 74, 59, 87, 55, 67, 37)
1, (213, 258, 77, 57, 85, 49, 72, 38)
1, (207, 258, 82, 59, 87, 48, 73, 42)
1, (200, 245, 85, 62, 78, 52, 81, 41)
1, (233, 243, 99, 62, 82, 54, 79, 43)
1, (238, 239, 94, 56, 91, 53, 76, 44)
1, (265, 250, 95, 66, 86, 54, 68, 44)
1, (255, 200, 92, 69, 86, 52, 69, 39)
1, (267, 197, 90, 64, 82, 44, 61, 38)
1, (239, 199, 84, 65, 83, 43, 63, 37)
1, (236, 205, 80, 89, 92, 47, 68, 36)
1, (200, 182, 77, 80, 90, 44, 70, 35)
1, (223, 173, 76, 77, 87, 46, 68, 35)
1, (208, 190, 75, 77, 84, 45, 63, 37)
1, (210, 186, 70, 79, 79, 43, 56, 38)
1, (208, 198, 67, 55, 64, 39, 51, 38)
1, (202, 195, 71, 55, 68, 42, 48, 40)
1, (170, 195, 70, 66, 66, 43, 61, 44)
1, (190, 229, 79, 66, 71, 42, 64, 43)
1, (181, 231, 86, 66, 81, 46, 69, 43)
1, (184, 221, 87, 68, 80, 45, 67, 53)
1, (177, 203, 82, 69, 78, 41, 68, 50)
1, (183, 227, 80, 57, 86, 44, 58, 50)
1, (187, 178, 68, 57, 91, 47, 69, 51)
1, (177, 183, 62, 52, 88, 51, 72, 52)
1, (194, 204, 78, 46, 81, 47, 72, 40)
1, (200, 214, 78, 44, 83, 55, 96, 45)
1, (205, 186, 82, 58, 80, 52, 96, 43)
1, (186, 185, 90, 63, 76, 53, 92, 42)
1, (175, 247, 88, 63, 72, 58, 107, 48)
1, (184, 237, 84, 63, 73, 61, 115, 80)
1, (181, 230, 87, 63, 80, 60, 109, 83)
1, (180, 225, 89, 60, 80, 62, 114, 86)
1, (206, 239, 86, 83, 74, 62, 121, 90)
1, (208, 168, 82, 90, 75, 55, 114, 85)
1, (182, 163, 87, 89, 72, 52, 111, 65)
1, (177, 158, 91, 96, 73, 49, 101, 64)
1, (226, 160, 85, 99, 74, 50, 103, 95)
2, (246, 278, 121, 70, 96, 62, 84, 140)
2, (256, 275, 110, 88, 94, 61, 93, 266)
2, (227, 243, 130, 89, 86, 66, 106, 265)
2, (198, 252, 117, 102, 92, 74, 129, 256)
2, (177, 255, 125, 105, 90, 69, 126, 256)
2, (222, 241, 130, 101, 80, 75, 130, 251)
2, (208, 282, 140, 82, 78, 75, 130, 114)
2, (224, 292, 130, 88, 80, 69, 122, 108)
2, (276, 243, 131, 83, 81, 65, 95, 123)
2, (286, 247, 128, 79, 80, 59, 80, 207)
2, (274, 281, 123, 77, 83, 54, 83, 265)
2, (374, 235, 107, 74, 79, 54, 89, 271)
2, (375, 240, 101, 72, 79, 55, 84, 272)
2, (335, 287, 98, 69, 71, 53, 101, 273)
2, (340, 282, 107, 67, 66, 61, 132, 221)
2, (334, 245, 108, 70, 66, 67, 132, 154)
2, (236, 235, 104, 84, 71, 65, 122, 157)
2, (276, 251, 94, 83, 76, 64, 125, 266)
2, (290, 192, 103, 94, 86, 72, 141, 262)
2, (276, 186, 90, 98, 100, 79, 135, 256)
2, (266, 209, 91, 99, 104, 80, 134, 251)
2, (252, 234, 108, 95, 105, 80, 136, 245)
2, (197, 207, 115, 99, 100, 86, 139, 125)
2, (180, 202, 121, 94, 99, 83, 124, 161)
2, (192, 254, 132, 97, 83, 72, 108, 273)
2, (201, 241, 129, 98, 74, 62, 104, 271)
2, (203, 221, 122, 99, 74, 65, 128, 266)
2, (207, 215, 115, 93, 80, 63, 138, 273)
2, (225, 233, 109, 114, 73, 54, 125, 249)
2, (207, 184, 92, 108, 69, 48, 119, 122)
2, (214, 167, 90, 106, 71, 50, 120, 146)
2, (271, 197, 99, 151, 80, 49, 94, 268)
2, (263, 241, 107, 159, 88, 50, 79, 258)
2, (256, 225, 99, 148, 100, 60, 85, 258)
2, (253, 215, 105, 173, 111, 73, 96, 252)
2, (240, 220, 117, 179, 108, 77, 101, 239)
2, (163, 226, 106, 142, 97, 76, 103, 79)
2, (163, 197, 99, 141, 86, 71, 95, 68)
2, (174, 200, 101, 136, 72, 64, 96, 94)
2, (171, 202, 99, 99, 62, 56, 92, 95)
2, (230, 211, 87, 96, 62, 52, 97, 94)
2, (259, 247, 102, 140, 62, 52, 93, 92)
2, (263, 242, 102, 136, 65, 57, 105, 92)
2, (253, 242, 105, 130, 73, 54, 106, 86)
2, (299, 247, 119, 137, 73, 49, 101, 90)
2, (263, 251, 117, 136, 78, 53, 100, 94)
2, (245, 197, 102, 90, 82, 56, 109, 96)
2, (238, 191, 108, 90, 82, 52, 98, 96)
2, (267, 197, 102, 87, 76, 56, 99, 80)
2, (203, 247, 88, 93, 84, 55, 114, 97)
2, (228, 211, 87, 82, 83, 63, 99, 102)
2, (200, 258, 93, 88, 83, 53, 111, 101)
2, (215, 223, 80, 78, 79, 57, 89, 97)
2, (187, 253, 95, 91, 92, 57, 120, 97)
2, (212, 211, 77, 80, 75, 54, 74, 97)
2, (217, 257, 88, 86, 99, 60, 126, 100)
2, (230, 213, 66, 90, 74, 56, 77, 93)
2, (178, 268, 89, 80, 113, 61, 132, 85)
2, (194, 209, 65, 94, 68, 52, 66, 87)
2, (185, 194, 90, 65, 108, 58, 120, 85)
2, (176, 211, 71, 92, 58, 47, 72, 58)
2, (188, 177, 101, 65, 107, 58, 125, 87)
2, (173, 177, 75, 102, 57, 45, 69, 70)
2, (209, 178, 95, 64, 101, 58, 112, 88)
2, (170, 172, 96, 158, 76, 55, 83, 93)
2, (187, 238, 101, 65, 95, 54, 111, 84)
2, (150, 182, 95, 157, 86, 60, 83, 93)
2, (174, 238, 100, 76, 82, 57, 100, 65)
2, (147, 236, 100, 156, 96, 61, 91, 93)
2, (170, 217, 111, 145, 94, 61, 100, 86)
2, (164, 217, 101, 154, 95, 60, 83, 91)
3, (264, 319, 142, 114, 66, 56, 105, 297)
3, (282, 289, 139, 112, 66, 56, 118, 247)
3, (289, 272, 129, 105, 71, 55, 119, 334)
3, (284, 277, 114, 114, 73, 57, 127, 336)
3, (298, 269, 117, 115, 73, 64, 122, 329)
3, (317, 204, 111, 126, 75, 63, 118, 321)
3, (351, 210, 105, 119, 82, 63, 114, 348)
3, (341, 267, 99, 118, 84, 65, 114, 290)
3, (337, 288, 113, 111, 84, 58, 99, 288)
3, (402, 294, 120, 112, 83, 56, 118, 298)
3, (391, 294, 110, 95, 80, 50, 111, 286)
3, (362, 329, 125, 118, 76, 51, 109, 209)
3, (376, 290, 132, 121, 73, 54, 114, 315)
3, (377, 260, 141, 118, 68, 62, 128, 318)
3, (271, 273, 145, 122, 75, 62, 119, 323)
3, (301, 349, 148, 141, 74, 63, 118, 320)
3, (301, 307, 139, 126, 71, 62, 128, 313)
3, (299, 302, 139, 124, 70, 58, 124, 278)
3, (295, 297, 143, 123, 68, 50, 110, 279)
3, (302, 322, 127, 128, 61, 53, 125, 261)
3, (283, 232, 123, 102, 61, 50, 125, 269)
3, (286, 251, 141, 102, 62, 49, 113, 265)
3, (270, 245, 174, 106, 65, 52, 116, 252)
3, (302, 289, 171, 114, 75, 69, 129, 318)
3, (296, 246, 177, 117, 72, 63, 106, 317)
3, (272, 249, 176, 122, 81, 65, 107, 334)
3, (328, 249, 162, 123, 80, 67, 106, 336)
3, (350, 298, 151, 131, 74, 64, 103, 275)
3, (336, 259, 138, 141, 66, 49, 115, 312)
3, (342, 255, 135, 130, 84, 65, 122, 313)
3, (353, 275, 143, 133, 88, 65, 130, 287)
3, (283, 316, 159, 161, 92, 68, 134, 283)
3, (280, 275, 131, 163, 96, 70, 136, 285)
3, (262, 271, 137, 160, 103, 70, 116, 308)
3, (258, 275, 138, 186, 105, 68, 114, 311)
3, (261, 285, 133, 180, 105, 72, 111, 314)
3, (258, 215, 107, 163, 100, 69, 110, 312)
3, (226, 206, 105, 154, 99, 65, 104, 326)
3, (236, 243, 105, 156, 95, 68, 114, 262)
3, (262, 253, 106, 130, 80, 62, 111, 259)
3, (260, 220, 103, 130, 68, 63, 106, 258)
3, (289, 251, 117, 119, 73, 61, 99, 255)
3, (291, 299, 126, 121, 78, 64, 115, 237)
3, (284, 261, 133, 123, 80, 56, 99, 148)
3, (256, 240, 144, 114, 77, 52, 97, 280)
3, (238, 260, 141, 114, 76, 44, 101, 283)
3, (237, 231, 129, 112, 75, 41, 110, 292)
3, (221, 191, 139, 107, 68, 37, 93, 279)
3, (225, 238, 141, 76, 67, 41, 98, 272)
3, (244, 279, 125, 74, 69, 46, 100, 147)
3, (239, 270, 143, 74, 76, 49, 91, 137)
3, (236, 298, 146, 69, 80, 51, 76, 127)
3, (256, 322, 142, 62, 81, 53, 79, 145)
3, (267, 291, 120, 66, 87, 66, 93, 145)
4, (239, 226, 103, 94, 84, 53, 101, 275)
4, (243, 221, 113, 110, 74, 58, 101, 286)
4, (293, 228, 120, 115, 78, 60, 102, 376)
4, (258, 222, 117, 123, 85, 66, 101, 358)
4, (258, 245, 120, 126, 87, 76, 105, 356)
4, (261, 220, 127, 129, 87, 80, 109, 351)
4, (302, 233, 129, 118, 89, 81, 110, 400)
4, (251, 250, 128, 118, 90, 86, 116, 298)
4, (251, 298, 127, 109, 92, 85, 131, 298)
4, (298, 296, 126, 130, 82, 68, 106, 313)
4, (314, 298, 118, 131, 86, 64, 115, 327)
4, (263, 294, 131, 131, 87, 62, 128, 273)
4, (242, 286, 128, 133, 85, 62, 134, 327)
4, (303, 246, 134, 133, 74, 55, 125, 334)
4, (252, 226, 128, 111, 79, 59, 137, 320)
4, (259, 239, 141, 108, 80, 61, 132, 321)
4, (282, 250, 125, 114, 79, 62, 124, 388)
4, (304, 250, 124, 101, 77, 67, 148, 301)
4, (295, 264, 116, 91, 79, 68, 146, 301)
4, (295, 265, 115, 105, 78, 66, 137, 314)
4, (290, 307, 99, 113, 73, 66, 146, 419)
4, (278, 292, 99, 109, 73, 62, 139, 373)
4, (287, 280, 103, 118, 85, 51, 100, 372)
4, (300, 275, 106, 119, 94, 61, 110, 376)
4, (314, 308, 97, 121, 89, 57, 113, 367)
4, (315, 260, 103, 115, 89, 60, 102, 322)
4, (357, 260, 111, 117, 95, 59, 106, 284)
4, (340, 285, 114, 131, 86, 61, 124, 287)
4, (306, 328, 119, 126, 74, 65, 127, 280)
4, (304, 298, 133, 118, 79, 69, 127, 282)
4, (324, 307, 141, 116, 84, 66, 127, 319)
4, (309, 351, 132, 111, 92, 74, 155, 315)
4, (319, 331, 126, 87, 93, 73, 141, 314)
4, (318, 273, 138, 86, 92, 58, 130, 307)
4, (326, 268, 143, 79, 103, 61, 128, 320)
4, (284, 292, 142, 91, 97, 61, 120, 284)
4, (271, 250, 151, 98, 80, 52, 81, 288)
4, (278, 266, 160, 103, 79, 55, 84, 285)
4, (275, 274, 145, 109, 82, 55, 90, 294)
5, (193, 217, 113, 112, 66, 53, 86, 239)
5, (187, 271, 111, 115, 60, 53, 77, 245)
5, (196, 243, 107, 96, 52, 58, 108, 277)
5, (216, 231, 114, 105, 56, 65, 121, 283)
5, (210, 237, 114, 109, 73, 63, 118, 285)
5, (228, 221, 103, 103, 80, 59, 121, 303)
5, (225, 215, 124, 89, 77, 55, 119, 366)
5, (258, 214, 129, 105, 80, 46, 95, 354)
5, (252, 220, 124, 97, 89, 40, 93, 303)
5, (281, 219, 124, 92, 78, 38, 91, 327)
5, (293, 244, 125, 114, 76, 40, 83, 389)
5, (325, 251, 106, 128, 83, 57, 117, 327)
5, (292, 253, 106, 125, 93, 61, 118, 308)
5, (278, 272, 134, 138, 94, 63, 118, 332)
5, (245, 288, 158, 154, 93, 66, 122, 402)
5, (240, 318, 156, 143, 88, 68, 136, 347)
5, (211, 334, 153, 140, 98, 55, 110, 350)
5, (233, 340, 149, 139, 88, 64, 129, 416)
5, (238, 335, 138, 131, 78, 60, 123, 392)
5, (241, 323, 130, 118, 83, 57, 121, 294)
5, (225, 295, 123, 111, 94, 55, 112, 277)
5, (234, 222, 122, 106, 81, 54, 111, 334)
5, (253, 220, 131, 107, 80, 37, 85, 269)
5, (246, 211, 126, 103, 88, 52, 105, 276)
