0, (315, 110, 155, 126, 98, 64, 93, 191)
0, (332, 117, 180, 123, 88, 70, 97, 172)
0, (254, 90, 149, 118, 91, 64, 95, 185)
0, (248, 87, 139, 117, 89, 60, 90, 162)
0, (222, 93, 145, 108, 90, 60, 105, 179)
0, (231, 101, 158, 122, 89, 54, 99, 162)
0, (219, 95, 166, 129, 88, 51, 118, 164)
0, (202, 107, 176, 133, 88, 49, 114, 151)
0, (271, 116, 172, 131, 98, 55, 119, 187)
0, (276, 107, 166, 140, 100, 51, 103, 172)
0, (255, 116, 152, 128, 106, 57, 108, 180)
0, (251, 123, 101, 116, 103, 51, 80, 176)
0, (261, 120, 91, 129, 99, 51, 81, 181)
0, (209, 115, 92, 129, 102, 53, 77, 171)
0, (202, 119, 110, 163, 122, 72, 114, 177)
0, (200, 109, 200, 167, 139, 77, 108, 169)
0, (207, 104, 207, 165, 139, 77, 108, 167)
0, (240, 103, 206, 150, 140, 77, 107, 153)
0, (226, 105, 207, 156, 151, 72, 110, 163)
0, (237, 102, 201, 109, 132, 57, 79, 162)
0, (235, 96, 123, 116, 103, 44, 75, 162)
0, (213, 93, 119, 110, 98, 44, 73, 161)
0, (161, 84, 119, 109, 97, 43, 73, 160)
0, (149, 83, 118, 94, 76, 44, 81, 114)
0, (142, 87, 111, 92, 81, 41, 73, 78)
0, (129, 79, 104, 79, 90, 37, 68, 62)
0, (128, 75, 104, 96, 90, 44, 67, 55)
0, (136, 76, 95, 103, 92, 45, 77, 93)
0, (136, 70, 88, 103, 84, 41, 57, 92)
0, (107, 69, 85, 98, 73, 38, 63, 92)
0, (136, 90, 62, 89, 78, 46, 66, 92)
0, (141, 95, 99, 84, 80, 41, 66, 92)
0, (145, 96, 106, 78, 92, 44, 57, 54)
0, (190, 110, 111, 74, 97, 50, 68, 49)
0, (198, 105, 118, 73, 100, 53, 62, 44)
0, (181, 90, 119, 83, 101, 47, 57, 42)
1, (190, 102, 82, 71, 107, 50, 60, 40)
1, (253, 108, 73, 89, 98, 51, 62, 39)
1, (243, 102, 70, 93, 103, 48, 56, 32)
1, (247, 117, 56, 93, 104, 45, 57, 33)
1, (246, 118, 53, 86, 92, 47, 61, 36)
1, (237, 113, 47, 89, 104, 49, 60, 33)
1, (159, 111, 43, 85, 127, 53, 58, 29)
1, (118, 104, 36, 83, 132, 61, 55, 28)
1, (90, 109, 41, 109, 131, 61, 56, 27)
1, (87, 108, 43, 113, 133, 61, 54, 25)
1, (114, 98, 42, 110, 118, 62, 64, 36)
1, (131, 116, 40, 103, 110, 58, 66, 41)
1, (136, 129, 48, 106, 95, 52, 68, 45)
1, (136, 121, 48, 86, 108, 54, 65, 50)
1, (144, 125, 51, 92, 119, 57, 66, 51)
1, (135, 126, 54, 94, 117, 53, 59, 46)
1, (123, 116, 53, 90, 102, 59, 64, 48)
1, (131, 114, 50, 92, 99, 58, 63, 47)
1, (135, 107, 45, 98, 107, 61, 72, 49)
1, (158, 118, 54, 101, 105, 65, 76, 51)
1, (201, 127, 54, 99, 105, 63, 76, 52)
1, (208, 124, 53, 99, 109, 56, 73, 46)
1, (203, 116, 52, 93, 115, 56, 79, 45)
1, (232, 118, 56, 79, 101, 52, 71, 40)
1, (227, 108, 43, 63, 119, 51, 75, 37)
1, (212, 100, 40, 70, 121, 52, 75, 37)
1, (248, 119, 46, 64, 114, 52, 71, 37)
1, (254, 120, 49, 69, 108, 52, 63, 41)
1, (235, 118, 50, 71, 110, 53, 63, 37)
1, (229, 135, 50, 84, 87, 49, 56, 38)
1, (239, 144, 54, 81, 99, 47, 53, 34)
1, (204, 122, 53, 94, 105, 50, 65, 37)
1, (213, 129, 50, 95, 102, 52, 75, 33)
1, (204, 129, 47, 95, 98, 50, 75, 34)
1, (225, 109, 51, 85, 88, 45, 71, 33)
1, (203, 92, 45, 81, 108, 46, 78, 35)
1, (192, 114, 43, 67, 118, 43, 67, 34)
1, (179, 108, 45, 65, 120, 40, 57, 35)
1, (213, 117, 46, 65, 118, 42, 54, 38)
2, (197, 112, 44, 65, 119, 41, 55, 41)
2, (193, 127, 46, 73, 89, 42, 53, 42)
2, (217, 121, 47, 73, 77, 42, 52, 46)
2, (217, 120, 46, 80, 78, 39, 49, 48)
2, (205, 123, 48, 90, 82, 43, 55, 45)
2, (197, 124, 47, 93, 85, 49, 67, 43)
2, (204, 110, 44, 85, 87, 52, 62, 43)
2, (191, 95, 45, 90, 95, 54, 69, 37)
2, (186, 96, 44, 87, 105, 56, 71, 34)
2, (163, 95, 46, 108, 113, 55, 70, 36)
2, (173, 100, 48, 111, 116, 52, 63, 37)
2, (163, 111, 47, 113, 114, 50, 66, 36)
2, (175, 145, 46, 111, 107, 51, 63, 36)
2, (185, 141, 49, 114, 117, 63, 73, 35)
2, (194, 133, 45, 90, 110, 60, 69, 34)
2, (208, 143, 43, 89, 104, 59, 71, 30)
2, (213, 134, 51, 95, 106, 57, 68, 31)
2, (188, 103, 50, 92, 101, 52, 76, 34)
2, (210, 102, 47, 87, 96, 35, 66, 38)
2, (238, 106, 47, 98, 97, 41, 73, 41)
2, (219, 103, 45, 98, 102, 43, 68, 41)
2, (212, 103, 39, 89, 104, 46, 65, 41)
2, (215, 100, 36, 92, 116, 47, 54, 38)
2, (207, 100, 36, 90, 103, 49, 61, 40)
2, (196, 129, 48, 73, 100, 44, 53, 40)
2, (199, 124, 52, 60, 96, 42, 55, 41)
2, (201, 133, 50, 63, 102, 43, 58, 41)
2, (202, 136, 51, 65, 117, 46, 59, 39)
2, (196, 143, 55, 56, 118, 47, 57, 35)
2, (178, 111, 46, 59, 118, 51, 56, 34)
2, (170, 107, 42, 76, 122, 54, 56, 31)
2, (165, 107, 45, 80, 125, 55, 63, 30)
2, (163, 106, 53, 83, 113, 53, 60, 33)
2, (196, 99, 47, 89, 131, 50, 54, 34)
2, (184, 118, 52, 89, 126, 45, 54, 33)
2, (182, 129, 54, 82, 129, 43, 61, 36)
2, (188, 143, 60, 85, 120, 42, 56, 41)
2, (193, 154, 54, 84, 112, 42, 58, 40)
2, (193, 153, 57, 77, 88, 40, 60, 42)
2, (205, 144, 55, 110, 93, 43, 61, 40)
2, (208, 131, 51, 109, 82, 41, 57, 38)
2, (200, 107, 42, 103, 79, 39, 56, 33)
2, (218, 113, 47, 104, 85, 45, 61, 36)
2, (182, 119, 48, 109, 100, 48, 60, 33)
2, (189, 127, 50, 76, 94, 48, 60, 39)
2, (192, 128, 49, 78, 94, 46, 55, 38)
2, (198, 137, 51, 75, 93, 46, 52, 40)
2, (175, 115, 49, 70, 82, 39, 58, 37)
2, (170, 117, 44, 66, 66, 41, 63, 41)
2, (161, 101, 38, 67, 68, 41, 63, 35)
2, (177, 138, 42, 71, 70, 42, 61, 38)
2, (187, 133, 42, 75, 80, 47, 69, 37)
2, (181, 139, 37, 74, 91, 56, 68, 41)
2, (198, 135, 43, 78, 108, 56, 62, 38)
2, (192, 138, 42, 78, 112, 57, 63, 41)
2, (173, 99, 40, 69, 117, 65, 69, 38)
2, (140, 100, 41, 72, 114, 63, 67, 39)
2, (200, 90, 49, 78, 105, 57, 57, 36)
2, (199, 122, 55, 80, 85, 54, 58, 38)
2, (203, 138, 60, 77, 101, 52, 60, 36)
2, (206, 138, 60, 80, 99, 47, 56, 37)
2, (208, 132, 60, 75, 97, 44, 57, 37)
2, (164, 145, 55, 69, 96, 44, 59, 38)
2, (204, 123, 48, 57, 92, 42, 55, 35)
2, (202, 113, 51, 89, 80, 45, 56, 35)
2, (199, 121, 53, 92, 76, 40, 60, 37)
2, (206, 132, 57, 90, 74, 40, 53, 33)
2, (216, 118, 56, 95, 87, 36, 49, 34)
2, (162, 114, 65, 118, 95, 39, 53, 35)
2, (165, 116, 59, 100, 87, 38, 62, 35)
2, (175, 114, 57, 93, 98, 38, 57, 34)
2, (194, 115, 58, 104, 111, 47, 57, 37)
2, (181, 124, 63, 107, 103, 47, 59, 38)
2, (174, 127, 56, 83, 101, 49, 61, 36)
2, (163, 116, 56, 80, 102, 50, 46, 37)
2, (233, 121, 56, 80, 101, 51, 45, 36)
2, (216, 113, 51, 74, 106, 45, 58, 36)
2, (213, 114, 51, 66, 106, 45, 70, 32)
2, (232, 129, 52, 67, 103, 39, 66, 31)
2, (238, 133, 58, 80, 108, 40, 75, 37)
2, (207, 129, 64, 81, 109, 42, 78, 36)
2, (209, 124, 72, 92, 108, 44, 71, 34)
2, (252, 123, 102, 128, 119, 86, 80, 66)
2, (255, 108, 111, 133, 122, 126, 106, 73)
2, (283, 110, 111, 129, 114, 133, 110, 128)
2, (261, 114, 110, 134, 104, 137, 117, 130)
2, (271, 121, 116, 151, 112, 138, 128, 143)
2, (246, 124, 100, 156, 105, 119, 128, 147)
2, (234, 129, 93, 188, 108, 77, 109, 148)
2, (197, 137, 105, 209, 108, 68, 107, 106)
2, (209, 141, 106, 218, 111, 59, 100, 104)
2, (202, 138, 105, 230, 90, 68, 99, 90)
2, (208, 148, 99, 220, 91, 76, 115, 127)
2, (259, 155, 104, 233, 88, 80, 120, 133)
2, (266, 145, 94, 223, 92, 78, 115, 135)
2, (274, 135, 113, 219, 93, 77, 115, 137)
2, (244, 119, 85, 139, 81, 67, 94, 135)
2, (276, 134, 151, 208, 95, 83, 134, 138)
2, (262, 115, 91, 213, 94, 72, 98, 124)
2, (258, 133, 151, 265, 102, 82, 115, 93)
2, (269, 120, 89, 221, 99, 75, 109, 134)
2, (231, 138, 149, 233, 101, 79, 109, 101)
2, (252, 115, 87, 224, 92, 72, 102, 98)
2, (272, 147, 147, 228, 106, 85, 122, 100)
2, (244, 133, 86, 222, 112, 74, 110, 147)
2, (283, 161, 146, 237, 111, 86, 123, 101)
2, (258, 140, 105, 232, 120, 71, 106, 145)
2, (288, 172, 98, 230, 123, 83, 111, 148)
2, (278, 155, 89, 160, 114, 73, 116, 146)
3, (291, 122, 134, 189, 74, 54, 101, 184)
3, (213, 99, 136, 183, 78, 61, 102, 181)
3, (226, 92, 140, 184, 81, 55, 86, 173)
3, (220, 94, 131, 163, 78, 56, 86, 206)
3, (248, 99, 129, 167, 90, 56, 87, 195)
3, (244, 107, 133, 164, 90, 52, 81, 178)
3, (253, 108, 135, 209, 95, 46, 75, 169)
3, (301, 118, 141, 208, 93, 54, 109, 182)
3, (309, 131, 150, 201, 97, 59, 113, 133)
3, (291, 136, 168, 200, 88, 64, 123, 98)
3, (279, 126, 167, 203, 93, 65, 124, 104)
3, (288, 120, 165, 172, 89, 68, 123, 107)
3, (261, 117, 166, 168, 92, 62, 92, 156)
3, (260, 108, 177, 149, 86, 63, 106, 157)
3, (234, 102, 178, 184, 84, 59, 99, 162)
3, (272, 107, 187, 192, 77, 62, 101, 167)
3, (313, 127, 184, 250, 72, 63, 124, 224)
3, (302, 134, 173, 245, 65, 70, 140, 181)
3, (312, 128, 152, 261, 65, 69, 141, 181)
3, (338, 129, 127, 239, 83, 75, 145, 194)
3, (315, 120, 123, 232, 107, 72, 141, 195)
3, (263, 100, 123, 171, 119, 66, 119, 125)
3, (251, 91, 119, 176, 118, 74, 116, 168)
3, (243, 107, 129, 146, 119, 81, 128, 169)
3, (235, 111, 133, 152, 109, 76, 121, 157)
3, (231, 115, 167, 221, 94, 77, 125, 150)
3, (253, 138, 173, 212, 89, 78, 131, 174)
3, (264, 135, 175, 210, 90, 64, 113, 152)
3, (292, 125, 172, 215, 88, 49, 84, 177)
3, (280, 122, 176, 233, 92, 53, 100, 172)
3, (288, 119, 141, 172, 80, 52, 96, 168)
3, (295, 94, 158, 173, 69, 54, 89, 179)
3, (332, 95, 156, 182, 80, 57, 103, 189)
3, (301, 104, 150, 177, 82, 75, 131, 171)
3, (307, 104, 147, 206, 80, 69, 118, 172)
3, (310, 129, 138, 219, 78, 69, 119, 175)
3, (276, 125, 131, 217, 91, 70, 126, 177)
3, (213, 135, 130, 232, 107, 74, 123, 151)
3, (223, 128, 123, 243, 118, 63, 99, 146)
3, (241, 131, 134, 251, 136, 63, 97, 151)
3, (224, 107, 150, 260, 137, 63, 97, 157)
3, (264, 111, 130, 273, 128, 62, 92, 168)
3, (262, 94, 136, 272, 111, 56, 80, 162)
3, (287, 91, 136, 283, 101, 46, 72, 168)
3, (278, 87, 122, 248, 76, 46, 73, 174)
3, (274, 91, 122, 277, 81, 55, 71, 165)
3, (237, 91, 124, 304, 107, 59, 71, 152)
3, (226, 89, 116, 296, 120, 69, 86, 173)
3, (180, 84, 113, 274, 123, 70, 84, 175)
3, (163, 82, 110, 279, 124, 75, 91, 162)
3, (157, 80, 95, 266, 128, 69, 89, 208)
3, (168, 80, 94, 222, 120, 64, 95, 183)
3, (196, 91, 99, 215, 127, 58, 82, 172)
3, (210, 101, 116, 223, 122, 69, 110, 161)
3, (200, 99, 121, 202, 123, 71, 111, 162)
3, (216, 101, 121, 149, 117, 70, 113, 111)
3, (217, 118, 118, 133, 102, 69, 109, 110)
3, (219, 117, 113, 128, 89, 67, 114, 134)
3, (219, 108, 98, 135, 86, 67, 94, 135)
4, (259, 94, 127, 98, 96, 60, 98, 148)
4, (243, 97, 122, 100, 120, 66, 97, 145)
4, (243, 99, 118, 98, 115, 61, 80, 121)
4, (192, 86, 119, 119, 110, 65, 82, 139)
4, (202, 90, 116, 133, 116, 64, 86, 159)
4, (199, 101, 101, 139, 114, 57, 77, 147)
4, (255, 117, 110, 150, 99, 55, 80, 145)
4, (245, 116, 105, 152, 104, 54, 92, 160)
4, (229, 109, 109, 137, 98, 52, 96, 151)
4, (239, 109, 115, 171, 95, 48, 89, 152)
4, (244, 98, 118, 169, 114, 52, 89, 155)
4, (206, 77, 111, 156, 104, 47, 92, 159)
4, (218, 73, 126, 155, 96, 47, 81, 164)
4, (268, 78, 139, 149, 97, 48, 76, 146)
4, (254, 81, 124, 104, 103, 52, 79, 124)
4, (276, 84, 129, 110, 81, 53, 96, 158)
4, (289, 83, 148, 127, 93, 58, 95, 165)
4, (301, 93, 150, 145, 120, 57, 99, 149)
4, (283, 99, 137, 155, 121, 55, 99, 153)
4, (299, 117, 146, 151, 111, 52, 99, 155)
4, (293, 135, 146, 152, 114, 52, 92, 124)
4, (292, 140, 134, 138, 114, 52, 112, 149)
4, (281, 138, 127, 117, 85, 50, 109, 148)
4, (255, 135, 136, 103, 79, 50, 105, 151)
4, (257, 116, 141, 109, 98, 53, 109, 152)
4, (259, 102, 141, 112, 98, 69, 146, 211)
4, (237, 100, 135, 116, 92, 69, 129, 183)
4, (244, 107, 142, 161, 90, 70, 130, 183)
4, (260, 102, 148, 174, 103, 69, 132, 185)
4, (246, 104, 142, 178, 91, 76, 150, 192)
4, (222, 98, 152, 180, 96, 63, 112, 118)
4, (211, 91, 154, 197, 104, 70, 114, 148)
4, (264, 108, 143, 175, 105, 69, 117, 157)
4, (256, 117, 133, 176, 92, 75, 134, 158)
4, (262, 117, 144, 210, 92, 66, 110, 153)
4, (275, 114, 138, 202, 77, 62, 102, 191)
5, (218, 103, 115, 124, 73, 53, 85, 167)
5, (218, 97, 102, 129, 89, 50, 78, 100)
5, (209, 93, 101, 121, 90, 48, 64, 150)
5, (209, 86, 99, 95, 91, 48, 69, 152)
5, (209, 85, 100, 106, 94, 48, 71, 157)
5, (186, 74, 95, 106, 115, 43, 63, 154)
5, (171, 78, 100, 86, 122, 38, 67, 154)
5, (181, 84, 99, 111, 126, 40, 70, 123)
5, (260, 92, 90, 123, 127, 39, 65, 125)
5, (256, 87, 85, 132, 132, 41, 63, 121)
5, (245, 90, 75, 133, 127, 44, 70, 155)
5, (248, 102, 72, 133, 114, 51, 66, 163)
5, (250, 100, 79, 117, 122, 59, 79, 155)
5, (197, 105, 85, 124, 126, 63, 85, 147)
5, (211, 105, 115, 105, 134, 64, 85, 149)
5, (211, 110, 114, 112, 123, 61, 96, 125)
5, (232, 100, 113, 127, 115, 59, 107, 144)
5, (243, 102, 108, 124, 112, 48, 93, 167)
5, (217, 92, 105, 116, 120, 52, 92, 168)
5, (201, 102, 101, 136, 112, 53, 93, 166)
5, (216, 96, 114, 140, 118, 70, 112, 166)
5, (227, 86, 112, 129, 127, 69, 103, 142)
5, (206, 83, 107, 129, 140, 73, 104, 137)
5, (220, 86, 105, 118, 130, 70, 116, 138)
5, (239, 103, 75, 105, 124, 70, 133, 142)
5, (235, 109, 63, 93, 131, 53, 117, 149)
5, (209, 113, 77, 89, 127, 49, 113, 161)
5, (224, 113, 85, 98, 109, 42, 117, 170)
5, (212, 111, 105, 98, 104, 54, 133, 179)
5, (225, 108, 136, 97, 105, 51, 125, 181)
5, (227, 106, 140, 93, 119, 57, 115, 167)
5, (206, 100, 138, 100, 117, 56, 117, 208)
5, (203, 97, 144, 91, 115, 59, 116, 187)
5, (243, 98, 131, 114, 120, 59, 100, 199)
5, (242, 85, 111, 115, 121, 60, 94, 198)
5, (269, 84, 117, 111, 92, 53, 93, 198)
5, (270, 84, 120, 127, 107, 63, 105, 205)
5, (267, 95, 112, 131, 115, 63, 109, 198)
5, (265, 101, 112, 110, 111, 59, 97, 176)
5, (277, 96, 112, 131, 106, 60, 93, 181)
5, (300, 95, 141, 139, 126, 61, 110, 198)
5, (300, 99, 143, 136, 122, 53, 97, 128)
5, (299, 87, 145, 137, 114, 51, 87, 128)
5, (279, 88, 150, 147, 114, 45, 87, 133)
5, (253, 86, 151, 126, 115, 49, 107, 134)
5, (178, 80, 133, 136, 103, 54, 118, 145)
5, (176, 91, 147, 120, 90, 54, 122, 161)
5, (193, 103, 174, 135, 90, 56, 127, 161)
5, (222, 124, 169, 125, 104, 57, 134, 176)
5, (207, 129, 162, 119, 106, 61, 134, 173)
5, (235, 136, 147, 103, 99, 58, 128, 185)
5, (229, 127, 136, 112, 103, 57, 128, 178)
5, (226, 126, 129, 101, 99, 56, 125, 179)
5, (223, 104, 138, 100, 98, 55, 115, 161)
5, (257, 94, 144, 105, 91, 51, 103, 161)
5, (242, 94, 159, 116, 99, 51, 82, 126)
5, (252, 99, 159, 108, 109, 51, 83, 168)
5, (264, 93, 135, 101, 116, 54, 80, 170)
5, (247, 87, 130, 103, 103, 56, 86, 170)
5, (207, 96, 161, 133, 110, 55, 77, 164)
5, (206, 94, 150, 122, 115, 57, 80, 160)
5, (210, 99, 150, 127, 114, 61, 76, 114)
5, (183, 96, 183, 132, 111, 61, 81, 142)
5, (212, 95, 185, 129, 106, 55, 76, 137)
5, (218, 96, 184, 110, 119, 60, 89, 145)
5, (229, 94, 182, 111, 118, 64, 94, 134)
5, (225, 95, 178, 105, 103, 60, 90, 130)
5, (234, 100, 148, 101, 107, 60, 91, 143)
5, (201, 103, 150, 109, 121, 62, 87, 154)
5, (206, 109, 137, 101, 107, 54, 75, 148)
5, (191, 106, 138, 135, 96, 58, 96, 147)
5, (205, 98, 138, 138, 96, 59, 101, 150)
5, (216, 92, 139, 137, 100, 63, 111, 134)
5, (269, 106, 135, 137, 101, 63, 114, 137)
5, (259, 92, 119, 137, 97, 66, 114, 137)
