0, (274, 266, 196, 204, 101, 75, 137, 286)
0, (265, 256, 192, 208, 105, 72, 139, 161)
0, (213, 263, 183, 198, 81, 59, 127, 139)
0, (215, 319, 219, 179, 75, 57, 121, 127)
0, (209, 301, 226, 185, 79, 57, 112, 116)
0, (182, 298, 226, 188, 95, 55, 106, 262)
0, (166, 287, 231, 187, 102, 61, 110, 267)
0, (170, 273, 246, 186, 105, 58, 90, 274)
0, (182, 238, 228, 187, 107, 58, 100, 281)
0, (155, 212, 226, 230, 106, 53, 92, 281)
0, (220, 304, 214, 238, 91, 54, 91, 158)
0, (268, 326, 208, 218, 75, 58, 83, 139)
0, (283, 341, 202, 285, 80, 71, 125, 108)
0, (276, 349, 181, 285, 80, 71, 122, 107)
0, (282, 364, 170, 239, 89, 72, 123, 106)
0, (229, 289, 150, 226, 86, 70, 124, 96)
0, (171, 268, 154, 227, 85, 63, 116, 93)
0, (162, 248, 138, 106, 75, 49, 70, 85)
0, (172, 250, 132, 96, 77, 45, 58, 59)
0, (163, 250, 125, 92, 76, 48, 67, 41)
0, (156, 271, 134, 94, 79, 52, 75, 42)
0, (169, 271, 127, 81, 79, 55, 85, 44)
0, (150, 281, 117, 72, 81, 64, 92, 43)
0, (139, 255, 141, 69, 86, 76, 110, 60)
0, (149, 251, 147, 76, 89, 77, 107, 63)
0, (248, 261, 145, 82, 85, 76, 100, 66)
0, (257, 266, 141, 85, 88, 78, 106, 72)
0, (296, 301, 156, 86, 97, 75, 104, 74)
0, (298, 293, 135, 96, 107, 77, 99, 66)
0, (300, 297, 126, 93, 98, 74, 96, 68)
0, (245, 289, 133, 92, 103, 73, 106, 66)
0, (242, 337, 132, 92, 100, 67, 93, 63)
0, (220, 300, 117, 93, 97, 64, 87, 60)
0, (246, 295, 112, 72, 89, 60, 88, 57)
0, (241, 307, 117, 67, 87, 58, 100, 51)
0, (220, 319, 103, 75, 80, 56, 91, 49)
0, (236, 258, 109, 78, 84, 55, 90, 50)
0, (225, 271, 122, 80, 82, 52, 94, 49)
0, (193, 296, 132, 88, 95, 59, 117, 48)
0, (222, 304, 130, 93, 94, 68, 118, 49)
0, (234, 311, 133, 82, 94, 69, 120, 55)
0, (195, 328, 125, 75, 99, 77, 121, 55)
0, (207, 337, 108, 75, 107, 80, 118, 59)
0, (204, 316, 102, 76, 92, 64, 86, 56)
0, (185, 350, 110, 71, 92, 58, 80, 62)
0, (185, 318, 108, 75, 95, 69, 77, 57)
0, (232, 325, 115, 79, 91, 59, 90, 58)
0, (230, 323, 117, 74, 81, 57, 89, 55)
0, (243, 341, 120, 75, 74, 60, 98, 57)
0, (239, 332, 124, 77, 73, 59, 88, 51)
0, (248, 331, 122, 75, 82, 51, 103, 52)
0, (233, 327, 116, 77, 94, 54, 94, 50)
0, (230, 303, 112, 87, 97, 60, 119, 66)
0, (215, 292, 114, 133, 106, 71, 142, 74)
0, (217, 267, 104, 198, 114, 76, 160, 72)
0, (210, 295, 107, 204, 111, 84, 167, 84)
0, (201, 276, 107, 206, 94, 81, 168, 103)
0, (235, 291, 120, 208, 90, 80, 155, 99)
0, (233, 342, 123, 199, 90, 76, 138, 92)
0, (269, 327, 130, 149, 83, 71, 124, 92)
1, (276, 311, 164, 179, 87, 68, 113, 223)
1, (293, 328, 172, 189, 90, 75, 119, 228)
1, (260, 335, 162, 190, 93, 76, 120, 236)
1, (270, 299, 157, 171, 86, 69, 107, 243)
1, (270, 376, 163, 162, 95, 69, 105, 249)
1, (273, 383, 133, 142, 88, 66, 111, 140)
1, (255, 395, 124, 127, 90, 62, 109, 123)
1, (295, 385, 143, 123, 82, 58, 117, 137)
1, (300, 415, 145, 123, 79, 57, 122, 282)
1, (275, 356, 150, 126, 69, 60, 131, 289)
1, (297, 342, 156, 99, 70, 54, 114, 293)
1, (303, 342, 158, 89, 81, 55, 118, 301)
1, (269, 375, 158, 88, 88, 56, 121, 290)
1, (274, 344, 156, 97, 96, 55, 121, 147)
1, (285, 333, 148, 120, 99, 57, 123, 122)
1, (257, 365, 140, 118, 98, 55, 127, 113)
1, (280, 345, 143, 119, 91, 58, 133, 282)
1, (276, 303, 137, 118, 98, 52, 122, 302)
1, (288, 289, 139, 115, 90, 61, 134, 308)
1, (274, 317, 129, 99, 84, 56, 120, 315)
1, (313, 341, 167, 117, 99, 66, 127, 323)
1, (292, 339, 184, 156, 108, 67, 121, 179)
1, (293, 363, 190, 155, 98, 70, 122, 139)
1, (318, 376, 203, 172, 100, 66, 114, 277)
1, (312, 337, 210, 171, 111, 69, 122, 280)
1, (269, 279, 209, 158, 104, 62, 106, 279)
1, (287, 307, 198, 128, 92, 54, 112, 284)
1, (301, 279, 181, 137, 87, 54, 108, 289)
2, (262, 248, 167, 110, 110, 51, 93, 155)
2, (261, 338, 161, 106, 109, 58, 99, 292)
2, (262, 403, 119, 116, 110, 56, 101, 301)
2, (226, 377, 116, 121, 108, 57, 78, 298)
2, (223, 384, 138, 112, 126, 55, 72, 296)
2, (292, 384, 241, 261, 119, 85, 122, 286)
2, (213, 444, 143, 129, 111, 67, 106, 295)
2, (253, 279, 223, 251, 109, 84, 121, 283)
2, (263, 388, 137, 131, 99, 71, 127, 147)
2, (221, 304, 172, 246, 93, 85, 116, 343)
2, (253, 337, 140, 126, 91, 72, 134, 114)
2, (257, 326, 154, 218, 96, 88, 125, 286)
2, (262, 352, 146, 126, 98, 72, 138, 268)
2, (297, 306, 167, 270, 90, 65, 117, 297)
2, (249, 340, 155, 132, 79, 73, 140, 282)
2, (284, 292, 166, 265, 83, 60, 102, 306)
2, (248, 281, 152, 128, 76, 64, 123, 284)
2, (287, 302, 192, 239, 90, 59, 102, 307)
2, (213, 298, 161, 137, 81, 51, 99, 294)
2, (351, 289, 188, 251, 87, 62, 106, 321)
2, (284, 338, 178, 134, 92, 48, 92, 292)
2, (351, 276, 177, 254, 85, 63, 105, 302)
2, (276, 324, 167, 143, 90, 50, 87, 274)
2, (338, 336, 205, 198, 79, 67, 89, 297)
2, (300, 364, 173, 153, 87, 52, 94, 273)
2, (350, 339, 209, 202, 94, 75, 93, 291)
2, (332, 384, 183, 172, 84, 58, 102, 283)
2, (342, 316, 208, 200, 90, 76, 98, 307)
2, (330, 412, 179, 173, 101, 57, 100, 276)
2, (310, 307, 218, 160, 84, 75, 101, 312)
2, (270, 379, 195, 216, 109, 60, 103, 284)
2, (269, 318, 226, 153, 78, 66, 90, 302)
2, (289, 388, 214, 213, 105, 59, 102, 273)
2, (231, 282, 189, 156, 82, 60, 82, 296)
2, (317, 394, 205, 210, 111, 63, 102, 319)
2, (217, 311, 195, 146, 79, 56, 89, 295)
2, (302, 378, 213, 196, 131, 63, 110, 322)
2, (295, 367, 177, 136, 87, 67, 95, 288)
2, (303, 336, 214, 188, 122, 70, 103, 318)
2, (283, 363, 178, 158, 118, 63, 85, 186)
2, (321, 327, 209, 150, 110, 70, 97, 313)
2, (299, 336, 163, 151, 119, 64, 88, 284)
2, (333, 339, 191, 158, 114, 70, 112, 280)
2, (309, 398, 176, 142, 118, 65, 90, 285)
2, (322, 301, 188, 149, 116, 69, 120, 294)
2, (342, 408, 171, 129, 110, 67, 90, 289)
2, (312, 312, 179, 157, 100, 65, 99, 314)
2, (282, 355, 172, 216, 123, 59, 84, 271)
2, (332, 339, 179, 169, 92, 54, 104, 318)
2, (263, 397, 181, 219, 104, 65, 95, 248)
2, (319, 320, 151, 159, 86, 50, 104, 319)
2, (257, 428, 190, 254, 106, 72, 99, 128)
2, (284, 325, 166, 144, 96, 55, 120, 285)
2, (257, 362, 177, 266, 107, 71, 106, 151)
2, (240, 315, 160, 149, 98, 53, 109, 372)
2, (209, 351, 160, 270, 110, 67, 106, 288)
2, (232, 296, 163, 143, 94, 48, 108, 368)
2, (210, 384, 172, 213, 85, 64, 112, 300)
2, (206, 264, 169, 122, 97, 56, 105, 371)
2, (215, 397, 149, 199, 86, 60, 113, 307)
2, (215, 346, 167, 131, 108, 64, 118, 374)
2, (223, 377, 142, 145, 87, 57, 112, 312)
2, (234, 358, 171, 139, 96, 59, 96, 381)
2, (227, 380, 166, 141, 90, 59, 103, 329)
3, (240, 273, 227, 189, 81, 82, 177, 308)
3, (228, 290, 233, 187, 74, 81, 167, 297)
3, (255, 274, 218, 218, 81, 76, 157, 296)
3, (251, 250, 205, 203, 91, 72, 132, 293)
3, (252, 269, 206, 191, 98, 75, 140, 289)
3, (284, 393, 193, 175, 99, 67, 106, 167)
3, (289, 399, 166, 190, 106, 73, 119, 302)
3, (277, 420, 164, 180, 104, 85, 137, 297)
3, (264, 448, 152, 175, 99, 90, 148, 294)
3, (274, 460, 141, 171, 98, 92, 141, 311)
3, (235, 354, 141, 166, 99, 97, 161, 320)
3, (224, 341, 170, 165, 98, 94, 158, 206)
3, (232, 336, 161, 137, 100, 80, 137, 306)
3, (281, 368, 163, 137, 96, 74, 129, 316)
3, (262, 339, 175, 134, 83, 67, 123, 296)
3, (301, 358, 194, 160, 88, 60, 94, 277)
3, (294, 364, 176, 180, 87, 57, 82, 272)
3, (290, 372, 172, 175, 79, 55, 82, 173)
3, (265, 319, 167, 188, 76, 58, 81, 312)
3, (247, 345, 164, 187, 95, 72, 89, 307)
3, (210, 323, 138, 175, 83, 65, 89, 307)
3, (226, 310, 168, 147, 82, 72, 90, 306)
3, (197, 335, 169, 170, 90, 73, 94, 308)
3, (186, 368, 187, 166, 98, 72, 90, 257)
3, (221, 362, 191, 172, 86, 70, 94, 264)
3, (213, 388, 205, 176, 87, 73, 97, 274)
3, (257, 479, 197, 223, 99, 68, 95, 281)
3, (288, 444, 244, 233, 116, 73, 98, 289)
3, (290, 410, 256, 261, 112, 75, 100, 302)
3, (276, 404, 247, 259, 115, 84, 112, 296)
4, (219, 294, 191, 196, 121, 70, 114, 306)
4, (236, 270, 174, 164, 112, 70, 117, 318)
4, (247, 320, 182, 148, 90, 69, 112, 322)
4, (268, 330, 183, 147, 85, 63, 110, 338)
4, (280, 305, 164, 154, 77, 57, 97, 318)
4, (267, 323, 171, 147, 75, 62, 106, 306)
4, (284, 332, 175, 144, 71, 56, 111, 301)
4, (255, 274, 180, 191, 95, 56, 110, 291)
4, (224, 248, 168, 195, 99, 63, 118, 273)
4, (226, 288, 171, 193, 104, 65, 126, 305)
4, (246, 252, 182, 195, 106, 62, 123, 317)
4, (212, 271, 205, 192, 107, 71, 130, 309)
4, (230, 293, 214, 158, 85, 74, 153, 311)
4, (248, 303, 216, 168, 86, 73, 156, 314)
5, (295, 328, 175, 221, 83, 58, 102, 278)
5, (260, 299, 221, 224, 86, 59, 111, 228)
5, (260, 234, 204, 210, 83, 60, 109, 173)
5, (265, 278, 237, 228, 88, 62, 104, 295)
5, (255, 294, 232, 224, 82, 62, 107, 295)
5, (259, 314, 235, 188, 85, 65, 112, 289)
5, (239, 317, 200, 186, 94, 67, 102, 286)
5, (249, 336, 230, 212, 102, 65, 106, 289)
5, (238, 332, 192, 189, 90, 54, 100, 274)
5, (251, 334, 193, 198, 92, 61, 101, 297)
5, (251, 344, 187, 204, 98, 64, 113, 295)
5, (236, 358, 190, 184, 89, 61, 113, 297)
5, (219, 346, 145, 155, 91, 68, 111, 289)
5, (214, 334, 140, 155, 104, 75, 123, 274)
5, (194, 324, 138, 156, 108, 68, 139, 259)
5, (167, 272, 144, 155, 105, 65, 126, 258)
5, (159, 316, 139, 188, 104, 65, 128, 252)
5, (206, 359, 146, 195, 96, 58, 124, 255)
5, (198, 359, 144, 191, 82, 50, 112, 265)
5, (198, 350, 148, 188, 74, 48, 88, 255)
5, (222, 391, 145, 187, 79, 47, 92, 255)
5, (234, 354, 145, 146, 93, 55, 95, 254)
5, (226, 352, 148, 130, 97, 66, 107, 267)
5, (268, 359, 150, 139, 93, 68, 109, 222)
5, (278, 382, 182, 131, 101, 69, 106, 279)
5, (270, 339, 175, 166, 106, 68, 100, 278)
5, (264, 308, 172, 172, 108, 65, 103, 308)
5, (245, 297, 187, 179, 108, 58, 91, 301)
5, (229, 284, 196, 178, 115, 64, 107, 315)
5, (213, 262, 169, 180, 114, 65, 101, 288)
5, (207, 265, 183, 154, 105, 67, 106, 304)
5, (209, 281, 182, 150, 103, 68, 97, 281)
5, (245, 330, 173, 141, 105, 72, 106, 265)
5, (223, 364, 161, 148, 98, 66, 88, 261)
5, (221, 355, 164, 170, 115, 68, 91, 279)
5, (218, 358, 154, 158, 113, 66, 95, 270)
5, (272, 363, 154, 159, 102, 65, 114, 279)
5, (256, 286, 157, 161, 96, 61, 101, 288)
5, (273, 233, 170, 179, 97, 60, 101, 373)
5, (276, 258, 179, 183, 69, 56, 106, 341)
5, (290, 274, 204, 199, 70, 58, 103, 340)
5, (256, 266, 203, 244, 70, 55, 83, 335)
5, (242, 283, 184, 245, 79, 57, 90, 343)
5, (235, 325, 187, 235, 80, 53, 88, 354)
5, (230, 321, 191, 245, 92, 60, 83, 356)
5, (234, 305, 171, 249, 114, 62, 92, 358)
5, (228, 307, 185, 206, 118, 64, 94, 360)
5, (221, 320, 204, 203, 118, 67, 107, 423)
