0, (197, 103, 108, 119, 81, 59, 85, 169)
0, (194, 102, 104, 132, 97, 62, 98, 196)
0, (198, 97, 105, 126, 99, 63, 104, 198)
0, (210, 101, 119, 130, 107, 63, 94, 194)
0, (198, 101, 109, 120, 109, 56, 87, 140)
0, (184, 91, 114, 124, 112, 55, 89, 150)
0, (179, 89, 113, 109, 114, 52, 74, 152)
0, (213, 100, 111, 127, 115, 57, 81, 149)
0, (205, 92, 90, 124, 120, 57, 82, 155)
0, (195, 82, 94, 134, 123, 65, 85, 159)
0, (199, 85, 85, 151, 116, 58, 87, 143)
0, (203, 81, 87, 164, 98, 60, 96, 100)
0, (169, 72, 75, 144, 97, 54, 84, 137)
0, (176, 76, 127, 144, 98, 52, 83, 137)
0, (166, 81, 147, 145, 90, 50, 97, 137)
0, (160, 90, 145, 125, 90, 51, 95, 141)
0, (146, 94, 145, 113, 95, 48, 87, 144)
0, (136, 97, 158, 128, 88, 54, 89, 104)
0, (123, 95, 138, 125, 80, 56, 98, 93)
0, (129, 94, 115, 112, 82, 55, 85, 82)
0, (124, 86, 116, 110, 84, 52, 77, 67)
0, (123, 90, 116, 104, 87, 52, 74, 55)
0, (117, 83, 97, 70, 93, 45, 71, 45)
0, (92, 77, 67, 68, 89, 42, 50, 37)
0, (76, 76, 57, 68, 83, 39, 58, 29)
0, (81, 75, 56, 72, 80, 39, 60, 29)
0, (85, 72, 51, 73, 104, 42, 70, 32)
0, (106, 77, 50, 73, 114, 51, 82, 32)
0, (128, 92, 52, 61, 113, 52, 83, 35)
0, (127, 90, 50, 59, 115, 50, 73, 32)
0, (122, 87, 48, 65, 117, 51, 70, 31)
0, (127, 100, 51, 78, 106, 50, 61, 30)
0, (124, 99, 55, 122, 125, 57, 68, 34)
0, (117, 103, 58, 130, 138, 60, 67, 33)
1, (140, 106, 54, 88, 100, 41, 54, 33)
1, (125, 99, 48, 97, 101, 43, 64, 32)
1, (126, 111, 56, 124, 130, 60, 66, 34)
1, (122, 113, 57, 124, 127, 62, 66, 34)
1, (128, 107, 57, 120, 127, 61, 58, 38)
1, (139, 114, 49, 98, 109, 56, 55, 40)
1, (163, 115, 47, 92, 113, 52, 58, 42)
1, (160, 112, 44, 90, 123, 58, 65, 41)
1, (148, 101, 41, 83, 123, 57, 62, 40)
1, (164, 106, 42, 80, 120, 55, 61, 39)
1, (166, 131, 50, 77, 114, 51, 67, 42)
1, (150, 130, 47, 61, 92, 50, 70, 41)
1, (158, 113, 49, 64, 76, 41, 67, 42)
1, (169, 119, 46, 61, 66, 41, 67, 42)
2, (182, 127, 47, 59, 66, 41, 68, 42)
2, (182, 101, 40, 61, 67, 40, 67, 37)
2, (181, 121, 48, 77, 84, 50, 63, 39)
2, (181, 131, 48, 77, 85, 50, 59, 37)
2, (170, 129, 51, 79, 88, 53, 67, 36)
2, (140, 138, 50, 84, 95, 63, 65, 34)
2, (152, 154, 51, 87, 112, 70, 67, 33)
2, (171, 140, 45, 72, 112, 64, 70, 35)
2, (158, 141, 47, 70, 115, 65, 77, 38)
2, (154, 153, 51, 70, 117, 65, 68, 39)
2, (149, 139, 53, 75, 113, 61, 76, 37)
2, (137, 120, 53, 68, 100, 51, 73, 38)
2, (112, 119, 52, 72, 87, 51, 72, 37)
2, (116, 107, 52, 73, 110, 53, 65, 34)
2, (137, 84, 50, 73, 117, 52, 68, 35)
2, (155, 97, 42, 60, 114, 47, 57, 36)
2, (149, 100, 42, 70, 117, 47, 57, 36)
2, (156, 99, 44, 72, 124, 48, 62, 37)
2, (172, 101, 45, 70, 137, 58, 63, 42)
2, (157, 121, 49, 81, 134, 62, 74, 41)
2, (156, 132, 50, 87, 136, 61, 75, 42)
2, (165, 125, 50, 93, 137, 63, 73, 41)
2, (168, 127, 49, 88, 131, 61, 69, 41)
2, (156, 139, 51, 114, 95, 51, 71, 37)
2, (172, 122, 54, 111, 85, 41, 57, 35)
2, (174, 94, 57, 118, 88, 43, 57, 35)
2, (176, 113, 59, 112, 100, 38, 57, 36)
2, (172, 130, 60, 114, 104, 37, 57, 36)
2, (165, 127, 58, 89, 97, 34, 52, 34)
2, (146, 133, 54, 83, 105, 37, 61, 36)
2, (142, 146, 49, 63, 105, 34, 63, 36)
2, (150, 143, 45, 64, 98, 37, 61, 36)
2, (150, 132, 44, 74, 100, 39, 62, 35)
2, (151, 129, 41, 78, 102, 39, 62, 34)
2, (170, 130, 37, 75, 98, 39, 62, 35)
2, (177, 121, 44, 75, 107, 41, 61, 39)
2, (172, 114, 45, 76, 110, 46, 66, 36)
2, (168, 113, 52, 70, 104, 47, 84, 35)
2, (200, 108, 53, 81, 102, 49, 97, 50)
2, (202, 98, 67, 93, 109, 48, 97, 75)
2, (184, 95, 74, 96, 103, 52, 102, 75)
2, (200, 91, 80, 91, 88, 52, 100, 78)
2, (199, 101, 112, 133, 117, 52, 93, 77)
2, (167, 102, 121, 152, 122, 56, 81, 70)
2, (160, 116, 116, 146, 125, 55, 88, 65)
2, (158, 115, 113, 147, 119, 56, 84, 66)
3, (124, 116, 111, 170, 124, 57, 86, 65)
3, (147, 115, 82, 139, 104, 55, 84, 72)
3, (165, 112, 74, 111, 95, 52, 81, 71)
3, (156, 98, 75, 116, 89, 58, 78, 62)
3, (158, 97, 72, 115, 95, 53, 86, 76)
3, (156, 92, 80, 82, 100, 51, 85, 78)
3, (142, 70, 88, 79, 97, 49, 78, 74)
3, (140, 98, 106, 83, 107, 51, 83, 74)
3, (149, 110, 105, 83, 115, 48, 89, 66)
3, (164, 114, 108, 78, 117, 51, 88, 50)
3, (174, 116, 124, 97, 108, 53, 95, 65)
3, (167, 118, 148, 101, 105, 54, 98, 66)
3, (155, 95, 139, 100, 102, 52, 103, 71)
3, (146, 84, 138, 97, 86, 50, 90, 71)
3, (132, 81, 136, 97, 82, 47, 83, 81)
3, (163, 75, 155, 108, 82, 46, 69, 71)
3, (159, 73, 133, 104, 78, 47, 72, 126)
3, (165, 76, 133, 116, 92, 48, 71, 148)
3, (171, 77, 154, 135, 101, 57, 78, 155)
3, (193, 77, 159, 152, 106, 54, 74, 152)
3, (176, 79, 127, 135, 106, 54, 79, 150)
3, (179, 96, 120, 141, 113, 54, 81, 107)
3, (209, 91, 112, 133, 108, 60, 98, 102)
3, (202, 88, 86, 118, 96, 52, 97, 93)
3, (222, 87, 90, 108, 88, 54, 98, 111)
3, (208, 100, 94, 108, 86, 53, 94, 159)
3, (216, 82, 97, 111, 84, 49, 91, 162)
3, (180, 83, 108, 107, 81, 44, 77, 152)
3, (203, 93, 123, 100, 83, 47, 79, 160)
3, (185, 98, 134, 124, 84, 46, 77, 147)
3, (207, 81, 126, 128, 96, 51, 80, 95)
3, (208, 90, 141, 120, 96, 56, 86, 89)
3, (222, 110, 140, 144, 87, 54, 78, 170)
3, (239, 104, 141, 152, 89, 51, 74, 165)
3, (220, 99, 125, 128, 97, 54, 82, 170)
3, (213, 100, 132, 141, 110, 53, 83, 171)
3, (209, 96, 121, 151, 127, 48, 79, 181)
3, (191, 71, 120, 135, 137, 52, 89, 113)
3, (204, 84, 102, 123, 137, 52, 90, 180)
3, (228, 91, 109, 140, 133, 49, 86, 174)
3, (225, 97, 105, 122, 116, 45, 92, 181)
3, (223, 95, 112, 105, 97, 48, 74, 107)
3, (243, 92, 101, 124, 100, 44, 102, 181)
3, (242, 92, 118, 124, 102, 46, 66, 110)
3, (262, 94, 114, 130, 90, 37, 89, 172)
3, (240, 86, 135, 139, 108, 56, 87, 150)
3, (237, 77, 123, 134, 158, 49, 87, 102)
3, (234, 79, 132, 137, 161, 62, 82, 155)
3, (231, 81, 132, 138, 161, 61, 104, 158)
3, (232, 81, 139, 146, 158, 62, 80, 150)
4, (181, 99, 93, 102, 94, 64, 119, 113)
4, (196, 93, 96, 114, 113, 76, 139, 144)
4, (197, 98, 107, 112, 115, 61, 123, 130)
4, (182, 93, 97, 106, 124, 60, 121, 122)
4, (179, 114, 105, 104, 115, 61, 117, 122)
4, (182, 113, 110, 101, 110, 57, 114, 127)
4, (176, 113, 118, 90, 91, 38, 108, 102)
4, (183, 105, 109, 78, 86, 41, 98, 106)
4, (224, 110, 104, 71, 77, 45, 102, 105)
4, (199, 94, 106, 82, 80, 72, 146, 111)
4, (217, 88, 122, 81, 77, 73, 147, 103)
4, (220, 89, 114, 113, 90, 75, 134, 143)
4, (222, 90, 114, 112, 96, 72, 127, 143)
4, (192, 87, 117, 114, 129, 79, 126, 143)
4, (205, 76, 109, 111, 136, 64, 71, 136)
4, (220, 76, 128, 122, 150, 67, 86, 146)
4, (207, 76, 146, 104, 148, 65, 87, 99)
4, (231, 77, 147, 115, 147, 66, 89, 99)
4, (235, 82, 153, 113, 117, 55, 94, 150)
4, (237, 93, 151, 120, 111, 45, 102, 159)
4, (228, 87, 122, 114, 104, 43, 98, 152)
4, (237, 94, 158, 124, 112, 48, 96, 149)
4, (220, 100, 162, 118, 107, 50, 102, 153)
4, (255, 126, 167, 124, 109, 52, 110, 158)
4, (236, 119, 169, 120, 108, 51, 111, 154)
4, (211, 117, 163, 113, 103, 50, 126, 156)
4, (196, 118, 111, 99, 81, 45, 134, 160)
4, (214, 117, 101, 108, 82, 41, 136, 158)
4, (167, 81, 107, 103, 82, 39, 126, 114)
4, (179, 91, 107, 102, 81, 46, 128, 108)
4, (199, 94, 112, 107, 82, 46, 108, 146)
4, (203, 87, 113, 98, 82, 51, 104, 145)
4, (197, 97, 107, 95, 85, 55, 95, 154)
4, (214, 101, 95, 100, 97, 56, 100, 144)
4, (227, 92, 105, 98, 102, 51, 87, 148)
5, (169, 80, 107, 86, 96, 63, 95, 94)
5, (173, 80, 113, 92, 90, 60, 97, 98)
5, (177, 82, 103, 96, 103, 70, 109, 115)
5, (162, 86, 93, 96, 118, 66, 94, 101)
5, (153, 86, 98, 108, 119, 64, 89, 126)
5, (153, 80, 92, 106, 122, 66, 89, 138)
5, (145, 78, 108, 120, 120, 66, 87, 139)
5, (142, 79, 117, 121, 108, 59, 87, 197)
5, (161, 77, 119, 120, 101, 57, 78, 198)
5, (182, 76, 106, 114, 103, 66, 81, 180)
5, (190, 74, 118, 109, 101, 65, 87, 178)
5, (202, 77, 115, 83, 96, 65, 86, 180)
5, (198, 83, 109, 75, 108, 59, 72, 106)
5, (177, 86, 108, 75, 100, 57, 78, 106)
5, (179, 81, 115, 81, 91, 48, 77, 116)
5, (171, 82, 104, 82, 91, 53, 80, 113)
5, (168, 82, 108, 99, 109, 64, 104, 155)
5, (169, 84, 109, 102, 101, 64, 103, 147)
5, (179, 96, 114, 106, 104, 67, 100, 144)
5, (203, 108, 110, 100, 105, 67, 98, 146)
5, (196, 103, 120, 107, 135, 65, 106, 161)
5, (197, 101, 101, 102, 131, 57, 81, 124)
5, (202, 103, 105, 102, 134, 56, 80, 125)
5, (215, 92, 105, 106, 136, 54, 85, 131)
5, (162, 73, 102, 107, 146, 57, 87, 124)
5, (174, 72, 85, 98, 121, 55, 84, 135)
5, (163, 74, 102, 101, 117, 49, 88, 125)
5, (174, 57, 100, 104, 105, 48, 91, 128)
5, (178, 69, 103, 102, 103, 50, 84, 125)
5, (201, 75, 114, 98, 96, 46, 89, 164)
5, (212, 78, 115, 104, 98, 54, 111, 145)
5, (210, 82, 98, 96, 90, 59, 113, 149)
5, (197, 84, 96, 87, 105, 59, 110, 145)
5, (180, 72, 100, 103, 117, 58, 112, 143)
5, (175, 73, 99, 105, 109, 58, 108, 107)
5, (149, 76, 105, 99, 109, 52, 80, 113)
5, (156, 79, 109, 101, 116, 47, 75, 188)
5, (172, 85, 133, 112, 109, 52, 77, 189)
5, (192, 84, 127, 91, 91, 49, 72, 199)
5, (178, 102, 119, 109, 87, 52, 92, 201)
5, (174, 99, 111, 115, 84, 48, 93, 191)
5, (202, 104, 112, 117, 90, 53, 104, 160)
5, (199, 100, 79, 116, 93, 52, 108, 160)
5, (256, 105, 74, 117, 93, 52, 109, 169)
5, (278, 82, 73, 112, 107, 49, 95, 161)
5, (278, 81, 73, 105, 115, 48, 91, 164)
5, (262, 71, 62, 96, 109, 47, 76, 176)
5, (269, 80, 63, 94, 115, 53, 92, 197)
5, (198, 81, 77, 128, 115, 54, 89, 179)
5, (184, 90, 86, 121, 99, 52, 91, 183)
5, (197, 99, 84, 126, 116, 68, 97, 192)
5, (203, 96, 84, 138, 127, 67, 103, 178)
5, (182, 93, 81, 164, 124, 61, 84, 230)
5, (194, 89, 65, 144, 125, 66, 93, 231)
5, (189, 82, 50, 138, 134, 65, 90, 231)
5, (187, 74, 82, 136, 138, 49, 87, 233)
5, (171, 84, 104, 158, 124, 46, 83, 233)
5, (174, 79, 106, 121, 121, 60, 94, 167)
5, (173, 74, 105, 115, 120, 53, 87, 171)
5, (212, 85, 105, 119, 116, 57, 104, 171)
5, (201, 90, 92, 136, 85, 57, 100, 159)
5, (211, 91, 75, 121, 79, 57, 96, 128)
5, (218, 93, 76, 137, 70, 41, 97, 146)
5, (213, 98, 79, 140, 85, 48, 115, 153)
5, (180, 97, 83, 140, 110, 47, 100, 144)
5, (187, 97, 94, 129, 110, 47, 101, 154)
5, (182, 88, 90, 110, 110, 47, 103, 149)
5, (173, 83, 97, 100, 125, 45, 97, 143)
5, (163, 77, 110, 109, 124, 44, 88, 163)
5, (149, 81, 109, 112, 114, 47, 90, 172)
5, (194, 89, 94, 119, 117, 54, 118, 164)
5, (189, 91, 98, 138, 122, 54, 124, 179)
5, (193, 91, 93, 133, 110, 56, 117, 216)
5, (190, 88, 78, 128, 101, 50, 113, 194)
5, (199, 88, 78, 133, 90, 52, 111, 192)
5, (197, 79, 79, 128, 97, 56, 97, 197)
5, (204, 83, 81, 104, 115, 62, 93, 184)
5, (201, 87, 95, 126, 110, 69, 102, 133)
5, (209, 94, 95, 124, 114, 69, 98, 150)
5, (229, 97, 104, 129, 110, 66, 119, 152)
5, (193, 91, 117, 120, 99, 56, 105, 140)
5, (186, 90, 125, 125, 71, 51, 103, 134)
5, (180, 101, 111, 106, 71, 39, 92, 116)
5, (178, 101, 113, 104, 69, 46, 104, 113)
5, (142, 93, 109, 106, 76, 42, 77, 107)
5, (140, 97, 108, 114, 84, 43, 77, 144)
5, (187, 101, 97, 113, 88, 49, 73, 160)
5, (264, 101, 111, 114, 91, 49, 79, 164)
5, (270, 102, 123, 125, 96, 42, 70, 159)
5, (296, 110, 133, 109, 97, 47, 71, 156)
5, (311, 106, 125, 99, 90, 50, 88, 138)
5, (298, 107, 130, 95, 89, 45, 89, 125)
5, (244, 98, 138, 93, 88, 45, 90, 172)
5, (234, 97, 128, 90, 93, 44, 83, 160)
5, (190, 93, 119, 99, 96, 40, 81, 157)
5, (168, 100, 114, 100, 99, 38, 66, 149)
5, (143, 97, 111, 111, 98, 59, 108, 155)
5, (142, 98, 102, 117, 98, 61, 107, 106)
5, (186, 96, 99, 105, 97, 61, 112, 107)
