0, (212, 213, 104, 138, 90, 60, 97, 353)
0, (264, 248, 119, 138, 93, 64, 86, 351)
0, (260, 223, 108, 121, 82, 59, 87, 388)
0, (248, 216, 124, 142, 87, 50, 89, 335)
0, (244, 212, 118, 149, 97, 54, 114, 311)
0, (291, 194, 115, 149, 84, 53, 125, 346)
0, (240, 152, 108, 141, 88, 52, 129, 377)
0, (263, 196, 121, 149, 94, 59, 132, 345)
0, (264, 198, 127, 128, 91, 60, 123, 319)
0, (276, 192, 131, 129, 77, 63, 109, 351)
0, (261, 188, 125, 121, 77, 60, 97, 335)
0, (254, 188, 129, 122, 82, 63, 88, 291)
0, (248, 246, 121, 116, 90, 66, 94, 286)
0, (247, 267, 103, 119, 92, 64, 100, 270)
0, (272, 272, 99, 141, 91, 72, 122, 208)
0, (229, 275, 102, 135, 92, 72, 122, 152)
0, (226, 273, 102, 128, 87, 67, 119, 137)
0, (196, 222, 99, 117, 75, 60, 109, 106)
0, (188, 196, 85, 115, 71, 61, 102, 76)
0, (110, 190, 81, 61, 69, 44, 65, 58)
0, (110, 205, 78, 58, 66, 47, 65, 59)
0, (106, 194, 65, 67, 73, 48, 64, 56)
0, (179, 195, 65, 76, 70, 48, 63, 46)
0, (189, 192, 88, 72, 69, 46, 63, 44)
0, (199, 213, 100, 77, 75, 47, 83, 44)
0, (205, 195, 99, 82, 86, 46, 81, 43)
0, (217, 209, 102, 76, 75, 45, 92, 71)
0, (157, 209, 105, 68, 76, 45, 92, 72)
0, (147, 212, 92, 75, 76, 47, 99, 69)
0, (146, 195, 78, 74, 75, 44, 80, 67)
0, (166, 198, 77, 71, 62, 44, 81, 77)
0, (160, 199, 75, 68, 59, 42, 70, 53)
0, (165, 179, 66, 68, 62, 45, 77, 54)
0, (166, 180, 67, 58, 66, 43, 76, 56)
0, (201, 170, 70, 58, 69, 47, 74, 51)
0, (185, 175, 76, 56, 68, 48, 76, 37)
0, (201, 159, 80, 53, 72, 50, 74, 40)
0, (216, 139, 90, 59, 72, 45, 66, 36)
0, (229, 174, 88, 66, 72, 45, 57, 37)
1, (217, 193, 86, 63, 71, 45, 64, 43)
1, (224, 182, 83, 63, 72, 45, 63, 43)
1, (246, 193, 77, 63, 69, 45, 66, 41)
1, (231, 229, 79, 60, 69, 50, 70, 42)
1, (225, 243, 80, 53, 69, 47, 67, 43)
1, (216, 235, 82, 55, 71, 46, 67, 41)
1, (216, 253, 76, 54, 76, 52, 82, 45)
1, (200, 250, 80, 54, 78, 54, 81, 47)
1, (202, 218, 73, 56, 81, 50, 86, 54)
1, (203, 215, 72, 58, 87, 53, 96, 55)
1, (191, 212, 70, 53, 84, 50, 94, 59)
1, (185, 204, 79, 55, 81, 44, 81, 58)
1, (179, 201, 76, 60, 90, 42, 84, 58)
1, (224, 261, 81, 60, 93, 47, 82, 59)
1, (222, 236, 87, 59, 84, 47, 83, 59)
1, (233, 231, 88, 65, 82, 50, 92, 53)
1, (231, 218, 83, 70, 87, 48, 92, 50)
1, (228, 230, 85, 67, 79, 50, 96, 50)
1, (244, 247, 81, 62, 70, 43, 91, 43)
1, (242, 245, 78, 67, 71, 49, 87, 44)
1, (231, 261, 77, 67, 71, 47, 76, 44)
1, (235, 266, 82, 60, 68, 46, 78, 47)
1, (227, 293, 77, 57, 69, 48, 80, 45)
1, (158, 225, 78, 66, 68, 50, 78, 43)
1, (175, 227, 74, 58, 70, 43, 69, 39)
1, (206, 214, 74, 53, 75, 48, 84, 42)
1, (212, 279, 81, 62, 68, 48, 79, 44)
1, (210, 245, 80, 64, 72, 49, 83, 46)
1, (256, 237, 77, 56, 76, 56, 93, 46)
1, (265, 230, 81, 64, 84, 58, 100, 50)
2, (251, 290, 84, 69, 85, 57, 89, 50)
2, (243, 270, 83, 61, 88, 57, 89, 46)
2, (247, 274, 83, 75, 83, 50, 76, 45)
2, (217, 275, 82, 75, 81, 46, 67, 46)
2, (200, 278, 78, 71, 82, 50, 72, 48)
2, (202, 294, 92, 71, 77, 48, 67, 49)
2, (200, 262, 90, 77, 80, 47, 72, 50)
2, (199, 252, 92, 62, 79, 51, 76, 53)
2, (193, 249, 87, 61, 84, 51, 78, 52)
2, (176, 249, 99, 61, 93, 51, 67, 48)
2, (177, 156, 82, 56, 93, 52, 71, 43)
2, (203, 146, 77, 49, 89, 51, 62, 45)
2, (222, 155, 81, 58, 97, 55, 62, 41)
2, (236, 198, 91, 58, 99, 54, 55, 45)
2, (251, 190, 75, 64, 86, 49, 63, 53)
2, (254, 188, 74, 68, 83, 47, 61, 53)
2, (240, 193, 79, 69, 81, 51, 72, 54)
2, (229, 190, 74, 61, 77, 48, 81, 57)
2, (221, 190, 69, 67, 70, 50, 90, 56)
2, (229, 188, 78, 69, 70, 51, 84, 52)
2, (213, 182, 77, 63, 72, 50, 84, 53)
2, (230, 202, 81, 62, 85, 48, 78, 49)
2, (212, 212, 81, 69, 85, 48, 74, 44)
2, (201, 198, 87, 71, 81, 44, 69, 45)
2, (188, 199, 87, 62, 80, 40, 69, 41)
2, (225, 209, 105, 86, 85, 43, 69, 47)
2, (215, 231, 98, 86, 84, 49, 71, 47)
2, (223, 222, 105, 81, 83, 48, 64, 49)
2, (248, 215, 112, 73, 88, 45, 62, 48)
2, (266, 233, 112, 83, 86, 44, 60, 49)
2, (233, 284, 96, 64, 80, 42, 58, 41)
2, (237, 244, 96, 65, 74, 38, 49, 42)
2, (241, 255, 93, 65, 72, 34, 52, 42)
2, (220, 259, 93, 69, 79, 36, 47, 43)
2, (210, 269, 98, 58, 78, 41, 51, 43)
2, (225, 233, 104, 51, 76, 42, 58, 46)
2, (217, 246, 108, 47, 77, 38, 59, 45)
2, (208, 246, 106, 49, 82, 38, 65, 44)
2, (201, 268, 102, 43, 73, 38, 63, 41)
2, (181, 244, 94, 41, 69, 38, 71, 42)
2, (178, 215, 92, 47, 79, 39, 69, 40)
2, (164, 225, 90, 53, 88, 42, 73, 39)
2, (172, 246, 97, 53, 86, 50, 72, 39)
2, (165, 211, 93, 61, 85, 54, 86, 40)
2, (167, 212, 88, 67, 99, 54, 77, 35)
2, (190, 223, 84, 64, 97, 57, 75, 36)
2, (194, 223, 87, 61, 91, 60, 71, 40)
2, (182, 198, 77, 64, 85, 55, 73, 43)
2, (217, 209, 68, 57, 84, 51, 66, 46)
2, (219, 228, 80, 63, 66, 46, 64, 46)
2, (213, 231, 89, 71, 72, 47, 82, 49)
2, (227, 215, 84, 69, 61, 45, 82, 47)
2, (238, 201, 94, 64, 62, 43, 77, 45)
2, (209, 195, 97, 71, 64, 47, 77, 47)
2, (208, 211, 89, 65, 96, 60, 79, 48)
2, (198, 209, 80, 56, 87, 60, 78, 48)
2, (208, 227, 82, 59, 87, 61, 91, 51)
2, (201, 267, 75, 60, 89, 62, 90, 48)
2, (201, 267, 66, 52, 102, 58, 83, 42)
2, (218, 236, 70, 49, 73, 46, 84, 45)
2, (217, 232, 70, 57, 79, 48, 71, 49)
2, (188, 283, 78, 57, 80, 51, 68, 51)
2, (207, 249, 72, 56, 80, 48, 68, 54)
2, (228, 237, 79, 56, 84, 49, 71, 54)
2, (203, 248, 86, 55, 90, 49, 68, 50)
2, (191, 291, 94, 49, 85, 54, 94, 52)
2, (206, 226, 86, 44, 86, 48, 94, 47)
2, (238, 221, 87, 62, 92, 52, 97, 48)
2, (233, 245, 85, 78, 86, 53, 99, 48)
2, (237, 258, 79, 76, 79, 52, 101, 47)
2, (256, 230, 71, 76, 79, 41, 79, 41)
2, (245, 227, 77, 81, 78, 50, 86, 43)
2, (191, 233, 85, 71, 69, 49, 93, 42)
2, (170, 235, 90, 54, 54, 49, 94, 43)
2, (165, 256, 96, 64, 57, 51, 91, 44)
2, (165, 232, 108, 64, 65, 50, 91, 45)
2, (174, 235, 100, 58, 78, 49, 80, 42)
2, (175, 245, 93, 55, 80, 49, 66, 42)
2, (198, 274, 97, 58, 78, 47, 62, 39)
2, (249, 226, 89, 46, 76, 48, 62, 41)
2, (238, 229, 77, 46, 78, 56, 73, 45)
2, (234, 244, 79, 45, 64, 50, 70, 43)
2, (247, 223, 79, 46, 64, 49, 80, 43)
2, (238, 159, 64, 57, 78, 49, 85, 48)
2, (201, 190, 61, 59, 82, 47, 96, 48)
2, (193, 266, 66, 56, 72, 32, 84, 39)
2, (192, 249, 72, 57, 71, 35, 86, 40)
2, (213, 264, 88, 57, 71, 36, 77, 40)
2, (213, 268, 96, 55, 66, 39, 81, 59)
2, (218, 304, 104, 54, 65, 38, 72, 79)
2, (239, 240, 100, 87, 69, 42, 91, 107)
2, (269, 239, 112, 90, 74, 46, 105, 228)
2, (256, 230, 105, 91, 76, 55, 129, 259)
2, (263, 270, 121, 96, 71, 57, 124, 261)
2, (253, 212, 118, 114, 77, 61, 124, 260)
2, (236, 211, 117, 106, 77, 62, 121, 254)
2, (230, 210, 107, 105, 72, 58, 112, 230)
2, (221, 252, 110, 111, 81, 50, 86, 260)
2, (212, 223, 99, 115, 86, 55, 93, 265)
2, (222, 234, 110, 157, 86, 52, 96, 290)
2, (227, 246, 111, 157, 88, 55, 96, 292)
2, (215, 268, 105, 159, 94, 58, 90, 239)
2, (239, 241, 100, 169, 97, 68, 105, 170)
2, (236, 224, 118, 201, 103, 79, 117, 155)
2, (223, 208, 104, 164, 96, 79, 119, 93)
2, (223, 188, 109, 159, 94, 80, 139, 247)
2, (165, 219, 114, 130, 75, 50, 91, 250)
2, (176, 263, 111, 128, 75, 60, 106, 155)
2, (187, 257, 111, 121, 70, 64, 133, 270)
3, (287, 212, 103, 152, 66, 54, 117, 273)
3, (288, 207, 106, 149, 70, 53, 125, 258)
3, (296, 220, 102, 150, 73, 58, 143, 185)
3, (351, 264, 119, 148, 72, 57, 144, 263)
3, (330, 271, 122, 124, 72, 65, 149, 298)
3, (334, 266, 127, 113, 78, 75, 148, 296)
3, (343, 320, 117, 119, 77, 74, 144, 296)
3, (338, 317, 120, 112, 76, 75, 117, 293)
3, (282, 297, 117, 106, 75, 79, 116, 227)
3, (337, 266, 117, 105, 79, 74, 111, 185)
3, (349, 279, 112, 102, 70, 66, 148, 188)
3, (315, 231, 114, 110, 68, 62, 147, 202)
3, (306, 274, 131, 151, 67, 61, 175, 300)
3, (319, 252, 126, 154, 68, 59, 183, 294)
3, (346, 263, 123, 157, 66, 62, 183, 287)
3, (323, 252, 136, 171, 69, 67, 154, 284)
3, (327, 236, 149, 171, 76, 70, 157, 279)
3, (367, 205, 139, 144, 90, 77, 173, 126)
3, (353, 190, 131, 138, 92, 75, 165, 158)
3, (267, 183, 129, 128, 86, 74, 160, 253)
3, (360, 194, 120, 115, 90, 77, 178, 294)
3, (382, 200, 105, 108, 93, 78, 179, 293)
3, (347, 228, 94, 110, 85, 66, 129, 293)
3, (360, 233, 102, 116, 81, 66, 130, 290)
3, (356, 236, 107, 112, 83, 66, 138, 225)
3, (279, 226, 108, 148, 92, 61, 126, 279)
3, (240, 223, 112, 178, 95, 55, 110, 279)
3, (276, 230, 140, 187, 89, 55, 114, 279)
3, (256, 232, 133, 198, 92, 56, 108, 270)
3, (242, 219, 133, 202, 97, 53, 98, 261)
3, (227, 210, 128, 171, 92, 49, 72, 172)
3, (250, 202, 130, 148, 83, 56, 78, 269)
3, (271, 148, 104, 154, 87, 63, 88, 278)
3, (274, 180, 109, 151, 86, 63, 91, 280)
3, (277, 194, 106, 158, 81, 62, 94, 282)
3, (279, 211, 108, 177, 68, 66, 111, 272)
3, (271, 218, 95, 174, 64, 63, 116, 297)
3, (219, 222, 90, 159, 76, 62, 102, 283)
3, (229, 304, 92, 163, 76, 63, 98, 279)
3, (235, 295, 95, 181, 76, 68, 101, 277)
3, (260, 301, 99, 166, 79, 63, 93, 274)
3, (263, 306, 108, 159, 82, 63, 84, 151)
3, (251, 331, 110, 156, 71, 57, 86, 251)
3, (241, 236, 102, 145, 79, 57, 93, 263)
3, (239, 240, 124, 131, 75, 49, 86, 259)
3, (195, 228, 123, 128, 73, 52, 86, 255)
3, (219, 266, 110, 162, 92, 86, 151, 257)
3, (179, 253, 106, 151, 84, 79, 144, 266)
3, (179, 256, 78, 95, 67, 65, 135, 270)
4, (242, 231, 102, 90, 72, 55, 117, 293)
4, (279, 239, 105, 87, 71, 53, 114, 290)
4, (282, 244, 116, 100, 74, 51, 111, 300)
4, (303, 246, 114, 102, 73, 53, 100, 308)
4, (333, 239, 111, 131, 76, 53, 98, 292)
4, (346, 301, 109, 133, 74, 61, 107, 289)
4, (325, 260, 102, 134, 75, 62, 107, 291)
4, (303, 256, 88, 132, 66, 59, 110, 284)
4, (322, 263, 89, 137, 74, 61, 122, 268)
4, (277, 289, 86, 121, 68, 58, 122, 129)
4, (250, 220, 70, 136, 71, 58, 128, 147)
4, (233, 219, 94, 144, 86, 65, 137, 245)
4, (248, 222, 97, 143, 87, 65, 135, 234)
4, (204, 215, 103, 138, 75, 62, 128, 236)
4, (265, 261, 113, 129, 79, 62, 125, 240)
4, (270, 250, 121, 100, 79, 56, 121, 248)
4, (283, 243, 109, 105, 71, 54, 103, 182)
4, (304, 255, 113, 129, 71, 59, 103, 331)
4, (291, 300, 113, 133, 82, 59, 100, 328)
4, (264, 237, 119, 133, 93, 62, 97, 327)
4, (310, 236, 113, 135, 88, 65, 100, 327)
4, (342, 244, 113, 123, 80, 63, 105, 313)
4, (315, 249, 120, 91, 80, 65, 109, 173)
4, (328, 183, 119, 80, 80, 68, 107, 294)
4, (306, 191, 118, 77, 62, 66, 108, 290)
4, (290, 185, 119, 92, 60, 60, 100, 290)
4, (291, 210, 113, 98, 76, 63, 103, 283)
4, (298, 213, 98, 103, 76, 63, 98, 270)
4, (284, 212, 112, 122, 67, 60, 102, 148)
4, (317, 209, 109, 122, 69, 67, 111, 176)
4, (287, 212, 108, 115, 72, 70, 119, 273)
4, (241, 195, 114, 120, 61, 63, 115, 277)
4, (275, 204, 118, 153, 63, 56, 118, 279)
5, (305, 206, 99, 153, 88, 61, 109, 291)
5, (296, 212, 95, 153, 96, 67, 105, 289)
5, (289, 235, 98, 161, 100, 62, 103, 290)
5, (283, 229, 100, 151, 98, 64, 110, 284)
5, (272, 249, 97, 146, 77, 59, 108, 234)
5, (249, 271, 97, 141, 81, 60, 113, 150)
5, (253, 302, 112, 140, 77, 57, 108, 252)
5, (255, 285, 119, 149, 76, 66, 107, 245)
5, (256, 306, 128, 150, 74, 70, 109, 244)
5, (243, 310, 143, 136, 79, 74, 122, 241)
5, (268, 293, 145, 135, 102, 72, 113, 234)
5, (246, 260, 140, 155, 104, 77, 116, 153)
5, (265, 252, 129, 151, 101, 78, 125, 270)
5, (258, 247, 119, 148, 97, 75, 124, 305)
5, (272, 237, 132, 172, 116, 75, 125, 305)
5, (225, 227, 138, 170, 98, 76, 136, 312)
5, (226, 231, 140, 141, 92, 69, 134, 315)
5, (222, 240, 144, 145, 118, 67, 127, 307)
5, (231, 228, 147, 149, 130, 62, 121, 276)
5, (204, 206, 125, 128, 110, 59, 121, 280)
5, (198, 203, 110, 115, 104, 69, 136, 274)
5, (233, 197, 114, 129, 110, 71, 131, 250)
5, (222, 193, 121, 133, 90, 61, 126, 175)
5, (244, 194, 121, 140, 76, 67, 123, 290)
5, (248, 197, 115, 161, 87, 68, 111, 287)
5, (265, 208, 114, 161, 96, 56, 80, 300)
5, (233, 213, 115, 155, 91, 60, 86, 302)
5, (256, 217, 104, 136, 82, 59, 87, 368)
5, (235, 205, 98, 125, 81, 57, 100, 288)
5, (232, 219, 100, 103, 77, 58, 100, 311)
5, (229, 295, 95, 104, 78, 62, 108, 305)
5, (239, 262, 74, 103, 76, 61, 118, 364)
5, (219, 269, 81, 106, 85, 65, 122, 282)
5, (213, 277, 80, 114, 90, 59, 107, 276)
5, (215, 275, 89, 111, 83, 58, 106, 255)
5, (210, 259, 97, 101, 77, 53, 97, 254)
5, (199, 274, 98, 105, 81, 49, 81, 233)
5, (184, 268, 107, 117, 78, 46, 89, 270)
5, (180, 267, 113, 118, 69, 47, 88, 279)
5, (173, 265, 107, 108, 72, 46, 107, 284)
5, (179, 239, 100, 113, 83, 55, 118, 347)
5, (173, 217, 99, 112, 85, 57, 124, 304)
5, (179, 210, 90, 111, 103, 63, 116, 270)
5, (210, 215, 99, 105, 107, 66, 132, 271)
5, (215, 207, 108, 110, 103, 64, 120, 269)
5, (232, 189, 125, 106, 92, 59, 114, 273)
5, (243, 192, 128, 108, 87, 57, 106, 275)
5, (237, 186, 125, 109, 81, 55, 104, 272)
5, (226, 172, 117, 103, 79, 55, 100, 289)
5, (256, 258, 125, 114, 83, 62, 105, 353)
5, (279, 239, 109, 116, 87, 60, 106, 282)
5, (282, 237, 115, 110, 97, 63, 107, 274)
5, (285, 240, 132, 101, 79, 62, 106, 289)
5, (285, 267, 144, 115, 81, 65, 113, 348)
5, (257, 224, 138, 102, 79, 60, 105, 293)
5, (233, 215, 142, 100, 78, 61, 97, 297)
5, (224, 228, 138, 98, 67, 62, 97, 295)
5, (243, 230, 127, 87, 71, 61, 106, 304)
5, (259, 202, 112, 90, 69, 55, 84, 330)
5, (257, 185, 107, 98, 76, 52, 85, 314)
5, (253, 180, 100, 99, 72, 52, 86, 311)
5, (300, 171, 104, 98, 69, 49, 94, 311)
5, (282, 173, 111, 112, 74, 47, 93, 318)
5, (274, 208, 109, 120, 75, 49, 100, 290)
5, (274, 199, 101, 116, 74, 59, 113, 296)
5, (275, 203, 107, 119, 80, 78, 144, 300)
5, (237, 226, 97, 120, 82, 81, 147, 306)
5, (248, 232, 86, 122, 75, 81, 143, 335)
5, (220, 233, 83, 108, 82, 85, 139, 300)
5, (277, 244, 108, 106, 86, 81, 129, 292)
5, (295, 258, 113, 103, 86, 68, 96, 289)
5, (292, 252, 117, 102, 84, 62, 81, 290)
5, (304, 278, 123, 87, 84, 66, 100, 255)
5, (306, 252, 130, 103, 70, 58, 97, 308)
5, (263, 235, 119, 109, 70, 60, 106, 312)
5, (216, 259, 114, 109, 68, 54, 106, 308)
5, (236, 251, 109, 121, 81, 55, 116, 303)
5, (223, 236, 114, 125, 83, 61, 120, 275)
5, (225, 239, 110, 104, 94, 66, 124, 140)
5, (238, 253, 100, 114, 89, 67, 133, 279)
5, (246, 236, 99, 120, 93, 66, 138, 288)
5, (214, 243, 107, 109, 84, 71, 138, 284)
5, (213, 235, 104, 109, 83, 62, 118, 294)
5, (238, 249, 97, 117, 71, 61, 124, 341)
5, (254, 284, 98, 122, 74, 53, 106, 287)
5, (263, 275, 100, 115, 64, 56, 108, 297)
5, (286, 269, 95, 122, 68, 48, 100, 297)
5, (296, 274, 81, 121, 70, 49, 101, 284)
5, (306, 319, 113, 114, 75, 49, 90, 242)
5, (278, 275, 119, 91, 69, 50, 103, 295)
5, (277, 283, 134, 103, 70, 51, 93, 277)
5, (272, 279, 134, 105, 69, 51, 97, 276)
5, (253, 299, 137, 101, 63, 51, 109, 280)
5, (240, 229, 114, 97, 62, 53, 114, 265)
5, (243, 229, 108, 97, 70, 53, 116, 142)
5, (244, 212, 88, 91, 70, 55, 122, 292)
