0, (193, 66, 97, 83, 103, 65, 97, 93)
0, (178, 57, 97, 106, 98, 65, 99, 110)
0, (158, 57, 98, 112, 104, 66, 97, 103)
0, (202, 64, 95, 115, 100, 67, 103, 99)
0, (232, 75, 100, 146, 110, 63, 103, 102)
0, (203, 73, 106, 142, 108, 62, 108, 100)
0, (207, 72, 117, 140, 100, 66, 114, 94)
0, (211, 75, 106, 155, 95, 59, 97, 95)
0, (169, 74, 99, 170, 112, 54, 92, 93)
0, (153, 72, 105, 143, 111, 55, 96, 91)
0, (158, 71, 101, 144, 109, 54, 89, 94)
0, (166, 71, 88, 166, 112, 45, 89, 97)
0, (159, 67, 99, 157, 109, 42, 85, 83)
0, (179, 65, 104, 137, 90, 50, 88, 86)
0, (153, 56, 92, 138, 120, 48, 89, 84)
0, (144, 67, 85, 134, 136, 51, 89, 82)
0, (162, 70, 84, 96, 133, 51, 83, 51)
0, (161, 70, 88, 74, 136, 50, 81, 49)
0, (142, 68, 87, 74, 142, 41, 72, 40)
0, (147, 70, 87, 68, 120, 41, 65, 37)
0, (150, 59, 86, 63, 107, 41, 64, 35)
0, (104, 67, 80, 61, 109, 48, 71, 35)
0, (119, 76, 67, 59, 104, 53, 84, 38)
0, (103, 75, 66, 53, 108, 57, 83, 36)
0, (87, 72, 68, 54, 84, 58, 80, 36)
0, (87, 71, 73, 53, 80, 58, 79, 36)
0, (95, 61, 71, 42, 77, 52, 60, 31)
0, (90, 57, 63, 38, 94, 48, 40, 29)
0, (105, 71, 54, 38, 89, 44, 44, 37)
0, (105, 70, 54, 35, 87, 42, 52, 34)
0, (116, 78, 49, 37, 90, 39, 59, 37)
0, (118, 88, 47, 60, 98, 39, 58, 36)
0, (127, 105, 52, 101, 96, 44, 74, 40)
0, (123, 98, 52, 114, 109, 49, 75, 38)
0, (140, 128, 55, 123, 113, 49, 69, 39)
0, (137, 142, 54, 126, 127, 54, 65, 39)
0, (136, 147, 50, 117, 123, 53, 73, 41)
0, (164, 177, 54, 93, 114, 49, 59, 37)
0, (161, 179, 52, 85, 95, 47, 65, 41)
0, (149, 162, 46, 92, 92, 46, 76, 46)
0, (145, 154, 46, 88, 67, 45, 115, 51)
0, (183, 143, 48, 93, 76, 57, 122, 55)
0, (165, 88, 41, 93, 78, 55, 121, 56)
0, (191, 100, 45, 90, 88, 58, 123, 53)
0, (213, 99, 48, 72, 89, 67, 127, 54)
0, (250, 108, 50, 83, 86, 68, 99, 55)
0, (274, 114, 54, 108, 107, 67, 87, 54)
0, (265, 122, 56, 108, 114, 69, 87, 56)
0, (267, 124, 56, 110, 107, 66, 86, 60)
0, (271, 131, 59, 114, 112, 61, 74, 55)
0, (254, 124, 62, 124, 117, 62, 76, 50)
0, (220, 135, 64, 106, 117, 61, 80, 50)
0, (227, 132, 71, 120, 120, 63, 84, 48)
0, (218, 159, 74, 128, 118, 61, 77, 43)
0, (228, 188, 71, 127, 111, 61, 85, 48)
0, (266, 194, 68, 113, 105, 64, 99, 51)
0, (269, 187, 67, 112, 89, 61, 100, 50)
0, (288, 195, 63, 96, 103, 57, 96, 50)
0, (302, 167, 60, 84, 109, 58, 96, 51)
0, (284, 133, 62, 84, 109, 55, 92, 47)
0, (244, 124, 61, 87, 109, 46, 73, 45)
0, (241, 128, 57, 81, 113, 45, 64, 41)
0, (246, 206, 47, 74, 99, 48, 76, 51)
0, (270, 208, 52, 72, 105, 49, 87, 52)
0, (254, 262, 57, 76, 106, 57, 104, 53)
0, (252, 233, 55, 78, 123, 55, 104, 55)
1, (223, 173, 52, 78, 99, 46, 66, 44)
1, (203, 206, 50, 72, 97, 47, 70, 43)
1, (259, 209, 54, 81, 122, 54, 101, 54)
1, (206, 212, 60, 81, 121, 57, 92, 46)
1, (150, 215, 54, 77, 123, 59, 89, 42)
1, (186, 215, 52, 75, 112, 52, 76, 45)
1, (211, 219, 50, 72, 106, 54, 73, 45)
1, (209, 216, 52, 88, 106, 57, 74, 46)
1, (218, 224, 49, 86, 103, 55, 72, 45)
1, (234, 260, 50, 85, 99, 49, 62, 48)
1, (215, 247, 53, 82, 100, 44, 60, 47)
1, (192, 249, 55, 90, 99, 43, 73, 41)
1, (236, 278, 59, 81, 101, 49, 107, 59)
1, (235, 268, 57, 85, 107, 52, 112, 59)
1, (253, 227, 64, 99, 124, 56, 112, 61)
1, (273, 253, 87, 139, 132, 64, 118, 62)
1, (281, 262, 101, 141, 115, 70, 134, 85)
1, (244, 234, 108, 155, 123, 66, 123, 74)
2, (276, 237, 109, 165, 123, 65, 123, 75)
2, (262, 250, 113, 171, 115, 68, 131, 93)
2, (269, 171, 106, 158, 131, 75, 149, 105)
2, (255, 146, 97, 163, 138, 74, 135, 145)
2, (250, 133, 86, 145, 132, 76, 125, 148)
2, (245, 149, 85, 132, 127, 83, 137, 154)
2, (239, 140, 76, 113, 129, 79, 129, 148)
2, (205, 191, 66, 114, 112, 67, 102, 153)
2, (205, 196, 65, 108, 104, 62, 99, 102)
2, (265, 198, 78, 114, 108, 65, 103, 101)
2, (279, 188, 78, 114, 128, 62, 85, 93)
2, (275, 209, 82, 133, 120, 63, 86, 150)
2, (295, 187, 81, 119, 113, 65, 85, 168)
2, (298, 184, 105, 133, 110, 65, 85, 170)
2, (252, 188, 98, 168, 119, 61, 88, 168)
2, (208, 235, 103, 183, 126, 62, 92, 172)
2, (214, 212, 105, 174, 121, 61, 101, 135)
2, (215, 203, 101, 181, 121, 64, 114, 150)
2, (229, 195, 74, 164, 135, 68, 112, 150)
2, (239, 233, 74, 153, 133, 71, 109, 153)
2, (273, 238, 85, 156, 116, 66, 105, 156)
2, (277, 234, 81, 155, 118, 68, 98, 157)
2, (253, 232, 89, 144, 120, 66, 97, 112)
2, (223, 196, 134, 110, 101, 58, 78, 121)
2, (250, 237, 90, 155, 117, 62, 102, 115)
2, (233, 172, 145, 127, 99, 58, 83, 188)
2, (252, 258, 96, 133, 131, 54, 96, 165)
2, (248, 172, 147, 118, 96, 58, 77, 173)
2, (231, 212, 92, 137, 133, 54, 97, 166)
2, (238, 186, 160, 123, 79, 52, 71, 168)
2, (235, 219, 111, 147, 139, 52, 97, 165)
2, (249, 210, 145, 130, 71, 50, 82, 163)
2, (245, 223, 117, 168, 138, 52, 81, 168)
2, (268, 226, 141, 149, 100, 60, 100, 178)
2, (259, 230, 121, 175, 145, 57, 72, 167)
2, (271, 227, 122, 137, 101, 60, 98, 107)
2, (245, 212, 115, 172, 120, 55, 73, 168)
2, (245, 220, 144, 155, 117, 58, 101, 104)
2, (225, 235, 111, 163, 109, 53, 73, 163)
2, (253, 200, 129, 155, 129, 61, 99, 111)
2, (219, 233, 94, 172, 112, 58, 70, 161)
2, (223, 192, 127, 146, 138, 62, 101, 111)
2, (218, 226, 83, 167, 126, 53, 68, 174)
2, (201, 172, 136, 130, 129, 53, 84, 125)
2, (207, 212, 83, 163, 117, 51, 68, 181)
2, (191, 181, 157, 145, 136, 51, 80, 132)
2, (189, 158, 82, 160, 123, 56, 72, 148)
2, (208, 188, 134, 140, 128, 59, 93, 133)
2, (190, 143, 77, 154, 126, 59, 71, 148)
2, (192, 182, 141, 136, 119, 54, 88, 128)
2, (176, 196, 76, 139, 115, 55, 64, 152)
2, (212, 153, 157, 150, 121, 54, 76, 131)
2, (192, 196, 76, 116, 99, 56, 69, 162)
2, (212, 213, 150, 147, 115, 61, 89, 96)
2, (197, 210, 94, 116, 100, 57, 80, 157)
2, (230, 217, 123, 137, 124, 62, 93, 119)
2, (228, 220, 97, 130, 100, 54, 95, 162)
2, (227, 214, 130, 130, 122, 59, 72, 119)
2, (237, 231, 101, 124, 104, 54, 97, 162)
2, (235, 211, 123, 125, 123, 56, 77, 124)
2, (250, 191, 106, 118, 114, 50, 101, 158)
2, (241, 211, 112, 104, 120, 57, 77, 124)
2, (261, 190, 107, 127, 115, 53, 111, 151)
2, (222, 149, 120, 101, 122, 56, 80, 146)
2, (243, 196, 87, 109, 112, 55, 116, 172)
2, (243, 137, 120, 103, 104, 59, 90, 163)
2, (221, 199, 119, 184, 117, 53, 107, 164)
2, (259, 181, 115, 126, 95, 56, 90, 171)
2, (230, 199, 115, 202, 124, 51, 100, 166)
2, (266, 210, 114, 126, 98, 57, 85, 169)
2, (226, 208, 111, 203, 121, 59, 100, 171)
2, (259, 197, 108, 130, 89, 52, 83, 169)
2, (219, 208, 124, 202, 121, 56, 85, 146)
2, (260, 204, 92, 135, 86, 50, 86, 162)
2, (212, 198, 122, 206, 114, 55, 86, 131)
2, (243, 203, 106, 131, 86, 45, 72, 113)
2, (230, 184, 94, 132, 105, 53, 78, 122)
2, (226, 180, 100, 104, 98, 52, 77, 117)
3, (199, 168, 145, 164, 105, 62, 133, 159)
3, (201, 130, 146, 180, 123, 63, 136, 160)
3, (250, 122, 145, 155, 133, 64, 151, 175)
3, (261, 181, 159, 153, 141, 62, 142, 170)
3, (255, 188, 147, 168, 139, 61, 128, 183)
3, (249, 186, 149, 162, 136, 61, 123, 152)
3, (343, 193, 149, 130, 143, 63, 122, 153)
3, (311, 200, 143, 137, 139, 64, 99, 136)
3, (291, 170, 142, 126, 121, 59, 90, 134)
3, (302, 208, 144, 115, 127, 63, 100, 104)
3, (300, 212, 155, 122, 125, 63, 109, 142)
3, (205, 200, 152, 125, 100, 65, 105, 142)
3, (210, 196, 160, 126, 95, 70, 106, 141)
3, (231, 179, 154, 133, 100, 71, 119, 148)
3, (218, 193, 142, 130, 104, 64, 119, 153)
3, (250, 201, 139, 138, 117, 85, 159, 154)
3, (273, 204, 139, 128, 113, 98, 191, 156)
3, (275, 220, 134, 122, 118, 98, 193, 171)
3, (274, 222, 127, 139, 116, 99, 184, 174)
3, (288, 165, 150, 131, 117, 103, 189, 170)
3, (264, 220, 145, 139, 111, 85, 150, 125)
3, (259, 228, 152, 143, 120, 75, 114, 169)
3, (260, 218, 170, 160, 120, 74, 107, 167)
3, (258, 210, 168, 140, 115, 72, 102, 158)
3, (251, 208, 153, 150, 104, 64, 91, 158)
3, (241, 150, 149, 145, 104, 65, 98, 162)
3, (237, 154, 139, 139, 96, 59, 87, 118)
3, (253, 145, 136, 137, 132, 72, 92, 102)
3, (266, 151, 131, 149, 143, 74, 95, 97)
3, (268, 153, 129, 142, 145, 74, 92, 96)
3, (273, 145, 141, 128, 149, 77, 108, 100)
3, (261, 124, 143, 135, 150, 75, 110, 93)
3, (271, 183, 122, 126, 118, 65, 129, 92)
3, (245, 187, 126, 114, 114, 62, 127, 162)
3, (236, 209, 134, 108, 113, 63, 123, 163)
3, (236, 211, 119, 118, 107, 60, 108, 176)
3, (234, 226, 115, 117, 116, 66, 113, 177)
3, (211, 201, 129, 109, 115, 59, 82, 180)
4, (180, 125, 125, 137, 111, 53, 143, 149)
4, (183, 114, 147, 129, 93, 52, 141, 144)
4, (188, 114, 133, 112, 102, 52, 138, 151)
4, (207, 184, 137, 103, 115, 57, 145, 120)
4, (213, 187, 153, 117, 128, 67, 145, 131)
4, (235, 192, 148, 116, 137, 71, 121, 146)
4, (298, 200, 148, 149, 163, 74, 120, 151)
4, (277, 195, 156, 149, 165, 75, 121, 148)
4, (258, 122, 152, 143, 156, 74, 112, 158)
4, (253, 132, 130, 130, 136, 67, 103, 146)
4, (258, 147, 132, 121, 131, 67, 93, 132)
4, (192, 212, 110, 79, 99, 73, 94, 167)
4, (198, 208, 112, 94, 103, 76, 97, 162)
4, (203, 207, 107, 102, 100, 74, 97, 155)
4, (210, 203, 123, 104, 109, 76, 97, 157)
4, (235, 201, 127, 105, 121, 76, 109, 158)
4, (231, 122, 127, 111, 118, 68, 113, 168)
4, (231, 137, 138, 102, 106, 67, 112, 187)
4, (228, 137, 162, 143, 118, 68, 115, 181)
4, (217, 138, 159, 166, 118, 63, 121, 176)
4, (166, 137, 181, 178, 119, 42, 104, 184)
4, (151, 136, 183, 184, 123, 45, 95, 181)
4, (142, 172, 173, 199, 123, 43, 96, 161)
4, (144, 181, 157, 192, 118, 41, 97, 158)
4, (167, 181, 151, 178, 125, 55, 121, 165)
4, (170, 167, 145, 170, 106, 63, 126, 159)
5, (156, 98, 136, 118, 115, 72, 119, 171)
5, (152, 88, 137, 141, 99, 67, 122, 170)
5, (154, 85, 118, 136, 101, 63, 95, 179)
5, (157, 90, 115, 118, 104, 58, 98, 178)
5, (228, 102, 128, 129, 124, 64, 107, 177)
5, (251, 106, 131, 126, 137, 63, 118, 176)
5, (249, 116, 126, 108, 135, 63, 121, 176)
5, (248, 114, 149, 112, 137, 63, 118, 171)
5, (250, 111, 143, 120, 141, 58, 105, 186)
5, (182, 100, 135, 112, 140, 51, 97, 259)
5, (186, 84, 139, 112, 121, 49, 79, 236)
5, (191, 73, 161, 117, 122, 51, 70, 233)
5, (206, 88, 139, 117, 124, 56, 81, 236)
5, (230, 95, 137, 116, 109, 55, 83, 251)
5, (255, 91, 138, 108, 97, 56, 88, 173)
5, (233, 96, 121, 109, 94, 54, 95, 168)
5, (228, 93, 96, 97, 91, 53, 94, 172)
5, (256, 92, 92, 86, 88, 50, 94, 195)
5, (242, 99, 110, 86, 102, 61, 112, 168)
5, (212, 98, 128, 92, 111, 66, 126, 177)
5, (219, 97, 136, 88, 117, 67, 119, 166)
5, (228, 102, 139, 88, 130, 69, 135, 198)
5, (190, 90, 149, 92, 139, 70, 134, 165)
5, (205, 80, 139, 85, 129, 65, 122, 177)
5, (202, 83, 121, 97, 121, 60, 110, 169)
5, (188, 89, 135, 107, 115, 72, 129, 206)
5, (176, 106, 135, 112, 119, 70, 120, 186)
5, (234, 115, 135, 120, 108, 66, 114, 185)
5, (212, 111, 143, 118, 101, 62, 112, 168)
5, (237, 113, 140, 111, 96, 63, 115, 166)
5, (237, 106, 127, 132, 112, 49, 95, 141)
5, (258, 87, 126, 127, 95, 53, 87, 114)
5, (196, 80, 112, 118, 97, 53, 84, 123)
5, (209, 86, 104, 124, 104, 56, 106, 155)
5, (174, 82, 103, 119, 121, 59, 93, 160)
5, (190, 89, 88, 103, 106, 61, 95, 138)
5, (176, 90, 90, 103, 105, 58, 102, 146)
5, (193, 87, 88, 100, 110, 61, 120, 159)
5, (176, 101, 82, 104, 123, 56, 107, 129)
5, (201, 114, 105, 123, 103, 48, 114, 121)
5, (196, 123, 115, 124, 106, 43, 113, 161)
5, (191, 122, 117, 127, 117, 41, 114, 164)
