0, (164, 215, 101, 109, 66, 59, 123, 125)
0, (154, 192, 102, 99, 75, 56, 115, 121)
0, (145, 188, 103, 105, 78, 43, 87, 103)
0, (188, 217, 108, 104, 78, 45, 94, 109)
0, (197, 239, 89, 106, 92, 46, 94, 107)
0, (225, 234, 91, 106, 99, 48, 81, 111)
0, (217, 224, 85, 97, 93, 48, 76, 110)
0, (230, 230, 88, 74, 87, 41, 72, 84)
0, (205, 231, 86, 63, 87, 45, 66, 67)
0, (178, 169, 94, 69, 74, 49, 67, 61)
0, (141, 213, 103, 68, 60, 49, 66, 98)
0, (157, 216, 104, 71, 54, 49, 76, 99)
0, (119, 214, 101, 77, 61, 49, 80, 99)
0, (115, 236, 103, 84, 59, 49, 81, 99)
0, (115, 244, 95, 89, 63, 48, 78, 101)
0, (123, 247, 101, 88, 73, 54, 96, 83)
0, (119, 259, 106, 87, 80, 53, 87, 87)
0, (125, 304, 108, 94, 76, 58, 96, 83)
0, (134, 274, 108, 97, 74, 56, 99, 82)
0, (145, 271, 104, 89, 75, 50, 94, 77)
0, (142, 261, 91, 88, 65, 42, 76, 53)
0, (146, 250, 93, 92, 56, 41, 78, 96)
0, (154, 249, 97, 88, 56, 38, 75, 101)
0, (135, 234, 95, 83, 68, 38, 69, 103)
0, (134, 240, 115, 78, 64, 37, 66, 103)
0, (139, 225, 112, 73, 65, 37, 63, 103)
0, (128, 243, 112, 67, 67, 46, 67, 58)
0, (119, 226, 105, 59, 68, 42, 58, 48)
0, (129, 235, 98, 57, 61, 46, 72, 44)
0, (115, 228, 85, 65, 65, 50, 77, 43)
0, (105, 213, 80, 64, 74, 53, 80, 40)
0, (96, 191, 92, 74, 76, 50, 80, 34)
0, (115, 219, 99, 68, 71, 52, 83, 35)
0, (106, 225, 100, 73, 70, 50, 71, 34)
0, (109, 225, 98, 72, 70, 46, 70, 32)
0, (106, 233, 102, 73, 63, 45, 72, 32)
0, (104, 231, 87, 63, 58, 44, 72, 34)
0, (102, 159, 86, 64, 68, 41, 67, 33)
0, (110, 148, 95, 66, 88, 53, 77, 40)
0, (110, 143, 89, 60, 86, 52, 73, 40)
0, (108, 164, 95, 62, 80, 49, 70, 38)
0, (105, 158, 91, 65, 82, 48, 64, 35)
0, (105, 220, 86, 64, 81, 49, 62, 35)
0, (99, 311, 95, 48, 58, 37, 45, 28)
0, (104, 320, 96, 45, 57, 42, 46, 28)
0, (102, 337, 95, 40, 59, 41, 39, 31)
0, (124, 338, 109, 35, 62, 45, 48, 34)
0, (106, 335, 173, 42, 57, 43, 47, 37)
0, (107, 275, 184, 58, 62, 43, 42, 38)
0, (118, 282, 185, 62, 68, 39, 44, 74)
0, (158, 243, 183, 63, 70, 41, 45, 79)
0, (147, 272, 176, 63, 66, 33, 35, 78)
0, (144, 252, 121, 62, 77, 38, 40, 77)
0, (154, 240, 88, 48, 70, 36, 47, 77)
0, (145, 213, 84, 44, 66, 38, 45, 44)
0, (102, 219, 78, 43, 66, 39, 47, 39)
0, (101, 201, 81, 45, 75, 40, 47, 38)
0, (101, 189, 76, 41, 64, 39, 50, 42)
0, (87, 192, 88, 45, 62, 42, 54, 51)
0, (85, 209, 103, 45, 62, 43, 56, 53)
0, (82, 213, 113, 45, 76, 46, 63, 53)
0, (95, 256, 118, 44, 73, 52, 76, 58)
0, (91, 254, 112, 54, 74, 55, 81, 59)
0, (88, 246, 111, 62, 81, 59, 83, 57)
0, (94, 241, 101, 65, 86, 60, 85, 58)
0, (122, 282, 94, 68, 88, 61, 80, 56)
0, (107, 235, 92, 89, 91, 55, 69, 52)
0, (109, 237, 96, 88, 88, 52, 59, 50)
0, (107, 228, 88, 81, 83, 50, 58, 51)
0, (120, 221, 82, 79, 81, 49, 57, 52)
0, (93, 187, 78, 76, 67, 44, 61, 54)
0, (94, 251, 76, 51, 59, 48, 69, 53)
1, (108, 253, 75, 52, 59, 50, 71, 52)
1, (110, 258, 69, 53, 64, 50, 71, 47)
1, (88, 277, 74, 52, 61, 51, 71, 47)
1, (99, 273, 74, 60, 71, 50, 70, 43)
1, (102, 246, 74, 63, 78, 52, 70, 47)
1, (87, 246, 79, 60, 80, 49, 71, 47)
1, (86, 252, 87, 58, 78, 42, 65, 49)
1, (99, 234, 84, 61, 86, 43, 63, 48)
1, (89, 255, 84, 53, 72, 44, 63, 58)
1, (90, 231, 80, 55, 72, 38, 54, 54)
1, (99, 218, 78, 53, 77, 34, 48, 51)
1, (107, 211, 75, 56, 84, 41, 47, 47)
1, (96, 255, 75, 58, 84, 39, 47, 47)
1, (95, 222, 71, 61, 87, 38, 40, 35)
1, (116, 215, 66, 58, 83, 42, 48, 35)
1, (111, 247, 69, 58, 77, 46, 56, 38)
1, (100, 246, 71, 53, 67, 40, 58, 38)
1, (104, 295, 79, 58, 74, 42, 63, 36)
1, (123, 288, 95, 67, 94, 41, 65, 36)
1, (98, 287, 95, 63, 94, 37, 63, 42)
1, (125, 297, 89, 65, 97, 41, 58, 43)
1, (143, 306, 87, 69, 98, 40, 56, 43)
1, (146, 266, 89, 65, 88, 42, 52, 44)
1, (134, 274, 82, 52, 68, 44, 53, 47)
1, (134, 276, 86, 54, 66, 46, 45, 42)
1, (128, 235, 97, 54, 56, 41, 46, 39)
1, (111, 275, 108, 58, 64, 42, 47, 39)
1, (107, 238, 102, 55, 65, 50, 70, 38)
1, (116, 234, 97, 54, 63, 50, 71, 38)
1, (118, 249, 110, 71, 87, 52, 76, 41)
1, (97, 286, 103, 75, 91, 52, 74, 39)
1, (95, 239, 89, 71, 90, 52, 75, 40)
1, (94, 225, 90, 71, 86, 45, 50, 36)
1, (131, 223, 90, 69, 86, 45, 51, 39)
1, (134, 270, 91, 56, 67, 42, 49, 38)
1, (135, 240, 94, 53, 71, 45, 56, 43)
1, (140, 231, 92, 52, 67, 46, 56, 46)
1, (155, 237, 99, 54, 70, 45, 66, 49)
1, (114, 283, 105, 59, 74, 44, 68, 46)
1, (113, 262, 94, 59, 66, 44, 66, 45)
1, (109, 258, 93, 66, 59, 45, 69, 42)
1, (138, 262, 100, 66, 61, 44, 67, 42)
1, (119, 255, 100, 62, 58, 44, 60, 40)
1, (121, 245, 92, 64, 59, 47, 65, 39)
1, (131, 203, 84, 65, 66, 49, 66, 39)
1, (132, 213, 87, 55, 79, 50, 59, 42)
1, (95, 212, 95, 60, 85, 57, 60, 40)
1, (97, 252, 85, 64, 89, 54, 62, 42)
1, (110, 221, 88, 62, 88, 51, 48, 47)
1, (100, 231, 87, 56, 94, 47, 45, 49)
1, (101, 234, 80, 56, 87, 49, 57, 47)
1, (105, 282, 74, 58, 80, 45, 57, 51)
1, (142, 259, 79, 62, 79, 45, 54, 53)
1, (134, 276, 78, 58, 87, 43, 58, 48)
1, (133, 281, 86, 59, 82, 45, 63, 51)
1, (149, 301, 84, 60, 77, 44, 70, 57)
2, (156, 312, 88, 54, 72, 44, 77, 61)
2, (119, 303, 88, 53, 94, 48, 81, 61)
2, (128, 283, 85, 56, 85, 51, 80, 64)
2, (126, 306, 80, 56, 81, 52, 80, 60)
2, (118, 302, 88, 61, 83, 48, 65, 59)
2, (106, 285, 86, 58, 86, 45, 70, 52)
2, (128, 307, 85, 53, 55, 41, 73, 49)
2, (135, 306, 86, 49, 53, 39, 74, 45)
2, (143, 310, 95, 44, 58, 39, 77, 49)
2, (150, 295, 89, 41, 59, 47, 87, 44)
2, (147, 261, 83, 45, 57, 46, 81, 46)
2, (134, 234, 85, 45, 59, 47, 83, 50)
2, (131, 288, 94, 53, 67, 52, 95, 63)
2, (127, 254, 90, 59, 65, 51, 90, 62)
2, (107, 239, 92, 53, 59, 43, 79, 61)
2, (110, 232, 88, 49, 56, 49, 86, 62)
2, (119, 286, 84, 54, 56, 47, 81, 60)
2, (151, 265, 81, 54, 58, 40, 65, 55)
2, (148, 271, 75, 48, 57, 42, 69, 54)
2, (171, 280, 69, 52, 64, 46, 81, 56)
2, (169, 281, 76, 62, 81, 46, 74, 54)
2, (160, 239, 77, 59, 86, 54, 78, 53)
2, (117, 239, 66, 52, 78, 54, 81, 43)
2, (156, 236, 124, 193, 103, 51, 67, 216)
2, (138, 221, 79, 55, 77, 53, 84, 49)
2, (123, 267, 108, 175, 79, 48, 68, 215)
2, (126, 250, 93, 64, 90, 50, 79, 51)
2, (125, 270, 108, 169, 67, 45, 72, 212)
2, (142, 248, 90, 58, 85, 44, 86, 49)
2, (124, 212, 109, 134, 73, 55, 105, 209)
2, (152, 260, 98, 56, 79, 42, 88, 53)
2, (134, 212, 118, 133, 78, 55, 118, 195)
2, (163, 243, 102, 62, 83, 57, 108, 80)
2, (116, 211, 111, 137, 72, 58, 120, 109)
2, (159, 272, 93, 64, 92, 60, 109, 81)
2, (131, 171, 117, 139, 86, 58, 120, 113)
2, (148, 250, 88, 55, 76, 60, 109, 87)
2, (126, 202, 118, 131, 90, 59, 123, 112)
2, (136, 249, 85, 57, 64, 61, 105, 90)
2, (135, 234, 116, 132, 89, 48, 92, 104)
2, (137, 227, 80, 94, 79, 61, 107, 88)
2, (127, 237, 117, 117, 88, 50, 71, 95)
2, (148, 234, 80, 122, 84, 53, 98, 81)
2, (126, 226, 123, 122, 89, 49, 72, 71)
2, (178, 246, 89, 168, 79, 49, 109, 89)
2, (126, 297, 112, 111, 85, 49, 82, 109)
2, (177, 237, 89, 170, 79, 46, 106, 88)
2, (136, 288, 111, 104, 89, 51, 84, 121)
2, (179, 245, 95, 175, 93, 48, 103, 86)
2, (123, 279, 121, 102, 83, 56, 82, 193)
2, (173, 247, 93, 166, 83, 42, 94, 92)
2, (127, 303, 121, 113, 81, 51, 81, 241)
2, (155, 314, 94, 152, 76, 38, 92, 102)
2, (128, 331, 114, 129, 103, 49, 75, 246)
2, (126, 293, 89, 105, 73, 44, 86, 97)
2, (121, 278, 140, 126, 95, 53, 89, 229)
2, (121, 291, 100, 111, 86, 47, 83, 213)
2, (111, 256, 139, 146, 95, 51, 84, 234)
2, (124, 338, 102, 118, 74, 48, 91, 225)
2, (106, 252, 138, 153, 101, 58, 107, 180)
2, (123, 338, 105, 124, 77, 49, 95, 232)
2, (91, 213, 132, 146, 103, 58, 111, 110)
2, (134, 263, 100, 136, 90, 54, 96, 225)
2, (92, 242, 129, 127, 78, 56, 111, 91)
2, (112, 258, 108, 140, 96, 59, 98, 225)
2, (90, 241, 105, 146, 87, 55, 97, 93)
2, (119, 266, 103, 151, 91, 61, 102, 120)
2, (91, 255, 112, 133, 88, 62, 103, 64)
2, (119, 262, 98, 144, 94, 58, 92, 95)
2, (115, 255, 96, 133, 96, 58, 94, 71)
3, (203, 257, 100, 136, 84, 63, 107, 290)
3, (186, 253, 105, 133, 79, 57, 84, 244)
3, (161, 150, 110, 128, 75, 57, 82, 267)
3, (154, 218, 105, 115, 67, 54, 74, 264)
3, (162, 198, 112, 138, 76, 63, 89, 271)
3, (171, 211, 101, 144, 75, 57, 91, 269)
3, (162, 213, 104, 142, 76, 57, 91, 223)
3, (160, 213, 102, 143, 83, 60, 96, 158)
3, (160, 161, 104, 148, 83, 58, 96, 258)
3, (165, 203, 110, 133, 76, 47, 88, 273)
3, (152, 190, 114, 115, 72, 60, 107, 265)
3, (146, 184, 115, 111, 68, 60, 106, 265)
3, (163, 182, 116, 129, 69, 56, 105, 269)
3, (187, 179, 117, 123, 64, 58, 116, 289)
3, (185, 131, 105, 129, 68, 61, 126, 268)
3, (178, 158, 111, 163, 79, 50, 108, 271)
3, (183, 175, 110, 174, 79, 46, 114, 272)
3, (167, 173, 113, 173, 74, 57, 138, 270)
3, (148, 171, 135, 186, 75, 65, 143, 145)
3, (177, 167, 136, 167, 77, 72, 134, 209)
3, (180, 264, 126, 143, 65, 74, 146, 259)
3, (180, 259, 122, 138, 68, 77, 156, 278)
3, (201, 278, 132, 123, 71, 72, 133, 266)
3, (200, 279, 126, 123, 71, 67, 119, 272)
3, (159, 283, 132, 156, 66, 59, 117, 235)
3, (159, 223, 137, 161, 82, 64, 109, 187)
3, (163, 238, 131, 180, 105, 61, 85, 257)
3, (147, 215, 119, 197, 104, 63, 101, 255)
3, (155, 205, 101, 193, 105, 62, 102, 243)
3, (161, 222, 104, 179, 106, 64, 99, 239)
3, (179, 180, 128, 226, 98, 53, 88, 229)
3, (178, 206, 127, 207, 69, 51, 89, 110)
3, (190, 210, 126, 193, 70, 46, 79, 115)
3, (189, 213, 139, 184, 76, 47, 88, 133)
3, (222, 200, 146, 219, 72, 43, 91, 209)
3, (202, 194, 135, 200, 81, 49, 87, 210)
3, (202, 145, 161, 205, 90, 63, 106, 211)
3, (180, 216, 170, 207, 96, 67, 117, 226)
3, (188, 224, 162, 220, 88, 65, 116, 222)
3, (134, 222, 157, 212, 91, 65, 113, 198)
3, (150, 253, 153, 192, 103, 63, 115, 244)
3, (163, 261, 132, 193, 98, 55, 106, 250)
3, (162, 259, 124, 190, 88, 46, 96, 235)
3, (143, 254, 137, 202, 94, 53, 116, 236)
3, (153, 248, 151, 181, 91, 52, 117, 210)
3, (157, 236, 151, 171, 61, 53, 121, 232)
3, (144, 228, 146, 192, 55, 55, 120, 275)
3, (165, 162, 144, 208, 67, 56, 114, 286)
3, (178, 232, 138, 207, 86, 57, 92, 285)
3, (199, 244, 121, 204, 89, 67, 104, 281)
3, (190, 241, 147, 206, 93, 70, 121, 229)
3, (185, 243, 154, 203, 103, 65, 117, 254)
3, (177, 242, 165, 205, 109, 65, 119, 263)
3, (171, 199, 166, 186, 95, 67, 139, 259)
3, (161, 196, 165, 191, 95, 65, 141, 269)
3, (154, 170, 139, 199, 99, 58, 122, 265)
3, (172, 184, 137, 176, 92, 58, 124, 189)
3, (177, 209, 147, 178, 80, 63, 124, 227)
3, (211, 213, 154, 208, 76, 59, 107, 266)
3, (207, 226, 153, 201, 79, 53, 89, 244)
3, (226, 228, 150, 187, 74, 54, 93, 241)
3, (215, 211, 159, 210, 75, 53, 86, 236)
3, (202, 186, 138, 196, 77, 47, 87, 178)
3, (185, 175, 126, 186, 82, 56, 114, 155)
3, (198, 227, 126, 187, 73, 55, 114, 221)
3, (182, 247, 142, 180, 69, 54, 114, 221)
3, (184, 264, 125, 159, 62, 54, 114, 219)
3, (183, 264, 135, 182, 67, 56, 115, 228)
3, (154, 247, 132, 159, 58, 40, 73, 204)
3, (122, 175, 125, 154, 66, 39, 78, 147)
3, (122, 212, 108, 159, 69, 44, 82, 232)
3, (126, 214, 109, 172, 76, 44, 82, 231)
3, (149, 218, 93, 135, 68, 43, 76, 229)
3, (142, 230, 87, 129, 70, 41, 74, 225)
3, (152, 243, 95, 135, 69, 44, 69, 213)
3, (148, 214, 96, 135, 64, 39, 56, 112)
3, (139, 220, 104, 114, 58, 37, 58, 122)
3, (163, 231, 114, 122, 63, 45, 60, 115)
3, (171, 229, 114, 135, 74, 45, 65, 146)
3, (166, 221, 118, 182, 75, 43, 65, 207)
3, (172, 224, 135, 209, 81, 48, 71, 208)
3, (189, 223, 153, 208, 87, 52, 71, 222)
3, (146, 219, 155, 226, 80, 48, 69, 214)
3, (141, 213, 157, 256, 83, 55, 70, 208)
3, (142, 223, 160, 222, 78, 52, 69, 248)
3, (138, 256, 150, 210, 82, 51, 66, 246)
3, (140, 246, 130, 209, 76, 49, 68, 232)
3, (141, 246, 134, 196, 77, 45, 80, 232)
3, (149, 253, 132, 209, 82, 58, 90, 222)
3, (140, 272, 116, 205, 101, 72, 105, 122)
3, (136, 221, 110, 185, 95, 70, 103, 184)
3, (104, 205, 108, 190, 97, 71, 100, 187)
3, (137, 195, 114, 204, 117, 74, 89, 185)
3, (128, 196, 117, 154, 112, 63, 78, 188)
3, (133, 220, 119, 188, 95, 48, 64, 179)
3, (133, 219, 116, 201, 95, 52, 68, 141)
4, (162, 178, 103, 114, 68, 58, 134, 293)
4, (139, 186, 111, 115, 73, 59, 132, 296)
4, (153, 200, 106, 111, 71, 55, 124, 298)
4, (179, 198, 91, 138, 70, 51, 98, 284)
4, (181, 205, 78, 135, 65, 48, 83, 289)
4, (177, 211, 95, 140, 79, 51, 82, 275)
4, (180, 239, 102, 155, 76, 49, 81, 264)
4, (183, 189, 108, 175, 84, 58, 94, 267)
4, (154, 189, 110, 165, 95, 60, 99, 197)
4, (164, 183, 119, 169, 108, 63, 105, 234)
4, (165, 174, 112, 171, 99, 66, 112, 233)
4, (186, 121, 94, 156, 99, 68, 134, 234)
4, (177, 113, 99, 134, 90, 58, 114, 228)
4, (179, 124, 109, 139, 76, 53, 111, 198)
4, (200, 186, 106, 138, 53, 49, 106, 153)
4, (211, 192, 117, 124, 54, 50, 120, 258)
4, (206, 193, 134, 153, 67, 49, 100, 274)
4, (202, 195, 130, 155, 69, 50, 100, 275)
4, (227, 188, 133, 142, 69, 49, 100, 262)
4, (205, 135, 138, 137, 71, 51, 111, 267)
4, (221, 137, 128, 140, 77, 54, 109, 277)
4, (230, 245, 113, 114, 69, 53, 104, 294)
4, (229, 245, 114, 125, 80, 57, 109, 290)
4, (200, 261, 101, 128, 81, 58, 110, 289)
5, (155, 205, 99, 110, 93, 53, 72, 210)
5, (165, 190, 100, 92, 82, 49, 76, 256)
5, (151, 190, 108, 94, 87, 45, 81, 258)
5, (159, 192, 100, 72, 77, 42, 85, 260)
5, (143, 121, 91, 86, 77, 50, 99, 248)
5, (143, 186, 93, 89, 72, 56, 143, 242)
5, (141, 187, 85, 93, 69, 59, 143, 148)
5, (141, 185, 76, 105, 59, 59, 140, 225)
5, (153, 177, 86, 119, 61, 60, 142, 237)
5, (151, 185, 101, 115, 61, 57, 143, 237)
5, (157, 211, 91, 112, 79, 44, 102, 252)
5, (168, 243, 106, 108, 78, 46, 107, 252)
5, (171, 244, 108, 100, 75, 55, 118, 197)
5, (174, 245, 106, 84, 80, 61, 119, 320)
5, (170, 244, 104, 78, 77, 59, 109, 319)
5, (174, 176, 117, 93, 58, 62, 111, 308)
5, (174, 153, 107, 98, 64, 62, 109, 318)
5, (171, 154, 108, 94, 81, 54, 104, 396)
5, (151, 156, 119, 95, 79, 54, 112, 294)
5, (167, 165, 126, 103, 82, 53, 106, 302)
5, (164, 179, 116, 81, 87, 53, 100, 301)
5, (173, 207, 117, 77, 84, 52, 127, 316)
5, (185, 221, 116, 102, 69, 58, 140, 298)
5, (182, 217, 112, 111, 78, 55, 129, 295)
5, (176, 203, 98, 122, 81, 57, 131, 281)
5, (173, 188, 98, 134, 77, 56, 134, 281)
5, (170, 140, 101, 135, 76, 54, 108, 258)
5, (162, 175, 101, 121, 78, 54, 106, 133)
5, (178, 178, 101, 118, 69, 57, 130, 281)
5, (164, 179, 107, 111, 69, 60, 136, 280)
