0, (258, 248, 223, 192, 94, 90, 135, 298)
0, (271, 238, 221, 173, 100, 91, 146, 302)
0, (232, 218, 189, 177, 97, 91, 139, 260)
0, (229, 266, 179, 179, 106, 103, 134, 261)
0, (239, 277, 185, 173, 107, 98, 122, 256)
0, (235, 266, 195, 169, 101, 94, 121, 261)
0, (226, 286, 217, 185, 93, 95, 105, 258)
0, (224, 301, 222, 178, 80, 89, 114, 261)
0, (211, 272, 233, 201, 83, 85, 119, 235)
0, (187, 262, 227, 213, 95, 87, 133, 236)
0, (205, 249, 197, 215, 91, 93, 135, 263)
0, (216, 240, 165, 199, 93, 96, 141, 262)
0, (220, 273, 156, 186, 99, 103, 153, 262)
0, (221, 301, 178, 175, 91, 117, 131, 185)
0, (225, 288, 179, 187, 77, 120, 134, 179)
0, (182, 297, 180, 179, 74, 117, 135, 191)
0, (197, 290, 188, 185, 73, 116, 133, 231)
0, (189, 282, 201, 190, 71, 103, 110, 228)
0, (190, 273, 197, 196, 78, 83, 114, 230)
0, (187, 339, 194, 170, 92, 78, 103, 223)
0, (193, 353, 195, 162, 97, 82, 138, 174)
0, (191, 398, 200, 185, 99, 84, 133, 114)
0, (190, 408, 200, 179, 100, 92, 129, 106)
0, (197, 428, 179, 167, 101, 91, 139, 101)
0, (232, 406, 185, 170, 87, 101, 158, 145)
0, (242, 418, 202, 175, 81, 96, 128, 139)
0, (233, 376, 202, 134, 75, 93, 135, 137)
0, (231, 364, 192, 156, 89, 87, 142, 139)
0, (234, 320, 187, 145, 76, 121, 169, 138)
0, (200, 296, 216, 154, 86, 114, 146, 107)
0, (180, 251, 220, 180, 93, 117, 151, 127)
0, (168, 247, 212, 189, 95, 117, 149, 127)
0, (163, 220, 252, 187, 84, 112, 147, 128)
0, (160, 221, 269, 192, 93, 67, 115, 131)
0, (191, 204, 245, 179, 84, 92, 122, 110)
0, (180, 186, 239, 204, 86, 94, 116, 114)
0, (170, 196, 230, 200, 82, 93, 110, 109)
0, (186, 267, 215, 206, 81, 109, 107, 110)
0, (186, 262, 191, 223, 84, 123, 101, 109)
0, (151, 328, 201, 262, 93, 124, 142, 119)
0, (150, 335, 184, 221, 87, 122, 138, 84)
0, (144, 327, 185, 221, 94, 125, 145, 107)
0, (109, 267, 148, 198, 99, 113, 143, 104)
0, (90, 269, 150, 171, 89, 91, 134, 101)
0, (99, 195, 132, 109, 87, 80, 102, 88)
0, (105, 176, 129, 103, 89, 77, 101, 89)
0, (112, 191, 138, 87, 85, 76, 99, 55)
0, (113, 221, 127, 86, 76, 78, 102, 50)
0, (109, 270, 120, 78, 80, 77, 99, 49)
0, (101, 272, 153, 59, 71, 58, 76, 47)
0, (107, 305, 165, 62, 66, 56, 71, 46)
0, (101, 290, 159, 66, 69, 50, 75, 38)
0, (98, 295, 151, 59, 74, 43, 73, 38)
0, (96, 244, 164, 61, 77, 42, 76, 39)
0, (130, 323, 134, 59, 78, 36, 70, 40)
0, (113, 305, 129, 67, 82, 37, 74, 38)
0, (117, 319, 122, 77, 82, 38, 66, 41)
0, (133, 301, 152, 82, 80, 42, 76, 42)
0, (138, 305, 149, 86, 72, 42, 80, 45)
0, (101, 305, 169, 87, 71, 42, 77, 41)
0, (140, 344, 192, 87, 72, 45, 89, 51)
0, (138, 336, 195, 79, 66, 48, 94, 55)
0, (129, 352, 179, 81, 93, 48, 90, 58)
0, (141, 379, 176, 78, 98, 50, 86, 58)
0, (150, 316, 157, 78, 96, 52, 87, 63)
0, (120, 259, 154, 70, 92, 50, 88, 59)
0, (130, 246, 151, 66, 93, 46, 82, 58)
0, (134, 208, 146, 56, 67, 44, 83, 54)
0, (123, 251, 144, 55, 85, 54, 93, 57)
0, (113, 252, 136, 52, 85, 52, 98, 56)
0, (122, 254, 118, 49, 86, 60, 96, 65)
0, (126, 257, 116, 46, 84, 65, 101, 67)
0, (128, 370, 161, 46, 87, 87, 103, 70)
0, (137, 345, 162, 39, 62, 85, 98, 71)
0, (140, 352, 170, 49, 61, 85, 101, 72)
0, (147, 406, 161, 58, 62, 82, 99, 67)
0, (136, 433, 163, 59, 64, 78, 92, 64)
0, (136, 363, 134, 67, 61, 57, 86, 60)
0, (153, 350, 147, 72, 59, 53, 92, 66)
0, (148, 409, 149, 66, 58, 52, 83, 67)
0, (146, 370, 147, 62, 59, 58, 78, 67)
0, (161, 365, 146, 64, 55, 93, 120, 80)
0, (166, 363, 139, 58, 43, 91, 118, 82)
0, (141, 370, 136, 53, 45, 90, 113, 75)
0, (146, 293, 126, 53, 46, 90, 112, 71)
0, (133, 290, 132, 53, 49, 85, 122, 68)
0, (116, 282, 134, 53, 57, 49, 88, 54)
0, (122, 346, 155, 49, 62, 54, 95, 49)
0, (124, 324, 153, 51, 60, 51, 95, 42)
0, (127, 374, 158, 54, 60, 52, 101, 45)
0, (141, 368, 154, 55, 55, 51, 91, 45)
0, (152, 380, 160, 55, 51, 44, 77, 43)
0, (165, 383, 148, 53, 53, 38, 85, 44)
0, (167, 403, 145, 55, 63, 44, 84, 45)
0, (169, 429, 174, 54, 67, 49, 81, 43)
0, (191, 485, 198, 51, 68, 51, 92, 80)
0, (213, 476, 200, 51, 71, 55, 96, 85)
0, (200, 439, 198, 51, 68, 54, 92, 88)
0, (209, 445, 199, 48, 68, 56, 96, 91)
0, (211, 456, 191, 52, 66, 55, 95, 116)
0, (184, 421, 198, 58, 73, 54, 95, 98)
0, (199, 451, 201, 58, 84, 57, 94, 93)
0, (195, 431, 211, 62, 91, 60, 87, 88)
0, (275, 467, 248, 64, 92, 62, 91, 97)
0, (348, 449, 241, 60, 92, 64, 110, 75)
1, (351, 434, 220, 71, 95, 61, 104, 99)
1, (327, 395, 212, 71, 82, 61, 115, 102)
1, (329, 452, 210, 72, 68, 56, 122, 102)
1, (273, 389, 163, 72, 62, 48, 118, 92)
1, (190, 375, 162, 73, 62, 45, 108, 108)
1, (198, 427, 169, 54, 52, 52, 105, 87)
1, (241, 419, 163, 54, 53, 56, 113, 88)
1, (242, 440, 163, 47, 56, 61, 110, 94)
1, (248, 472, 180, 57, 59, 80, 145, 95)
1, (236, 436, 169, 57, 57, 78, 154, 72)
1, (230, 410, 157, 59, 57, 76, 161, 99)
1, (198, 468, 163, 56, 54, 72, 147, 101)
1, (208, 409, 148, 72, 63, 71, 165, 105)
1, (178, 364, 123, 62, 60, 53, 137, 109)
1, (178, 444, 136, 63, 68, 59, 126, 106)
1, (186, 429, 147, 74, 73, 56, 122, 81)
1, (187, 372, 145, 76, 73, 54, 132, 111)
1, (170, 415, 160, 66, 70, 81, 108, 105)
1, (185, 443, 163, 68, 74, 91, 117, 104)
1, (178, 390, 169, 73, 70, 103, 176, 107)
1, (177, 432, 154, 63, 64, 107, 173, 104)
1, (154, 480, 169, 63, 69, 108, 170, 66)
1, (167, 440, 164, 63, 67, 95, 171, 62)
1, (176, 439, 162, 56, 63, 99, 180, 56)
1, (179, 406, 141, 52, 65, 85, 118, 52)
1, (188, 383, 142, 51, 80, 84, 118, 52)
1, (195, 349, 127, 53, 91, 84, 113, 52)
1, (194, 350, 124, 52, 90, 77, 113, 51)
1, (179, 349, 132, 63, 93, 90, 95, 51)
1, (178, 421, 147, 62, 100, 95, 89, 49)
1, (196, 389, 147, 70, 99, 92, 109, 57)
1, (210, 434, 148, 68, 87, 90, 114, 77)
1, (214, 445, 154, 80, 89, 93, 115, 85)
2, (211, 432, 146, 83, 102, 85, 113, 83)
2, (218, 459, 144, 99, 110, 81, 128, 81)
2, (188, 462, 152, 98, 108, 82, 108, 76)
2, (192, 435, 145, 103, 112, 86, 108, 93)
2, (230, 385, 184, 224, 108, 90, 86, 126)
2, (183, 426, 173, 106, 114, 101, 121, 92)
2, (214, 346, 173, 224, 99, 91, 86, 106)
2, (196, 418, 185, 110, 102, 89, 147, 94)
2, (203, 294, 192, 218, 95, 91, 84, 109)
2, (186, 326, 184, 117, 95, 91, 141, 102)
2, (193, 343, 215, 209, 92, 89, 90, 107)
2, (188, 385, 187, 119, 100, 92, 146, 106)
2, (187, 356, 203, 217, 83, 53, 93, 111)
2, (208, 373, 208, 116, 108, 87, 151, 74)
2, (202, 361, 213, 195, 72, 59, 92, 128)
2, (207, 364, 179, 108, 106, 67, 142, 70)
2, (214, 384, 211, 194, 74, 58, 87, 107)
2, (190, 415, 169, 98, 107, 52, 111, 68)
2, (199, 394, 189, 168, 69, 83, 83, 104)
2, (241, 430, 201, 91, 99, 78, 129, 57)
2, (205, 413, 151, 156, 63, 84, 94, 108)
2, (249, 378, 203, 86, 84, 84, 138, 63)
2, (199, 453, 181, 131, 54, 86, 103, 104)
2, (242, 416, 199, 96, 73, 88, 130, 62)
2, (228, 435, 204, 142, 63, 85, 111, 106)
2, (242, 448, 200, 93, 75, 92, 134, 90)
2, (220, 464, 228, 142, 68, 83, 112, 101)
2, (272, 414, 211, 93, 69, 94, 134, 92)
2, (213, 515, 226, 141, 70, 60, 111, 100)
2, (243, 441, 193, 82, 62, 71, 113, 97)
2, (209, 474, 253, 150, 73, 81, 111, 102)
2, (231, 450, 197, 89, 73, 81, 95, 93)
2, (243, 428, 243, 155, 75, 81, 103, 129)
2, (230, 423, 191, 89, 73, 87, 107, 97)
2, (209, 463, 221, 145, 76, 82, 93, 111)
2, (235, 401, 187, 88, 67, 84, 100, 78)
2, (202, 410, 205, 146, 96, 84, 95, 109)
2, (216, 418, 209, 89, 70, 84, 99, 79)
2, (203, 317, 225, 148, 97, 83, 115, 114)
2, (201, 367, 207, 88, 79, 81, 101, 77)
2, (208, 347, 213, 152, 94, 62, 105, 117)
2, (233, 404, 206, 99, 76, 62, 113, 73)
2, (164, 322, 199, 141, 101, 68, 109, 125)
2, (229, 388, 213, 91, 81, 90, 105, 69)
2, (160, 271, 186, 136, 97, 66, 112, 122)
2, (234, 378, 208, 93, 90, 93, 106, 57)
2, (156, 320, 177, 116, 77, 67, 122, 124)
2, (227, 362, 173, 89, 92, 93, 123, 62)
2, (181, 340, 153, 114, 78, 72, 110, 120)
2, (223, 370, 192, 95, 88, 94, 123, 57)
2, (190, 323, 133, 126, 87, 79, 133, 114)
2, (185, 310, 189, 82, 87, 98, 125, 73)
2, (196, 349, 136, 143, 83, 83, 166, 110)
2, (183, 316, 174, 79, 84, 75, 146, 77)
2, (211, 461, 141, 138, 81, 84, 178, 124)
2, (184, 386, 197, 78, 78, 74, 148, 90)
2, (252, 487, 165, 143, 77, 82, 170, 121)
2, (177, 374, 213, 91, 86, 83, 167, 90)
2, (246, 510, 190, 146, 79, 79, 181, 130)
2, (180, 387, 184, 91, 85, 84, 174, 93)
2, (231, 522, 243, 148, 76, 76, 171, 141)
2, (208, 429, 183, 97, 83, 87, 176, 80)
2, (221, 515, 270, 152, 77, 82, 141, 122)
2, (227, 442, 177, 130, 85, 83, 164, 113)
2, (238, 442, 275, 154, 81, 78, 127, 116)
2, (216, 386, 162, 145, 90, 80, 165, 107)
2, (200, 367, 271, 162, 82, 80, 183, 133)
2, (236, 418, 143, 146, 82, 71, 137, 108)
2, (190, 366, 260, 170, 88, 79, 190, 126)
2, (255, 406, 146, 143, 94, 81, 149, 124)
2, (198, 382, 216, 170, 81, 73, 186, 113)
2, (237, 402, 150, 154, 98, 81, 190, 133)
2, (215, 382, 187, 165, 78, 56, 178, 119)
2, (204, 462, 174, 136, 92, 72, 185, 114)
2, (214, 351, 178, 167, 72, 59, 190, 143)
2, (200, 468, 179, 130, 87, 71, 206, 124)
2, (212, 379, 148, 159, 68, 59, 146, 131)
2, (180, 457, 180, 124, 83, 70, 217, 140)
2, (207, 359, 145, 152, 52, 58, 145, 132)
2, (159, 453, 188, 174, 82, 77, 216, 131)
2, (204, 312, 154, 177, 69, 79, 163, 135)
2, (152, 435, 182, 166, 73, 70, 192, 125)
2, (183, 331, 152, 164, 65, 76, 182, 141)
3, (280, 383, 265, 245, 119, 102, 159, 324)
3, (252, 397, 270, 244, 121, 96, 143, 317)
3, (233, 364, 239, 216, 98, 76, 132, 309)
3, (262, 363, 239, 192, 89, 94, 126, 324)
3, (259, 408, 195, 184, 94, 97, 133, 319)
3, (263, 410, 175, 177, 92, 95, 129, 344)
3, (292, 404, 197, 190, 88, 87, 136, 343)
3, (301, 430, 218, 203, 105, 90, 136, 339)
3, (272, 440, 227, 183, 93, 81, 145, 308)
3, (280, 363, 235, 180, 87, 96, 147, 188)
3, (293, 375, 236, 193, 103, 105, 145, 192)
3, (295, 426, 218, 184, 114, 117, 134, 189)
3, (307, 416, 208, 183, 107, 122, 159, 183)
3, (278, 448, 204, 172, 113, 113, 152, 194)
3, (284, 437, 193, 175, 119, 114, 149, 204)
3, (295, 468, 201, 163, 106, 106, 144, 243)
3, (263, 430, 231, 167, 92, 94, 136, 311)
3, (288, 414, 241, 163, 89, 87, 115, 314)
3, (325, 389, 234, 164, 85, 88, 137, 315)
3, (339, 396, 249, 174, 79, 64, 136, 306)
3, (327, 378, 255, 176, 83, 66, 140, 257)
3, (324, 383, 227, 167, 80, 78, 165, 169)
3, (320, 479, 216, 168, 86, 77, 164, 178)
3, (308, 449, 225, 164, 85, 74, 147, 198)
3, (296, 467, 213, 158, 103, 73, 145, 290)
3, (309, 463, 204, 173, 105, 79, 136, 281)
3, (303, 460, 203, 206, 116, 87, 102, 304)
3, (263, 367, 206, 212, 119, 107, 96, 308)
3, (249, 372, 194, 208, 122, 107, 94, 288)
3, (260, 408, 194, 222, 108, 107, 85, 207)
3, (232, 423, 193, 237, 120, 107, 98, 248)
3, (241, 420, 186, 231, 129, 96, 110, 273)
3, (256, 421, 233, 257, 125, 87, 103, 281)
3, (258, 449, 262, 273, 122, 87, 102, 301)
3, (237, 381, 282, 259, 124, 88, 106, 294)
3, (281, 337, 291, 257, 108, 82, 105, 261)
3, (296, 331, 291, 237, 79, 76, 97, 211)
3, (285, 365, 246, 192, 72, 51, 93, 220)
3, (296, 355, 231, 179, 73, 66, 105, 354)
3, (305, 364, 193, 173, 75, 94, 115, 353)
3, (271, 385, 189, 132, 75, 93, 108, 351)
3, (253, 441, 233, 142, 90, 93, 120, 357)
3, (268, 434, 236, 174, 97, 98, 146, 342)
3, (247, 400, 220, 171, 96, 90, 138, 208)
3, (239, 404, 220, 171, 91, 64, 133, 226)
3, (234, 391, 210, 169, 94, 89, 132, 286)
3, (259, 340, 182, 166, 90, 90, 125, 296)
3, (252, 370, 165, 142, 92, 90, 93, 289)
3, (248, 400, 193, 183, 94, 89, 88, 260)
3, (258, 393, 188, 190, 99, 89, 89, 248)
3, (249, 393, 177, 192, 101, 77, 106, 236)
3, (249, 385, 198, 192, 94, 74, 117, 247)
3, (279, 319, 229, 181, 83, 66, 114, 246)
3, (279, 318, 212, 128, 82, 67, 115, 242)
3, (268, 312, 216, 125, 93, 65, 113, 233)
3, (348, 305, 219, 143, 83, 58, 124, 172)
3, (335, 339, 200, 150, 90, 62, 106, 136)
3, (318, 392, 172, 190, 96, 66, 112, 128)
3, (321, 367, 168, 207, 100, 68, 113, 129)
3, (324, 374, 180, 212, 98, 95, 114, 130)
4, (242, 357, 169, 174, 95, 72, 108, 297)
4, (235, 363, 177, 204, 99, 84, 95, 307)
4, (260, 423, 210, 192, 89, 84, 97, 356)
4, (258, 453, 231, 196, 88, 90, 100, 288)
4, (270, 494, 226, 190, 112, 96, 101, 287)
4, (254, 518, 274, 207, 111, 100, 103, 278)
4, (261, 521, 296, 183, 108, 91, 107, 278)
4, (220, 467, 297, 210, 120, 91, 112, 213)
4, (243, 430, 313, 233, 132, 121, 113, 207)
4, (229, 395, 325, 299, 122, 116, 103, 223)
4, (241, 358, 306, 295, 129, 111, 106, 296)
4, (232, 340, 298, 309, 141, 111, 112, 278)
4, (236, 391, 294, 288, 136, 109, 114, 264)
4, (202, 373, 273, 260, 121, 74, 123, 281)
4, (199, 356, 256, 200, 119, 78, 140, 322)
4, (193, 377, 249, 195, 113, 104, 134, 266)
4, (210, 428, 236, 175, 107, 103, 133, 265)
4, (247, 402, 207, 180, 94, 99, 138, 272)
4, (261, 416, 218, 165, 96, 97, 125, 262)
4, (274, 451, 229, 231, 90, 97, 107, 291)
4, (266, 447, 210, 230, 78, 90, 111, 279)
4, (265, 408, 198, 248, 70, 96, 102, 281)
4, (260, 406, 212, 260, 81, 102, 98, 290)
4, (283, 392, 200, 321, 96, 100, 123, 341)
4, (264, 334, 184, 270, 96, 98, 122, 322)
4, (300, 352, 207, 267, 97, 81, 119, 322)
4, (321, 359, 203, 267, 97, 83, 122, 327)
4, (305, 374, 194, 260, 94, 73, 123, 378)
4, (280, 449, 197, 239, 80, 72, 107, 441)
4, (304, 485, 220, 238, 99, 76, 131, 397)
4, (281, 469, 197, 255, 108, 81, 142, 396)
4, (238, 468, 205, 273, 103, 79, 149, 506)
4, (221, 459, 248, 280, 103, 81, 145, 457)
4, (236, 442, 241, 245, 106, 84, 149, 357)
4, (245, 463, 215, 238, 96, 88, 151, 368)
4, (228, 424, 221, 224, 90, 81, 154, 389)
4, (253, 415, 222, 205, 95, 76, 152, 377)
4, (251, 419, 190, 218, 96, 87, 154, 375)
4, (238, 445, 189, 213, 87, 94, 149, 366)
4, (343, 396, 197, 272, 81, 91, 134, 375)
4, (383, 401, 202, 271, 76, 95, 137, 370)
4, (366, 404, 197, 254, 73, 89, 129, 281)
4, (373, 419, 230, 252, 84, 77, 122, 290)
4, (397, 338, 232, 253, 88, 73, 128, 353)
4, (297, 364, 240, 200, 93, 79, 122, 352)
4, (281, 417, 249, 212, 110, 80, 103, 365)
4, (294, 394, 257, 205, 106, 81, 98, 352)
4, (291, 363, 225, 183, 95, 83, 105, 349)
4, (257, 405, 225, 175, 99, 91, 103, 298)
4, (289, 364, 220, 204, 96, 82, 104, 293)
4, (269, 338, 227, 206, 91, 78, 111, 267)
4, (271, 372, 229, 215, 104, 79, 123, 309)
4, (264, 396, 209, 233, 106, 78, 118, 334)
4, (295, 343, 203, 235, 108, 81, 146, 331)
4, (271, 388, 234, 227, 124, 100, 160, 331)
4, (286, 378, 212, 260, 130, 103, 155, 331)
4, (275, 415, 246, 262, 122, 102, 147, 354)
5, (256, 446, 166, 186, 112, 93, 125, 352)
5, (241, 453, 153, 203, 93, 68, 118, 270)
5, (267, 450, 170, 187, 91, 85, 123, 282)
5, (272, 415, 171, 192, 112, 87, 121, 321)
5, (228, 432, 195, 190, 102, 87, 119, 308)
5, (239, 449, 227, 182, 98, 82, 117, 287)
5, (262, 462, 252, 162, 99, 78, 117, 323)
5, (251, 470, 257, 167, 113, 83, 113, 334)
5, (255, 535, 304, 153, 88, 90, 117, 331)
5, (245, 484, 288, 130, 98, 94, 118, 303)
5, (263, 446, 270, 144, 98, 93, 103, 372)
5, (230, 379, 253, 145, 96, 91, 100, 391)
5, (246, 367, 244, 134, 83, 82, 105, 402)
5, (234, 274, 187, 131, 82, 89, 95, 380)
5, (278, 305, 188, 133, 108, 94, 93, 467)
5, (250, 331, 200, 146, 112, 98, 112, 414)
5, (268, 325, 208, 155, 114, 100, 101, 375)
5, (248, 333, 206, 154, 113, 88, 99, 384)
5, (260, 344, 202, 159, 126, 80, 113, 404)
5, (226, 443, 200, 181, 99, 96, 123, 299)
5, (240, 430, 187, 162, 95, 96, 119, 293)
5, (239, 434, 178, 172, 106, 103, 121, 294)
5, (241, 443, 167, 191, 110, 102, 118, 325)
5, (234, 438, 180, 197, 92, 97, 113, 285)
