0, (141, 335, 189, 128, 59, 168, 226, 177)
0, (134, 297, 157, 133, 52, 167, 226, 178)
0, (121, 361, 172, 162, 55, 175, 268, 182)
0, (128, 411, 176, 163, 67, 181, 309, 222)
0, (139, 357, 188, 178, 72, 190, 305, 169)
0, (128, 413, 186, 159, 68, 190, 301, 175)
0, (138, 463, 191, 198, 69, 190, 299, 176)
0, (136, 411, 172, 180, 70, 196, 276, 169)
0, (129, 360, 182, 223, 69, 190, 238, 126)
0, (143, 369, 200, 219, 69, 182, 239, 123)
0, (156, 296, 191, 215, 68, 177, 245, 108)
0, (160, 229, 201, 186, 67, 179, 249, 181)
0, (168, 217, 220, 222, 74, 202, 263, 196)
0, (178, 232, 236, 191, 67, 190, 250, 197)
0, (171, 210, 216, 194, 66, 184, 251, 199)
0, (162, 230, 217, 267, 79, 188, 256, 202)
0, (154, 227, 196, 269, 82, 228, 251, 141)
0, (149, 234, 175, 239, 73, 175, 188, 117)
0, (142, 237, 141, 236, 71, 177, 226, 111)
0, (147, 253, 164, 233, 69, 220, 257, 101)
0, (144, 273, 154, 158, 53, 270, 290, 100)
0, (146, 272, 165, 195, 59, 237, 289, 95)
0, (142, 329, 183, 208, 63, 235, 317, 104)
0, (151, 324, 199, 200, 65, 234, 316, 96)
0, (134, 352, 177, 200, 66, 249, 280, 94)
0, (133, 344, 172, 188, 70, 201, 265, 92)
0, (121, 337, 186, 138, 61, 201, 264, 89)
0, (125, 281, 183, 119, 59, 200, 249, 105)
0, (121, 278, 156, 125, 61, 203, 232, 102)
0, (129, 228, 159, 118, 65, 184, 246, 105)
0, (126, 221, 166, 110, 64, 189, 239, 104)
0, (130, 236, 192, 122, 69, 199, 295, 114)
0, (117, 300, 188, 126, 67, 197, 299, 86)
0, (119, 300, 190, 140, 63, 190, 303, 107)
0, (108, 312, 209, 156, 59, 230, 347, 110)
0, (154, 301, 205, 163, 58, 216, 348, 127)
0, (167, 282, 168, 161, 59, 216, 325, 123)
0, (176, 290, 158, 179, 71, 260, 341, 121)
0, (171, 301, 176, 166, 73, 266, 335, 103)
0, (169, 306, 163, 151, 70, 198, 286, 104)
0, (138, 344, 172, 152, 73, 207, 312, 80)
0, (118, 340, 165, 140, 66, 192, 282, 72)
0, (102, 293, 159, 103, 54, 125, 238, 64)
0, (89, 280, 136, 88, 50, 107, 216, 62)
0, (86, 284, 125, 77, 50, 86, 194, 46)
0, (64, 229, 110, 70, 48, 56, 78, 37)
1, (59, 233, 107, 83, 51, 49, 69, 34)
1, (57, 201, 112, 82, 46, 38, 47, 33)
1, (53, 191, 107, 93, 52, 38, 82, 32)
1, (74, 157, 95, 95, 49, 69, 188, 32)
1, (80, 172, 93, 88, 55, 176, 221, 35)
1, (81, 174, 90, 74, 57, 187, 233, 39)
1, (82, 177, 70, 70, 63, 194, 239, 41)
1, (86, 237, 81, 56, 61, 199, 232, 45)
1, (62, 246, 91, 57, 60, 192, 158, 43)
1, (61, 253, 90, 54, 58, 108, 118, 43)
1, (68, 257, 87, 58, 57, 89, 103, 41)
1, (84, 259, 100, 85, 53, 79, 95, 55)
1, (83, 260, 104, 89, 52, 66, 96, 55)
1, (86, 268, 94, 88, 56, 64, 110, 58)
1, (96, 263, 108, 95, 57, 54, 121, 69)
1, (98, 268, 113, 95, 56, 56, 117, 72)
1, (96, 285, 102, 79, 58, 56, 118, 68)
1, (99, 278, 100, 86, 65, 58, 114, 69)
1, (106, 259, 104, 90, 65, 55, 109, 68)
1, (100, 274, 92, 82, 61, 54, 88, 57)
1, (102, 298, 92, 82, 63, 51, 91, 64)
1, (108, 310, 97, 93, 62, 47, 88, 61)
1, (114, 271, 100, 89, 56, 52, 111, 67)
1, (109, 295, 99, 86, 59, 51, 106, 66)
2, (112, 300, 96, 92, 61, 55, 115, 69)
2, (123, 277, 100, 101, 61, 69, 171, 68)
2, (121, 252, 98, 102, 68, 72, 174, 74)
2, (111, 266, 99, 101, 76, 71, 178, 78)
2, (110, 300, 104, 100, 77, 81, 193, 77)
2, (123, 275, 116, 98, 77, 87, 208, 85)
2, (108, 309, 108, 88, 76, 80, 172, 83)
2, (98, 332, 114, 74, 70, 78, 178, 76)
2, (107, 378, 110, 71, 63, 74, 162, 69)
2, (116, 324, 107, 81, 67, 64, 148, 73)
2, (125, 338, 93, 79, 64, 52, 124, 64)
2, (131, 323, 92, 77, 65, 50, 117, 58)
2, (142, 307, 85, 71, 64, 66, 110, 69)
2, (141, 270, 80, 88, 63, 67, 114, 73)
2, (144, 286, 75, 79, 51, 67, 109, 80)
2, (132, 308, 84, 86, 59, 71, 133, 83)
2, (139, 299, 85, 85, 63, 77, 133, 81)
2, (136, 308, 94, 89, 63, 66, 131, 71)
2, (141, 302, 85, 75, 64, 87, 152, 69)
2, (131, 298, 91, 74, 63, 91, 164, 58)
2, (118, 281, 81, 64, 72, 92, 146, 51)
2, (105, 293, 83, 69, 74, 89, 159, 53)
2, (131, 281, 86, 68, 74, 88, 170, 53)
2, (125, 278, 91, 70, 79, 69, 148, 49)
2, (133, 291, 86, 76, 80, 88, 176, 64)
2, (154, 288, 95, 78, 67, 90, 173, 71)
2, (151, 306, 96, 76, 63, 90, 177, 71)
2, (118, 319, 87, 74, 65, 92, 190, 74)
2, (137, 308, 78, 67, 59, 94, 202, 77)
2, (135, 301, 88, 94, 68, 76, 174, 64)
2, (117, 318, 80, 92, 67, 78, 215, 66)
2, (114, 309, 84, 97, 71, 91, 251, 77)
2, (141, 287, 105, 102, 70, 112, 293, 80)
2, (133, 343, 110, 100, 69, 122, 323, 89)
2, (134, 336, 104, 83, 57, 125, 346, 113)
2, (136, 311, 165, 96, 62, 124, 338, 142)
2, (160, 325, 184, 115, 61, 115, 324, 155)
2, (185, 337, 206, 129, 61, 111, 292, 157)
2, (178, 287, 216, 137, 60, 101, 260, 176)
2, (186, 291, 221, 133, 60, 100, 262, 168)
2, (204, 336, 187, 126, 54, 95, 256, 223)
2, (223, 293, 189, 116, 52, 100, 258, 395)
2, (187, 333, 154, 106, 54, 88, 245, 405)
2, (194, 335, 178, 110, 60, 162, 297, 400)
2, (186, 343, 188, 130, 71, 169, 286, 403)
2, (165, 303, 182, 136, 78, 172, 279, 367)
2, (118, 350, 167, 127, 80, 172, 265, 155)
2, (131, 316, 173, 139, 80, 175, 288, 136)
2, (121, 310, 145, 134, 76, 113, 239, 123)
2, (118, 304, 141, 123, 71, 97, 274, 105)
2, (129, 298, 150, 120, 71, 106, 285, 113)
2, (128, 253, 162, 127, 63, 105, 285, 129)
2, (117, 256, 169, 121, 61, 96, 269, 125)
2, (126, 291, 157, 122, 64, 89, 268, 130)
2, (143, 280, 158, 111, 65, 151, 231, 128)
2, (135, 327, 179, 115, 58, 156, 217, 188)
2, (143, 319, 164, 126, 63, 154, 204, 185)
2, (145, 314, 157, 114, 61, 152, 180, 180)
2, (167, 288, 168, 118, 59, 153, 200, 179)
2, (156, 300, 158, 137, 52, 98, 249, 195)
2, (157, 257, 129, 139, 54, 81, 252, 135)
3, (222, 344, 225, 194, 90, 81, 248, 278)
3, (188, 361, 218, 183, 85, 84, 245, 378)
3, (174, 313, 239, 191, 81, 85, 238, 357)
3, (168, 284, 211, 188, 73, 91, 239, 377)
3, (230, 311, 231, 173, 67, 106, 258, 382)
3, (247, 293, 245, 170, 54, 99, 271, 362)
3, (241, 279, 254, 197, 59, 100, 284, 226)
3, (252, 269, 257, 189, 56, 99, 335, 275)
3, (281, 299, 272, 169, 56, 91, 343, 260)
3, (241, 326, 255, 156, 56, 70, 304, 292)
3, (208, 297, 222, 168, 59, 81, 293, 287)
3, (222, 326, 213, 133, 52, 77, 303, 288)
3, (260, 326, 178, 135, 53, 75, 250, 281)
3, (251, 327, 158, 184, 56, 83, 218, 268)
3, (236, 292, 161, 180, 56, 83, 227, 228)
3, (242, 301, 167, 164, 53, 77, 232, 232)
3, (227, 265, 175, 174, 58, 81, 205, 226)
3, (166, 267, 174, 171, 66, 80, 212, 205)
3, (190, 272, 184, 124, 64, 73, 211, 219)
3, (226, 325, 182, 162, 65, 91, 240, 214)
3, (278, 340, 178, 164, 65, 92, 232, 210)
3, (303, 369, 175, 157, 63, 94, 239, 273)
3, (316, 378, 173, 157, 52, 93, 230, 255)
3, (286, 370, 184, 156, 56, 93, 242, 239)
3, (261, 314, 195, 122, 54, 89, 210, 248)
3, (207, 315, 206, 140, 57, 91, 240, 304)
3, (181, 312, 200, 167, 58, 88, 226, 246)
3, (160, 320, 208, 182, 68, 93, 246, 246)
3, (168, 307, 212, 201, 70, 111, 248, 257)
3, (202, 305, 207, 197, 71, 105, 246, 286)
3, (212, 299, 191, 183, 67, 101, 203, 224)
3, (212, 280, 215, 156, 61, 107, 204, 238)
3, (208, 245, 240, 147, 57, 107, 184, 243)
3, (201, 235, 230, 126, 48, 86, 151, 280)
3, (162, 223, 227, 124, 51, 82, 146, 239)
3, (126, 246, 238, 123, 53, 90, 188, 278)
3, (102, 250, 248, 126, 57, 90, 213, 272)
3, (121, 261, 232, 138, 56, 91, 205, 302)
3, (119, 262, 222, 125, 60, 92, 217, 256)
3, (130, 308, 221, 130, 60, 94, 242, 287)
3, (169, 274, 231, 139, 63, 86, 225, 301)
3, (195, 270, 200, 136, 62, 79, 195, 307)
3, (196, 265, 173, 120, 61, 85, 200, 275)
3, (222, 283, 175, 128, 63, 85, 208, 287)
3, (229, 237, 170, 136, 62, 88, 195, 285)
3, (217, 242, 153, 145, 65, 93, 184, 247)
3, (194, 248, 163, 148, 67, 89, 196, 227)
3, (191, 282, 193, 141, 67, 83, 189, 230)
3, (204, 271, 208, 145, 63, 86, 185, 263)
3, (197, 271, 211, 142, 65, 93, 170, 239)
3, (184, 304, 219, 124, 65, 87, 174, 219)
3, (184, 300, 217, 118, 71, 84, 171, 246)
3, (183, 282, 196, 119, 68, 80, 163, 271)
3, (154, 278, 192, 100, 64, 74, 142, 247)
3, (147, 294, 205, 120, 62, 64, 156, 240)
3, (139, 251, 184, 120, 55, 80, 157, 243)
3, (145, 255, 171, 126, 47, 87, 154, 217)
3, (143, 248, 129, 121, 50, 91, 254, 134)
3, (144, 261, 155, 144, 52, 97, 265, 148)
3, (137, 252, 164, 140, 49, 94, 240, 184)
4, (292, 296, 268, 137, 67, 133, 337, 314)
4, (307, 279, 253, 154, 68, 129, 302, 295)
4, (318, 321, 256, 155, 69, 137, 362, 337)
4, (308, 313, 244, 175, 65, 139, 375, 333)
4, (304, 306, 212, 170, 74, 147, 428, 303)
4, (329, 321, 215, 178, 89, 140, 424, 338)
4, (358, 317, 232, 172, 83, 123, 389, 359)
4, (433, 281, 249, 175, 82, 119, 358, 349)
4, (440, 282, 245, 181, 77, 109, 355, 367)
4, (438, 340, 235, 181, 70, 94, 281, 385)
4, (450, 324, 233, 209, 60, 95, 273, 410)
4, (424, 302, 215, 199, 62, 108, 348, 375)
4, (358, 371, 225, 194, 64, 105, 333, 348)
4, (414, 383, 236, 184, 64, 109, 333, 360)
4, (408, 336, 261, 183, 63, 110, 362, 353)
4, (379, 373, 294, 161, 51, 129, 419, 253)
4, (437, 377, 294, 160, 59, 129, 373, 265)
4, (513, 306, 267, 175, 73, 141, 494, 261)
4, (478, 270, 254, 170, 82, 137, 490, 262)
4, (466, 324, 222, 170, 87, 136, 469, 252)
4, (432, 312, 194, 173, 96, 115, 431, 258)
4, (365, 312, 200, 203, 94, 102, 419, 249)
5, (254, 343, 179, 178, 71, 118, 372, 367)
5, (236, 362, 176, 132, 76, 119, 332, 283)
5, (231, 353, 170, 129, 75, 120, 412, 283)
5, (270, 344, 191, 146, 78, 123, 427, 360)
5, (258, 342, 186, 170, 82, 134, 424, 374)
5, (255, 278, 201, 181, 82, 119, 397, 346)
5, (257, 314, 224, 189, 81, 110, 399, 382)
5, (261, 348, 246, 213, 82, 112, 317, 441)
5, (307, 342, 234, 206, 83, 127, 413, 384)
5, (314, 350, 221, 187, 79, 127, 489, 412)
5, (325, 338, 225, 188, 85, 124, 513, 429)
5, (319, 338, 204, 189, 81, 144, 579, 392)
5, (317, 307, 202, 172, 79, 148, 575, 307)
5, (260, 318, 205, 160, 78, 138, 524, 325)
5, (249, 288, 206, 165, 77, 149, 543, 345)
5, (233, 286, 191, 142, 65, 148, 521, 360)
5, (233, 303, 203, 133, 63, 133, 452, 425)
5, (255, 323, 176, 123, 69, 141, 440, 433)
5, (231, 324, 170, 137, 64, 147, 475, 516)
5, (235, 331, 203, 131, 64, 125, 355, 471)
5, (233, 368, 257, 169, 66, 130, 344, 435)
5, (246, 334, 246, 172, 70, 141, 446, 400)
5, (257, 312, 241, 178, 66, 209, 667, 516)
5, (281, 313, 257, 175, 68, 223, 684, 409)
5, (276, 303, 237, 168, 71, 237, 719, 407)
5, (305, 259, 183, 135, 69, 233, 724, 419)
5, (298, 254, 189, 140, 72, 229, 687, 389)
5, (277, 290, 209, 146, 81, 155, 478, 218)
5, (267, 280, 183, 154, 86, 132, 442, 266)
5, (260, 312, 180, 157, 84, 113, 406, 336)
5, (245, 334, 171, 168, 90, 132, 412, 331)
5, (251, 310, 172, 171, 89, 131, 378, 329)
5, (247, 351, 153, 176, 80, 146, 470, 332)
5, (276, 370, 166, 188, 75, 149, 465, 317)
5, (300, 388, 166, 185, 73, 148, 516, 266)
5, (295, 372, 159, 188, 73, 168, 629, 283)
5, (290, 371, 149, 197, 75, 182, 682, 322)
5, (273, 314, 190, 194, 70, 181, 667, 355)
5, (241, 305, 184, 183, 70, 169, 635, 318)
5, (241, 244, 189, 184, 75, 168, 577, 305)
5, (239, 234, 191, 167, 70, 134, 440, 310)
5, (293, 267, 185, 152, 68, 115, 406, 340)
5, (293, 259, 192, 136, 67, 104, 341, 315)
5, (295, 238, 231, 175, 62, 101, 338, 318)
5, (310, 258, 242, 200, 60, 100, 354, 372)
5, (308, 277, 264, 211, 67, 97, 354, 352)
5, (262, 248, 270, 220, 70, 85, 293, 294)
5, (312, 265, 244, 219, 82, 101, 300, 359)
5, (299, 317, 225, 180, 89, 128, 388, 394)
5, (264, 307, 211, 153, 86, 129, 374, 340)
5, (269, 315, 216, 140, 85, 134, 360, 336)
5, (296, 318, 267, 133, 77, 139, 351, 375)
