0, (223, 90, 106, 96, 94, 52, 86, 82)
0, (223, 95, 109, 86, 93, 53, 93, 96)
0, (242, 105, 120, 132, 105, 62, 92, 88)
0, (209, 98, 123, 150, 105, 62, 91, 84)
0, (228, 104, 147, 161, 97, 57, 83, 82)
0, (237, 114, 154, 173, 95, 51, 76, 77)
0, (232, 107, 150, 176, 91, 51, 76, 59)
0, (224, 109, 153, 147, 85, 50, 77, 49)
0, (233, 107, 154, 124, 100, 47, 76, 66)
0, (206, 92, 126, 106, 104, 47, 78, 69)
0, (215, 87, 128, 100, 105, 50, 76, 73)
0, (247, 92, 132, 111, 103, 55, 77, 79)
0, (250, 93, 103, 112, 134, 65, 87, 79)
0, (242, 103, 104, 116, 129, 65, 101, 90)
0, (243, 108, 115, 140, 131, 68, 110, 98)
0, (213, 101, 118, 129, 132, 67, 109, 97)
0, (241, 116, 120, 120, 135, 74, 118, 101)
0, (230, 110, 119, 109, 119, 65, 111, 101)
0, (244, 106, 112, 110, 112, 69, 110, 100)
0, (250, 103, 103, 87, 103, 69, 96, 93)
0, (266, 114, 93, 104, 105, 74, 115, 93)
0, (225, 111, 85, 100, 115, 66, 121, 87)
0, (204, 118, 83, 98, 99, 63, 121, 85)
0, (180, 112, 85, 98, 91, 57, 108, 56)
0, (162, 113, 89, 93, 94, 55, 111, 51)
0, (128, 106, 78, 81, 99, 46, 86, 46)
0, (110, 117, 74, 78, 85, 37, 53, 39)
0, (115, 108, 82, 86, 82, 40, 65, 39)
0, (156, 126, 74, 88, 84, 43, 68, 42)
0, (175, 141, 72, 88, 81, 46, 79, 44)
0, (191, 137, 70, 86, 113, 55, 88, 47)
0, (186, 119, 69, 90, 117, 60, 94, 46)
0, (188, 121, 62, 97, 113, 55, 84, 46)
0, (178, 143, 71, 114, 124, 55, 82, 45)
0, (163, 140, 68, 119, 132, 54, 69, 43)
0, (168, 151, 70, 117, 107, 48, 87, 44)
0, (196, 163, 80, 116, 104, 42, 83, 46)
0, (212, 168, 83, 111, 109, 52, 86, 50)
0, (207, 150, 80, 90, 112, 55, 92, 52)
0, (212, 142, 75, 82, 113, 53, 92, 54)
0, (218, 146, 75, 77, 113, 51, 68, 55)
0, (210, 136, 64, 84, 112, 52, 62, 53)
0, (207, 135, 59, 82, 108, 45, 60, 48)
0, (228, 145, 70, 86, 91, 41, 66, 46)
0, (229, 142, 68, 91, 83, 41, 70, 42)
0, (217, 141, 68, 93, 82, 45, 75, 40)
0, (209, 168, 71, 86, 88, 50, 80, 41)
0, (230, 171, 72, 102, 93, 52, 80, 47)
0, (220, 166, 57, 98, 94, 54, 71, 46)
0, (229, 178, 62, 93, 97, 56, 64, 49)
0, (249, 166, 68, 113, 95, 56, 62, 49)
0, (260, 162, 65, 114, 94, 70, 72, 56)
0, (244, 158, 66, 97, 97, 71, 71, 51)
0, (231, 148, 65, 95, 104, 73, 71, 54)
0, (208, 142, 53, 66, 113, 63, 67, 47)
0, (281, 147, 52, 64, 109, 61, 72, 58)
0, (283, 145, 51, 66, 100, 58, 71, 56)
1, (228, 146, 60, 96, 103, 75, 74, 51)
1, (225, 156, 49, 70, 106, 73, 79, 54)
1, (304, 144, 55, 75, 97, 56, 73, 61)
1, (312, 151, 59, 88, 108, 60, 78, 57)
1, (334, 146, 57, 87, 97, 52, 80, 59)
1, (270, 148, 54, 90, 103, 54, 78, 47)
1, (283, 156, 57, 89, 105, 52, 83, 48)
1, (253, 154, 55, 82, 102, 51, 81, 40)
1, (223, 162, 67, 74, 79, 45, 71, 42)
1, (221, 163, 63, 74, 102, 46, 78, 40)
1, (286, 164, 64, 69, 110, 48, 82, 46)
1, (266, 160, 68, 69, 111, 49, 77, 46)
1, (279, 163, 70, 69, 126, 60, 102, 51)
1, (293, 142, 58, 68, 126, 62, 103, 59)
1, (281, 139, 59, 63, 109, 60, 96, 59)
1, (225, 119, 55, 65, 114, 56, 91, 53)
1, (245, 114, 50, 67, 126, 66, 97, 57)
1, (226, 99, 49, 66, 116, 61, 68, 52)
1, (250, 130, 51, 81, 118, 59, 68, 46)
1, (253, 129, 63, 85, 120, 64, 77, 48)
1, (264, 139, 73, 92, 106, 66, 77, 54)
1, (255, 145, 81, 107, 101, 59, 82, 63)
1, (286, 154, 90, 124, 101, 67, 104, 83)
1, (264, 132, 105, 162, 113, 77, 115, 83)
1, (253, 124, 98, 166, 115, 76, 114, 81)
1, (243, 176, 98, 162, 120, 74, 118, 90)
1, (257, 192, 102, 150, 116, 79, 117, 83)
1, (240, 196, 124, 145, 112, 73, 127, 77)
1, (233, 203, 128, 140, 94, 71, 132, 75)
1, (249, 212, 136, 146, 121, 82, 151, 85)
1, (257, 174, 136, 149, 118, 89, 163, 88)
1, (246, 152, 145, 167, 112, 83, 163, 89)
1, (230, 149, 121, 163, 114, 81, 149, 87)
1, (243, 150, 103, 123, 114, 77, 137, 89)
2, (225, 158, 96, 115, 96, 65, 121, 85)
2, (210, 200, 100, 113, 101, 58, 100, 72)
2, (250, 205, 81, 104, 109, 59, 112, 94)
2, (276, 214, 85, 102, 107, 55, 104, 89)
2, (253, 204, 90, 105, 110, 52, 109, 87)
2, (247, 199, 91, 97, 96, 54, 116, 84)
2, (283, 163, 86, 124, 120, 54, 116, 85)
2, (231, 164, 89, 116, 115, 53, 101, 76)
2, (232, 144, 84, 120, 115, 61, 133, 80)
2, (254, 175, 81, 113, 113, 68, 136, 85)
2, (277, 176, 95, 130, 124, 72, 128, 88)
2, (259, 161, 96, 110, 109, 74, 131, 90)
2, (265, 151, 95, 114, 106, 75, 141, 81)
2, (248, 171, 99, 104, 107, 69, 116, 75)
2, (242, 177, 100, 115, 110, 60, 106, 69)
2, (251, 174, 87, 109, 100, 51, 100, 64)
2, (252, 175, 95, 105, 84, 47, 105, 75)
2, (264, 174, 97, 96, 116, 51, 100, 74)
2, (273, 164, 100, 125, 123, 47, 95, 76)
2, (306, 124, 98, 131, 123, 52, 97, 78)
2, (289, 119, 115, 152, 127, 63, 104, 92)
2, (276, 121, 134, 180, 125, 80, 130, 86)
2, (273, 152, 129, 195, 103, 77, 125, 82)
2, (281, 142, 125, 216, 93, 85, 126, 85)
2, (237, 134, 124, 215, 105, 83, 128, 89)
2, (225, 142, 106, 199, 97, 81, 137, 77)
2, (225, 150, 67, 184, 105, 77, 127, 70)
2, (259, 123, 96, 177, 123, 81, 129, 72)
2, (237, 121, 111, 173, 131, 76, 129, 80)
2, (249, 132, 119, 186, 139, 95, 135, 78)
2, (269, 127, 131, 187, 140, 92, 119, 74)
2, (272, 140, 129, 185, 141, 86, 116, 77)
2, (240, 157, 114, 193, 127, 82, 117, 96)
2, (252, 168, 119, 196, 151, 81, 117, 86)
2, (378, 194, 151, 129, 116, 69, 158, 89)
2, (288, 161, 118, 175, 149, 65, 123, 96)
2, (380, 195, 149, 126, 106, 69, 165, 96)
2, (262, 156, 113, 165, 150, 65, 129, 94)
2, (345, 202, 168, 139, 103, 67, 156, 104)
2, (293, 147, 118, 158, 143, 61, 118, 102)
2, (278, 188, 168, 131, 104, 74, 151, 90)
2, (287, 140, 119, 162, 135, 59, 111, 89)
2, (265, 173, 167, 134, 138, 81, 154, 92)
2, (292, 142, 101, 115, 126, 63, 106, 90)
2, (279, 185, 189, 136, 140, 84, 137, 108)
2, (296, 181, 93, 130, 130, 59, 129, 95)
2, (224, 185, 185, 150, 143, 86, 131, 101)
2, (303, 180, 87, 148, 136, 65, 128, 103)
2, (293, 186, 162, 160, 152, 86, 137, 94)
2, (254, 177, 86, 154, 143, 68, 134, 96)
2, (302, 176, 155, 158, 151, 75, 118, 93)
2, (266, 169, 92, 146, 151, 68, 134, 90)
2, (290, 192, 149, 153, 117, 67, 109, 113)
2, (280, 183, 94, 152, 144, 68, 142, 101)
2, (273, 185, 100, 155, 124, 57, 113, 99)
2, (224, 148, 101, 158, 127, 71, 130, 90)
2, (304, 184, 148, 151, 126, 58, 110, 98)
2, (240, 150, 107, 153, 118, 66, 128, 89)
2, (255, 166, 155, 132, 124, 56, 103, 112)
2, (288, 152, 132, 175, 117, 62, 123, 95)
2, (271, 174, 168, 131, 124, 65, 122, 127)
2, (297, 145, 155, 184, 112, 63, 124, 120)
2, (283, 144, 183, 125, 156, 71, 138, 109)
2, (267, 123, 151, 176, 115, 61, 126, 111)
2, (290, 127, 180, 131, 151, 68, 137, 107)
2, (286, 131, 148, 170, 124, 51, 97, 107)
2, (278, 119, 155, 123, 150, 74, 175, 115)
2, (273, 139, 158, 171, 124, 47, 99, 104)
2, (270, 131, 154, 117, 144, 73, 170, 100)
2, (249, 139, 139, 143, 115, 52, 104, 103)
2, (287, 117, 142, 120, 137, 70, 155, 82)
2, (278, 141, 114, 127, 118, 55, 105, 79)
2, (309, 142, 139, 152, 137, 73, 144, 103)
2, (300, 138, 128, 146, 106, 52, 94, 76)
2, (319, 138, 143, 141, 151, 77, 150, 107)
2, (348, 137, 129, 141, 94, 57, 102, 85)
2, (341, 146, 135, 133, 150, 72, 118, 100)
2, (363, 125, 113, 131, 96, 60, 99, 95)
2, (354, 146, 128, 131, 151, 76, 130, 102)
2, (366, 124, 117, 130, 96, 57, 102, 92)
2, (332, 144, 123, 124, 148, 73, 130, 108)
2, (364, 134, 114, 114, 89, 61, 120, 91)
2, (366, 130, 105, 88, 103, 67, 133, 95)
3, (236, 134, 144, 120, 95, 69, 115, 122)
3, (234, 135, 136, 136, 102, 70, 121, 109)
3, (195, 140, 118, 154, 112, 65, 122, 92)
3, (236, 149, 111, 152, 117, 68, 105, 99)
3, (234, 148, 147, 171, 114, 63, 104, 94)
3, (253, 139, 163, 152, 102, 57, 95, 91)
3, (250, 138, 186, 175, 101, 67, 104, 95)
3, (295, 151, 193, 154, 94, 68, 101, 117)
3, (280, 140, 198, 162, 89, 68, 125, 105)
3, (299, 135, 180, 147, 94, 71, 128, 104)
3, (292, 136, 182, 155, 107, 73, 136, 105)
3, (288, 164, 179, 121, 101, 67, 129, 108)
3, (255, 149, 210, 141, 85, 67, 124, 84)
3, (255, 148, 198, 133, 83, 62, 115, 93)
3, (228, 158, 192, 133, 82, 57, 111, 93)
3, (232, 160, 201, 136, 75, 57, 111, 84)
3, (229, 136, 194, 131, 79, 57, 108, 95)
3, (238, 137, 167, 115, 84, 61, 124, 95)
3, (231, 136, 180, 120, 83, 61, 116, 91)
3, (277, 119, 190, 149, 78, 60, 121, 117)
3, (256, 111, 160, 135, 76, 60, 118, 117)
3, (294, 114, 158, 136, 79, 64, 130, 110)
3, (326, 123, 190, 158, 89, 58, 122, 129)
3, (330, 126, 202, 155, 97, 59, 119, 125)
3, (304, 140, 203, 123, 103, 61, 118, 101)
3, (343, 143, 199, 121, 103, 87, 143, 104)
3, (301, 141, 195, 149, 100, 81, 133, 112)
3, (267, 132, 165, 137, 97, 81, 131, 86)
3, (312, 158, 137, 142, 106, 77, 129, 94)
3, (306, 157, 139, 164, 111, 84, 144, 95)
3, (281, 160, 160, 176, 111, 56, 121, 108)
3, (289, 160, 157, 153, 119, 56, 118, 91)
3, (277, 160, 165, 146, 120, 62, 117, 91)
3, (233, 148, 165, 146, 124, 81, 145, 98)
3, (258, 142, 163, 135, 134, 74, 125, 97)
3, (249, 165, 149, 125, 131, 78, 127, 77)
3, (243, 159, 159, 123, 121, 85, 136, 86)
3, (235, 170, 148, 134, 125, 86, 153, 96)
3, (212, 171, 167, 136, 136, 70, 125, 89)
3, (236, 176, 161, 128, 122, 70, 133, 92)
3, (275, 156, 168, 130, 124, 71, 145, 96)
3, (347, 183, 164, 144, 138, 68, 159, 105)
3, (369, 193, 154, 138, 142, 61, 141, 97)
4, (245, 135, 114, 108, 92, 56, 100, 106)
4, (233, 152, 120, 115, 95, 55, 103, 126)
4, (258, 159, 113, 108, 104, 54, 104, 125)
4, (252, 157, 122, 123, 122, 61, 101, 121)
4, (228, 155, 129, 128, 121, 56, 107, 108)
4, (224, 160, 139, 125, 114, 55, 102, 126)
4, (229, 148, 144, 123, 110, 53, 100, 113)
4, (231, 160, 146, 140, 101, 58, 107, 117)
4, (219, 155, 132, 134, 124, 59, 103, 111)
4, (229, 156, 128, 126, 118, 58, 103, 136)
4, (246, 161, 120, 126, 129, 74, 122, 119)
4, (240, 159, 109, 134, 136, 75, 119, 119)
4, (248, 154, 104, 117, 131, 71, 112, 123)
4, (273, 147, 118, 105, 106, 64, 110, 122)
4, (290, 148, 141, 120, 112, 65, 118, 94)
4, (294, 160, 146, 127, 102, 49, 105, 109)
4, (296, 169, 147, 114, 98, 48, 109, 103)
4, (321, 165, 136, 136, 102, 49, 107, 95)
4, (307, 164, 132, 139, 94, 63, 118, 96)
4, (287, 165, 121, 131, 111, 71, 111, 105)
4, (272, 145, 136, 136, 109, 67, 97, 83)
4, (291, 134, 133, 133, 108, 68, 104, 84)
4, (244, 135, 154, 130, 107, 92, 194, 87)
4, (238, 144, 157, 129, 106, 84, 189, 87)
4, (235, 132, 147, 140, 88, 86, 193, 74)
4, (254, 133, 122, 132, 85, 87, 199, 85)
4, (217, 140, 139, 140, 92, 87, 196, 113)
4, (226, 128, 119, 133, 91, 61, 108, 113)
4, (252, 120, 117, 130, 85, 61, 112, 123)
4, (285, 128, 136, 114, 88, 55, 105, 138)
4, (251, 123, 154, 113, 90, 59, 112, 137)
4, (256, 117, 138, 103, 84, 65, 110, 117)
5, (197, 83, 118, 122, 111, 50, 82, 163)
5, (182, 80, 115, 103, 111, 50, 81, 157)
5, (166, 67, 104, 96, 104, 48, 95, 170)
5, (162, 69, 102, 93, 99, 57, 106, 149)
5, (165, 83, 102, 97, 87, 61, 110, 154)
5, (202, 92, 119, 103, 101, 65, 120, 178)
5, (176, 88, 116, 101, 104, 73, 127, 158)
5, (163, 93, 111, 98, 105, 73, 117, 143)
5, (167, 90, 128, 112, 108, 71, 103, 161)
5, (167, 82, 125, 108, 137, 72, 110, 179)
5, (160, 87, 127, 148, 125, 79, 113, 154)
5, (185, 89, 125, 157, 125, 72, 117, 142)
5, (185, 92, 127, 160, 128, 71, 126, 147)
5, (194, 95, 111, 168, 136, 68, 128, 202)
5, (215, 96, 120, 178, 108, 65, 122, 185)
5, (232, 89, 108, 141, 100, 48, 106, 187)
5, (213, 88, 118, 143, 108, 53, 115, 196)
5, (218, 110, 120, 140, 104, 53, 109, 230)
5, (208, 117, 143, 150, 85, 49, 106, 172)
5, (198, 120, 149, 149, 88, 47, 108, 175)
5, (165, 117, 168, 167, 119, 52, 120, 177)
5, (158, 119, 165, 160, 117, 46, 99, 167)
5, (186, 98, 171, 187, 121, 55, 112, 181)
5, (189, 111, 152, 166, 133, 67, 124, 182)
5, (183, 107, 148, 159, 133, 71, 119, 180)
5, (174, 108, 123, 137, 113, 66, 108, 185)
5, (185, 105, 121, 140, 104, 68, 115, 210)
5, (215, 108, 171, 127, 104, 63, 111, 157)
5, (227, 102, 178, 139, 90, 50, 101, 171)
5, (233, 101, 177, 139, 87, 45, 109, 168)
5, (233, 126, 185, 139, 92, 47, 122, 173)
5, (242, 137, 192, 144, 97, 43, 114, 140)
5, (191, 142, 140, 130, 108, 41, 107, 133)
5, (175, 140, 150, 118, 124, 48, 114, 109)
5, (164, 143, 145, 116, 121, 60, 149, 143)
5, (161, 125, 135, 120, 127, 56, 138, 128)
5, (176, 114, 119, 105, 128, 61, 148, 124)
5, (179, 121, 111, 118, 129, 59, 148, 134)
5, (172, 119, 97, 114, 118, 58, 147, 130)
5, (203, 128, 95, 125, 128, 48, 113, 96)
5, (232, 151, 104, 124, 121, 65, 133, 98)
5, (215, 168, 122, 125, 113, 64, 140, 98)
5, (221, 163, 124, 102, 97, 66, 140, 80)
5, (233, 163, 127, 98, 102, 66, 141, 90)
5, (238, 174, 164, 89, 97, 64, 132, 117)
5, (234, 156, 155, 86, 94, 52, 111, 111)
5, (235, 140, 160, 98, 98, 49, 92, 110)
5, (245, 148, 163, 103, 98, 48, 95, 123)
5, (258, 151, 152, 112, 97, 49, 83, 131)
