0, (256, 228, 201, 100, 71, 55, 87, 67)
0, (231, 209, 194, 103, 73, 60, 105, 73)
0, (193, 216, 193, 134, 84, 62, 98, 72)
0, (182, 256, 187, 141, 78, 64, 100, 73)
0, (234, 294, 181, 147, 81, 68, 101, 71)
0, (271, 345, 155, 142, 87, 64, 100, 75)
0, (268, 388, 175, 141, 89, 55, 89, 85)
0, (272, 389, 179, 132, 81, 52, 86, 92)
0, (277, 404, 170, 114, 78, 49, 84, 91)
0, (237, 381, 166, 125, 74, 42, 78, 88)
0, (183, 338, 170, 148, 73, 33, 72, 90)
0, (191, 291, 151, 142, 78, 35, 62, 64)
0, (189, 307, 132, 131, 73, 36, 63, 51)
0, (212, 311, 142, 135, 72, 37, 66, 89)
0, (208, 300, 139, 120, 71, 39, 66, 91)
0, (207, 304, 128, 92, 70, 42, 53, 90)
0, (192, 297, 126, 95, 70, 44, 57, 89)
0, (190, 265, 132, 88, 69, 43, 55, 91)
0, (153, 243, 100, 67, 68, 42, 52, 53)
0, (158, 244, 96, 65, 66, 42, 54, 51)
0, (128, 275, 88, 61, 67, 38, 53, 41)
0, (128, 288, 83, 60, 59, 34, 45, 39)
0, (116, 305, 62, 51, 69, 42, 54, 38)
0, (127, 307, 63, 55, 72, 58, 65, 40)
0, (140, 306, 76, 56, 75, 58, 67, 41)
0, (142, 299, 77, 53, 68, 58, 68, 42)
0, (146, 280, 91, 47, 67, 60, 68, 44)
0, (169, 279, 93, 45, 58, 58, 61, 49)
0, (171, 268, 89, 47, 55, 49, 64, 49)
0, (170, 266, 81, 53, 52, 51, 64, 45)
0, (194, 256, 77, 63, 62, 53, 69, 47)
0, (205, 329, 86, 63, 67, 51, 80, 50)
0, (208, 453, 103, 67, 77, 56, 95, 49)
0, (209, 446, 104, 66, 74, 51, 87, 52)
0, (205, 459, 103, 67, 76, 49, 86, 59)
0, (186, 451, 105, 76, 83, 49, 84, 61)
0, (187, 427, 86, 88, 88, 48, 73, 58)
0, (179, 290, 59, 93, 90, 42, 58, 56)
0, (191, 274, 62, 96, 92, 44, 60, 59)
0, (223, 266, 70, 100, 94, 47, 60, 52)
0, (244, 349, 77, 97, 84, 48, 58, 53)
0, (241, 332, 82, 89, 83, 63, 78, 64)
0, (230, 348, 94, 81, 72, 60, 72, 63)
0, (254, 422, 97, 79, 72, 58, 72, 59)
0, (225, 424, 99, 73, 72, 61, 82, 63)
0, (231, 368, 96, 62, 89, 62, 86, 63)
0, (243, 362, 114, 65, 83, 53, 73, 56)
0, (253, 391, 106, 71, 84, 58, 82, 57)
0, (215, 343, 110, 70, 87, 61, 88, 54)
0, (237, 338, 119, 74, 93, 56, 81, 53)
0, (205, 349, 115, 76, 93, 58, 76, 49)
0, (192, 375, 104, 73, 93, 56, 81, 44)
0, (201, 333, 120, 69, 96, 54, 86, 46)
0, (199, 316, 121, 70, 99, 49, 77, 43)
0, (260, 414, 119, 54, 84, 56, 93, 51)
0, (247, 397, 109, 59, 81, 58, 92, 50)
0, (202, 370, 106, 78, 74, 43, 64, 51)
0, (197, 359, 90, 78, 80, 46, 73, 53)
1, (190, 346, 116, 63, 90, 47, 75, 42)
1, (231, 383, 123, 58, 83, 51, 93, 47)
1, (263, 421, 120, 59, 74, 59, 96, 51)
1, (258, 425, 110, 78, 89, 59, 94, 51)
1, (225, 383, 112, 81, 79, 52, 77, 53)
1, (202, 364, 109, 81, 73, 46, 72, 51)
1, (274, 349, 116, 75, 79, 62, 85, 92)
1, (300, 356, 119, 97, 78, 63, 93, 93)
1, (352, 325, 131, 134, 90, 62, 98, 98)
1, (396, 321, 145, 178, 104, 71, 158, 118)
1, (403, 285, 143, 186, 104, 69, 158, 120)
1, (355, 273, 126, 188, 98, 55, 164, 101)
1, (344, 331, 124, 203, 111, 54, 160, 97)
1, (322, 390, 120, 196, 108, 57, 164, 104)
1, (275, 413, 121, 182, 105, 52, 139, 95)
1, (272, 433, 131, 205, 102, 52, 136, 95)
1, (284, 430, 136, 207, 99, 51, 124, 92)
1, (283, 393, 143, 189, 89, 57, 126, 91)
1, (239, 368, 162, 174, 83, 57, 124, 89)
1, (238, 344, 147, 149, 70, 61, 105, 85)
2, (217, 334, 161, 128, 70, 69, 110, 89)
2, (202, 348, 165, 129, 68, 72, 122, 96)
2, (229, 313, 156, 129, 58, 69, 119, 97)
2, (224, 280, 137, 133, 60, 68, 107, 90)
2, (245, 350, 154, 155, 84, 68, 112, 117)
2, (307, 347, 134, 141, 89, 74, 145, 135)
2, (317, 338, 133, 141, 88, 73, 138, 130)
2, (306, 352, 130, 173, 94, 75, 143, 129)
2, (306, 381, 126, 186, 104, 76, 148, 146)
2, (306, 351, 110, 171, 87, 67, 130, 124)
2, (246, 379, 116, 175, 80, 56, 92, 109)
2, (263, 372, 106, 168, 87, 54, 91, 110)
2, (271, 389, 124, 148, 95, 54, 90, 112)
2, (286, 340, 132, 148, 85, 50, 88, 123)
2, (267, 304, 128, 144, 85, 50, 86, 129)
2, (278, 303, 126, 147, 96, 46, 73, 125)
2, (259, 307, 126, 167, 96, 67, 103, 125)
2, (232, 286, 115, 152, 94, 74, 103, 136)
2, (222, 283, 107, 136, 101, 80, 102, 120)
2, (241, 298, 128, 150, 100, 83, 109, 115)
2, (255, 248, 128, 137, 88, 88, 116, 110)
2, (241, 288, 125, 108, 80, 75, 90, 106)
2, (250, 276, 123, 108, 67, 66, 80, 95)
2, (241, 273, 123, 109, 60, 59, 79, 105)
2, (251, 332, 104, 93, 71, 64, 94, 108)
2, (254, 379, 102, 102, 84, 55, 88, 108)
2, (257, 337, 105, 104, 103, 51, 86, 117)
2, (253, 349, 118, 105, 108, 53, 92, 122)
2, (259, 355, 121, 134, 112, 56, 92, 107)
2, (250, 308, 126, 188, 116, 49, 79, 116)
2, (228, 276, 124, 200, 109, 51, 81, 115)
2, (220, 263, 143, 201, 93, 54, 87, 107)
2, (211, 277, 141, 207, 88, 59, 86, 101)
2, (293, 280, 140, 189, 81, 63, 90, 93)
2, (277, 274, 140, 162, 68, 67, 94, 71)
2, (261, 266, 140, 144, 69, 68, 114, 93)
2, (271, 276, 118, 141, 70, 68, 106, 94)
3, (234, 298, 219, 310, 124, 66, 90, 248)
3, (286, 345, 241, 318, 125, 66, 88, 194)
3, (291, 301, 230, 312, 116, 65, 97, 200)
3, (283, 304, 229, 221, 87, 81, 107, 195)
3, (299, 312, 240, 231, 87, 74, 106, 227)
3, (311, 301, 208, 272, 87, 74, 107, 177)
3, (247, 271, 163, 265, 96, 78, 104, 178)
3, (261, 282, 213, 281, 107, 79, 99, 163)
3, (285, 310, 213, 278, 107, 73, 111, 168)
3, (257, 321, 193, 251, 101, 72, 101, 135)
3, (246, 319, 213, 225, 95, 73, 102, 128)
3, (308, 337, 217, 239, 93, 69, 116, 145)
3, (297, 318, 180, 229, 86, 72, 146, 176)
3, (295, 295, 193, 229, 80, 55, 127, 189)
3, (330, 296, 220, 239, 84, 67, 127, 172)
3, (356, 389, 190, 214, 90, 70, 132, 193)
3, (313, 343, 186, 197, 89, 81, 142, 181)
3, (328, 342, 191, 198, 87, 79, 119, 160)
3, (307, 338, 214, 205, 90, 79, 118, 167)
3, (283, 317, 189, 228, 101, 67, 121, 183)
3, (267, 204, 191, 220, 94, 65, 116, 175)
3, (269, 262, 202, 240, 95, 65, 96, 170)
3, (293, 278, 236, 293, 97, 70, 105, 184)
3, (310, 276, 226, 292, 95, 72, 108, 174)
3, (314, 283, 260, 282, 82, 74, 105, 153)
3, (308, 280, 273, 288, 87, 79, 109, 143)
3, (326, 295, 286, 276, 82, 70, 111, 171)
3, (284, 335, 258, 229, 79, 62, 100, 148)
3, (260, 333, 239, 264, 96, 63, 101, 135)
3, (291, 321, 200, 270, 96, 67, 102, 187)
3, (282, 338, 195, 262, 98, 69, 110, 188)
3, (251, 386, 166, 260, 110, 72, 124, 166)
3, (251, 372, 179, 266, 120, 78, 124, 164)
3, (259, 381, 178, 253, 108, 77, 121, 160)
3, (211, 381, 174, 259, 123, 76, 127, 126)
3, (246, 363, 160, 259, 120, 80, 132, 129)
3, (249, 246, 160, 263, 110, 77, 118, 130)
3, (261, 229, 200, 272, 105, 72, 110, 141)
3, (303, 267, 229, 268, 104, 70, 117, 154)
3, (316, 287, 231, 247, 85, 66, 118, 178)
3, (362, 298, 247, 253, 87, 55, 99, 170)
3, (370, 349, 272, 249, 89, 72, 118, 179)
3, (367, 354, 231, 224, 86, 81, 138, 179)
3, (336, 327, 202, 206, 96, 84, 144, 168)
3, (361, 356, 226, 191, 94, 84, 138, 114)
3, (293, 361, 218, 196, 92, 84, 158, 139)
3, (318, 376, 221, 231, 98, 78, 147, 142)
3, (312, 351, 227, 250, 100, 65, 127, 141)
3, (311, 342, 240, 344, 94, 61, 116, 221)
3, (271, 297, 247, 348, 111, 63, 122, 223)
3, (299, 290, 245, 357, 108, 63, 98, 206)
3, (253, 209, 213, 341, 103, 55, 86, 200)
3, (238, 318, 221, 370, 101, 59, 92, 200)
3, (225, 321, 210, 274, 99, 65, 99, 116)
3, (275, 327, 192, 316, 82, 68, 101, 177)
3, (244, 312, 189, 298, 83, 73, 109, 186)
3, (245, 362, 192, 286, 85, 68, 107, 177)
3, (261, 332, 199, 227, 83, 68, 102, 169)
3, (270, 323, 201, 239, 88, 61, 105, 168)
3, (218, 318, 202, 191, 89, 53, 96, 97)
3, (221, 356, 210, 216, 90, 47, 90, 82)
3, (240, 325, 217, 213, 79, 47, 93, 111)
3, (231, 405, 248, 214, 77, 44, 94, 126)
3, (244, 417, 241, 202, 69, 46, 83, 117)
3, (264, 412, 224, 216, 69, 60, 88, 121)
3, (288, 388, 210, 206, 71, 56, 76, 141)
3, (306, 393, 196, 208, 78, 61, 79, 124)
3, (312, 346, 124, 205, 80, 61, 88, 115)
3, (300, 339, 144, 209, 83, 60, 87, 146)
3, (273, 344, 157, 186, 83, 63, 95, 143)
3, (244, 345, 177, 173, 84, 66, 110, 121)
3, (214, 344, 182, 173, 87, 61, 107, 140)
3, (220, 240, 164, 162, 85, 61, 102, 134)
3, (204, 336, 166, 158, 90, 64, 106, 97)
3, (224, 333, 158, 188, 107, 69, 110, 98)
3, (287, 256, 114, 126, 82, 63, 105, 95)
3, (242, 338, 146, 210, 112, 71, 101, 132)
3, (252, 332, 116, 121, 86, 58, 102, 101)
3, (235, 322, 147, 209, 108, 75, 99, 108)
3, (245, 343, 118, 97, 82, 51, 107, 119)
3, (219, 342, 170, 211, 114, 78, 99, 111)
3, (275, 367, 132, 105, 85, 48, 85, 105)
3, (261, 286, 159, 218, 119, 86, 97, 122)
3, (287, 383, 145, 109, 90, 46, 86, 110)
3, (246, 292, 160, 181, 105, 79, 105, 140)
3, (282, 382, 147, 112, 85, 50, 93, 105)
3, (234, 290, 159, 166, 94, 73, 100, 109)
3, (279, 420, 153, 115, 94, 54, 112, 122)
3, (245, 314, 155, 173, 96, 70, 105, 109)
3, (280, 437, 154, 105, 101, 53, 102, 109)
3, (250, 348, 132, 204, 99, 68, 105, 111)
3, (261, 414, 139, 113, 103, 57, 100, 117)
3, (220, 321, 131, 229, 96, 59, 109, 129)
3, (290, 408, 126, 113, 103, 66, 108, 119)
3, (248, 334, 129, 235, 87, 50, 85, 106)
3, (326, 423, 119, 115, 99, 67, 121, 130)
3, (229, 329, 123, 236, 91, 53, 84, 108)
3, (297, 391, 107, 128, 88, 66, 125, 122)
3, (227, 368, 117, 228, 90, 56, 108, 124)
3, (292, 352, 97, 153, 80, 67, 123, 120)
3, (312, 350, 109, 154, 70, 66, 127, 111)
3, (271, 344, 118, 197, 76, 62, 126, 131)
4, (168, 255, 174, 184, 89, 56, 100, 165)
4, (201, 268, 181, 195, 83, 57, 104, 158)
4, (233, 272, 198, 181, 74, 55, 100, 159)
4, (258, 304, 187, 166, 76, 65, 119, 131)
4, (262, 297, 193, 157, 86, 64, 114, 111)
4, (299, 319, 179, 168, 99, 69, 115, 130)
4, (285, 320, 173, 151, 97, 69, 114, 128)
4, (267, 346, 171, 160, 99, 71, 113, 162)
4, (244, 318, 173, 171, 101, 59, 88, 154)
4, (247, 284, 180, 174, 94, 53, 78, 163)
4, (247, 271, 220, 169, 79, 48, 99, 179)
4, (248, 258, 237, 184, 95, 56, 98, 217)
4, (249, 245, 233, 266, 105, 49, 95, 187)
4, (327, 353, 233, 272, 115, 70, 141, 210)
4, (311, 380, 220, 273, 117, 72, 144, 221)
4, (293, 401, 175, 266, 121, 71, 131, 198)
4, (291, 389, 135, 252, 108, 64, 130, 190)
4, (312, 365, 115, 175, 110, 80, 153, 197)
4, (268, 266, 125, 180, 101, 64, 122, 176)
4, (271, 227, 126, 204, 100, 69, 129, 200)
4, (258, 254, 137, 208, 94, 71, 131, 201)
4, (276, 339, 173, 212, 94, 72, 137, 173)
4, (282, 360, 222, 205, 77, 76, 164, 166)
4, (258, 354, 216, 184, 70, 84, 161, 168)
4, (268, 373, 227, 158, 63, 81, 157, 189)
4, (281, 372, 233, 157, 76, 80, 153, 193)
4, (275, 295, 214, 275, 112, 85, 151, 196)
4, (244, 277, 179, 294, 119, 75, 102, 205)
5, (292, 349, 234, 134, 82, 55, 122, 194)
5, (312, 331, 216, 146, 84, 60, 122, 191)
5, (305, 341, 174, 158, 111, 63, 126, 205)
5, (310, 358, 166, 140, 100, 62, 133, 167)
5, (256, 408, 164, 162, 110, 60, 121, 158)
5, (221, 398, 152, 155, 109, 60, 101, 147)
5, (182, 398, 143, 149, 110, 56, 95, 188)
5, (177, 423, 169, 157, 93, 55, 90, 177)
5, (176, 412, 167, 163, 103, 55, 79, 168)
5, (171, 314, 160, 157, 101, 51, 78, 170)
5, (165, 279, 176, 176, 102, 53, 83, 198)
5, (174, 307, 178, 188, 97, 58, 102, 172)
