0, (59, 227, 79, 73, 45, 31, 26, 27)
0, (70, 241, 83, 82, 56, 31, 24, 23)
0, (68, 261, 72, 74, 58, 34, 25, 26)
0, (58, 206, 123, 87, 57, 42, 29, 28)
0, (62, 177, 170, 119, 58, 43, 28, 34)
0, (64, 167, 180, 130, 66, 41, 29, 35)
0, (51, 161, 181, 127, 57, 42, 30, 34)
0, (51, 114, 183, 126, 60, 44, 28, 32)
0, (52, 110, 155, 117, 60, 36, 25, 33)
0, (50, 138, 95, 91, 84, 44, 28, 30)
0, (54, 183, 80, 98, 85, 46, 31, 40)
0, (63, 192, 77, 100, 88, 45, 32, 44)
0, (81, 207, 79, 106, 86, 42, 32, 51)
0, (259, 209, 76, 133, 96, 42, 34, 54)
0, (347, 203, 74, 127, 80, 37, 33, 62)
0, (358, 162, 67, 112, 78, 37, 31, 59)
0, (375, 138, 63, 110, 78, 41, 31, 56)
0, (381, 124, 62, 118, 80, 44, 33, 55)
0, (297, 129, 60, 96, 71, 44, 32, 54)
0, (215, 152, 61, 95, 64, 39, 33, 51)
0, (208, 179, 75, 98, 68, 38, 33, 48)
0, (175, 191, 77, 107, 77, 38, 32, 49)
0, (155, 187, 76, 99, 71, 33, 29, 43)
0, (152, 199, 83, 96, 66, 35, 29, 44)
0, (117, 225, 86, 93, 75, 37, 27, 39)
0, (102, 251, 84, 91, 74, 39, 28, 38)
0, (94, 247, 82, 83, 66, 37, 27, 38)
0, (91, 250, 77, 72, 67, 39, 26, 38)
0, (73, 253, 77, 61, 70, 40, 27, 36)
0, (96, 223, 74, 61, 62, 40, 29, 43)
0, (92, 170, 61, 74, 56, 37, 30, 45)
0, (105, 195, 69, 69, 55, 38, 30, 45)
0, (129, 201, 77, 69, 53, 36, 31, 45)
0, (133, 215, 67, 68, 51, 33, 30, 45)
0, (139, 208, 68, 71, 52, 31, 30, 41)
0, (149, 222, 72, 57, 56, 34, 28, 38)
0, (144, 202, 70, 65, 57, 32, 28, 37)
0, (148, 263, 65, 74, 59, 32, 34, 40)
0, (164, 242, 64, 81, 59, 31, 33, 42)
0, (146, 246, 65, 83, 63, 33, 31, 38)
0, (153, 244, 58, 82, 58, 33, 30, 40)
0, (163, 280, 52, 71, 54, 33, 31, 40)
0, (151, 231, 55, 86, 62, 34, 25, 39)
0, (143, 243, 75, 94, 81, 39, 29, 43)
0, (147, 243, 79, 94, 82, 38, 32, 48)
0, (131, 229, 82, 113, 81, 38, 36, 49)
0, (131, 178, 84, 115, 85, 49, 42, 54)
0, (141, 154, 79, 109, 90, 57, 50, 61)
0, (131, 130, 72, 113, 75, 57, 60, 58)
0, (126, 217, 87, 132, 72, 59, 61, 57)
0, (138, 228, 92, 117, 78, 61, 64, 59)
0, (122, 232, 107, 123, 78, 56, 66, 58)
0, (99, 242, 110, 121, 67, 48, 62, 51)
0, (107, 238, 133, 117, 66, 48, 60, 50)
1, (124, 198, 135, 100, 65, 53, 78, 59)
1, (110, 217, 153, 109, 64, 54, 76, 56)
1, (114, 220, 166, 111, 63, 53, 80, 58)
1, (117, 277, 173, 105, 63, 53, 88, 63)
1, (106, 308, 164, 100, 64, 98, 88, 65)
1, (94, 298, 155, 93, 60, 156, 75, 55)
1, (95, 279, 138, 82, 59, 162, 77, 56)
1, (98, 292, 109, 82, 62, 165, 70, 54)
1, (106, 263, 111, 101, 67, 168, 64, 52)
1, (106, 231, 98, 102, 72, 149, 72, 47)
1, (101, 201, 98, 105, 79, 104, 90, 51)
1, (104, 239, 102, 106, 78, 116, 104, 50)
1, (98, 228, 104, 101, 75, 274, 149, 49)
1, (88, 211, 138, 93, 79, 297, 163, 49)
1, (95, 208, 151, 98, 75, 317, 165, 51)
1, (97, 206, 196, 115, 83, 322, 168, 56)
1, (87, 246, 202, 115, 82, 318, 165, 57)
1, (93, 280, 211, 121, 81, 200, 132, 61)
1, (90, 282, 192, 113, 68, 180, 128, 57)
1, (82, 303, 192, 101, 71, 152, 136, 59)
1, (102, 366, 169, 88, 57, 129, 124, 56)
1, (110, 318, 163, 103, 70, 123, 121, 59)
1, (129, 298, 180, 100, 85, 116, 120, 62)
1, (143, 319, 185, 104, 87, 87, 130, 76)
1, (162, 338, 182, 113, 89, 59, 119, 75)
1, (156, 290, 172, 109, 90, 54, 121, 71)
1, (171, 336, 175, 106, 85, 94, 130, 79)
1, (161, 346, 160, 107, 76, 100, 132, 78)
1, (173, 351, 151, 106, 74, 101, 120, 66)
1, (172, 334, 149, 101, 77, 100, 117, 70)
1, (171, 334, 145, 98, 75, 100, 129, 72)
1, (152, 292, 139, 86, 72, 104, 132, 64)
1, (148, 306, 125, 79, 67, 102, 126, 66)
1, (133, 280, 130, 93, 81, 103, 115, 65)
1, (124, 277, 128, 91, 72, 104, 112, 59)
1, (132, 321, 118, 90, 72, 107, 95, 56)
1, (136, 360, 119, 106, 71, 130, 101, 54)
1, (152, 333, 119, 112, 77, 136, 117, 50)
1, (145, 341, 99, 100, 62, 136, 115, 52)
1, (136, 386, 108, 101, 61, 135, 114, 58)
1, (120, 334, 107, 99, 67, 132, 110, 61)
1, (119, 290, 115, 87, 69, 129, 116, 73)
1, (101, 340, 137, 85, 63, 129, 103, 73)
1, (109, 329, 140, 93, 74, 128, 102, 70)
1, (121, 269, 126, 96, 78, 131, 103, 70)
1, (124, 299, 140, 101, 77, 132, 105, 67)
1, (132, 352, 138, 101, 80, 82, 71, 55)
1, (143, 308, 113, 96, 81, 96, 79, 52)
1, (140, 327, 112, 87, 75, 98, 80, 56)
1, (138, 331, 123, 99, 74, 93, 85, 56)
1, (140, 316, 130, 94, 70, 93, 89, 58)
1, (139, 269, 133, 93, 67, 89, 96, 57)
1, (127, 265, 135, 99, 68, 84, 101, 58)
1, (148, 265, 138, 99, 64, 79, 112, 57)
1, (145, 269, 140, 82, 72, 79, 106, 56)
1, (144, 304, 135, 85, 78, 99, 107, 57)
1, (147, 296, 135, 103, 79, 103, 111, 57)
2, (163, 341, 143, 94, 78, 80, 97, 57)
2, (140, 358, 146, 105, 92, 84, 89, 54)
2, (156, 407, 138, 118, 95, 92, 88, 49)
2, (151, 369, 128, 136, 91, 68, 89, 46)
2, (149, 438, 133, 125, 89, 66, 75, 43)
2, (139, 411, 127, 138, 93, 100, 95, 45)
2, (143, 379, 131, 129, 82, 104, 101, 45)
2, (124, 314, 143, 133, 81, 100, 104, 49)
2, (126, 374, 134, 121, 91, 102, 96, 58)
2, (126, 368, 127, 124, 95, 99, 92, 59)
2, (133, 372, 123, 112, 101, 118, 120, 60)
2, (128, 388, 113, 113, 97, 116, 117, 60)
2, (131, 417, 96, 101, 93, 118, 118, 58)
2, (135, 394, 101, 89, 94, 121, 127, 57)
2, (146, 384, 115, 87, 95, 122, 129, 55)
2, (142, 402, 110, 81, 82, 123, 135, 55)
2, (138, 398, 112, 80, 84, 131, 147, 60)
2, (136, 412, 120, 77, 81, 128, 144, 59)
2, (142, 411, 125, 82, 68, 126, 138, 58)
2, (122, 365, 102, 71, 65, 149, 141, 62)
2, (108, 360, 111, 71, 68, 134, 116, 61)
2, (127, 406, 114, 74, 68, 135, 112, 57)
2, (132, 390, 111, 81, 69, 144, 136, 60)
2, (131, 437, 107, 90, 100, 484, 274, 60)
2, (134, 511, 169, 101, 101, 538, 292, 63)
2, (140, 508, 170, 105, 111, 538, 291, 61)
2, (145, 474, 185, 103, 115, 539, 286, 63)
2, (144, 457, 186, 105, 120, 551, 284, 64)
2, (137, 428, 182, 94, 97, 312, 161, 59)
2, (133, 329, 133, 89, 92, 237, 139, 50)
2, (138, 305, 137, 93, 86, 235, 152, 50)
2, (123, 331, 130, 101, 91, 254, 156, 48)
2, (129, 339, 124, 94, 83, 242, 152, 49)
2, (142, 298, 135, 95, 86, 250, 162, 53)
2, (144, 345, 134, 116, 90, 316, 167, 53)
2, (145, 409, 126, 122, 95, 356, 200, 51)
2, (136, 383, 108, 122, 98, 404, 278, 52)
2, (125, 426, 121, 128, 117, 492, 288, 50)
2, (123, 426, 120, 149, 119, 517, 294, 48)
2, (123, 413, 117, 136, 115, 469, 295, 65)
2, (110, 376, 122, 135, 105, 462, 289, 71)
2, (116, 367, 129, 137, 100, 435, 243, 74)
2, (112, 334, 122, 124, 81, 408, 262, 72)
2, (102, 325, 122, 104, 74, 385, 276, 74)
2, (94, 329, 121, 101, 78, 396, 322, 59)
2, (92, 342, 199, 101, 85, 380, 313, 61)
2, (97, 357, 201, 135, 96, 387, 296, 60)
2, (111, 321, 203, 142, 101, 317, 305, 68)
2, (104, 400, 210, 147, 102, 306, 329, 102)
2, (127, 401, 229, 180, 103, 319, 356, 106)
2, (135, 418, 176, 253, 105, 325, 378, 107)
2, (129, 439, 174, 244, 89, 350, 399, 110)
2, (141, 360, 220, 138, 80, 346, 393, 66)
2, (144, 464, 184, 266, 89, 334, 392, 110)
2, (137, 426, 196, 127, 72, 366, 387, 66)
2, (145, 404, 190, 280, 88, 321, 386, 82)
2, (128, 459, 176, 118, 73, 274, 383, 57)
2, (138, 406, 180, 266, 84, 293, 328, 78)
2, (132, 460, 190, 172, 74, 281, 381, 58)
2, (144, 375, 211, 214, 94, 365, 290, 71)
2, (115, 437, 170, 175, 74, 341, 279, 51)
2, (153, 329, 209, 211, 96, 449, 282, 66)
2, (120, 441, 170, 176, 71, 341, 263, 52)
2, (152, 403, 199, 196, 102, 465, 263, 66)
2, (125, 404, 189, 165, 71, 317, 268, 49)
2, (178, 432, 219, 190, 117, 477, 218, 63)
2, (125, 358, 199, 219, 88, 357, 278, 57)
2, (174, 415, 212, 192, 119, 472, 240, 63)
2, (120, 311, 187, 189, 86, 411, 330, 55)
2, (184, 410, 199, 170, 112, 508, 374, 72)
2, (140, 320, 204, 186, 83, 363, 361, 60)
2, (184, 417, 214, 180, 119, 399, 378, 79)
2, (147, 308, 204, 199, 84, 356, 367, 66)
2, (166, 359, 211, 186, 107, 383, 377, 74)
2, (142, 260, 180, 200, 83, 358, 366, 68)
2, (140, 326, 172, 166, 88, 379, 380, 73)
2, (135, 313, 164, 164, 61, 326, 360, 61)
2, (150, 306, 178, 170, 84, 377, 359, 78)
2, (143, 295, 174, 172, 77, 260, 331, 73)
3, (173, 401, 184, 197, 82, 282, 305, 94)
3, (182, 417, 171, 207, 84, 253, 305, 95)
3, (200, 405, 154, 216, 83, 228, 301, 101)
3, (183, 414, 144, 258, 88, 241, 298, 102)
3, (216, 408, 154, 248, 86, 376, 314, 91)
3, (212, 406, 167, 251, 88, 402, 326, 100)
3, (201, 369, 188, 233, 85, 412, 328, 104)
3, (187, 362, 188, 233, 91, 406, 339, 104)
3, (176, 335, 185, 194, 80, 406, 371, 104)
3, (114, 301, 194, 192, 80, 377, 340, 119)
3, (114, 299, 186, 173, 74, 350, 326, 109)
3, (109, 285, 167, 180, 74, 349, 321, 105)
3, (107, 265, 187, 174, 78, 384, 319, 100)
3, (122, 289, 210, 178, 80, 373, 335, 97)
3, (145, 318, 209, 189, 85, 317, 270, 88)
3, (144, 334, 220, 209, 89, 369, 288, 91)
3, (145, 441, 212, 212, 99, 367, 291, 91)
3, (152, 459, 195, 208, 95, 357, 304, 91)
3, (144, 467, 197, 205, 92, 360, 335, 90)
3, (118, 516, 196, 205, 95, 353, 334, 61)
3, (126, 518, 223, 181, 93, 296, 318, 63)
3, (145, 479, 236, 174, 84, 307, 321, 65)
3, (155, 522, 240, 192, 86, 273, 318, 77)
3, (178, 532, 229, 200, 83, 255, 305, 98)
3, (180, 462, 225, 205, 84, 256, 313, 99)
3, (168, 459, 190, 219, 86, 308, 317, 97)
3, (168, 448, 229, 231, 90, 341, 316, 96)
3, (156, 386, 223, 212, 85, 365, 301, 86)
3, (132, 359, 206, 203, 87, 359, 261, 59)
3, (137, 370, 216, 182, 82, 342, 277, 57)
3, (159, 409, 212, 174, 84, 349, 281, 57)
3, (143, 368, 152, 160, 84, 319, 284, 58)
3, (135, 435, 161, 168, 88, 417, 323, 59)
3, (138, 428, 173, 166, 100, 421, 291, 66)
3, (133, 448, 155, 164, 98, 416, 363, 68)
3, (116, 402, 181, 162, 97, 389, 360, 68)
3, (131, 386, 199, 166, 95, 384, 357, 67)
3, (135, 313, 207, 166, 91, 347, 345, 74)
3, (127, 347, 213, 161, 79, 353, 346, 66)
3, (125, 345, 215, 165, 79, 401, 314, 67)
3, (146, 348, 200, 150, 70, 392, 314, 66)
3, (139, 352, 208, 161, 76, 386, 317, 65)
3, (151, 347, 211, 159, 77, 374, 289, 64)
3, (152, 369, 200, 145, 78, 377, 282, 65)
3, (166, 370, 219, 137, 77, 347, 386, 66)
4, (145, 476, 174, 155, 95, 229, 352, 144)
4, (142, 526, 174, 175, 88, 240, 340, 162)
4, (147, 484, 172, 176, 98, 235, 261, 167)
4, (122, 438, 174, 172, 81, 221, 240, 144)
4, (121, 473, 196, 172, 83, 200, 248, 140)
4, (118, 452, 201, 166, 85, 181, 276, 133)
4, (134, 381, 223, 155, 89, 178, 320, 110)
4, (147, 411, 247, 180, 76, 181, 289, 91)
4, (143, 438, 259, 193, 91, 188, 317, 100)
4, (160, 393, 256, 196, 91, 217, 311, 104)
4, (171, 419, 261, 209, 94, 219, 300, 136)
4, (184, 413, 244, 211, 84, 207, 281, 134)
4, (173, 435, 267, 212, 88, 200, 311, 132)
4, (175, 469, 264, 222, 76, 207, 295, 133)
4, (163, 475, 248, 234, 76, 254, 300, 151)
4, (167, 477, 260, 242, 81, 252, 294, 115)
4, (156, 513, 257, 250, 94, 279, 258, 120)
4, (151, 483, 207, 223, 92, 293, 282, 150)
4, (152, 456, 194, 202, 89, 290, 295, 149)
4, (155, 444, 219, 177, 84, 215, 289, 132)
4, (161, 421, 212, 166, 83, 222, 289, 145)
4, (170, 377, 221, 164, 98, 211, 300, 161)
4, (180, 395, 243, 186, 99, 221, 287, 136)
4, (191, 314, 245, 188, 105, 344, 336, 146)
4, (201, 350, 229, 204, 112, 345, 340, 160)
4, (188, 356, 215, 205, 110, 342, 347, 156)
4, (190, 350, 218, 178, 84, 326, 352, 137)
4, (202, 335, 189, 161, 92, 311, 356, 144)
4, (199, 372, 197, 153, 89, 234, 369, 164)
4, (183, 376, 195, 131, 84, 238, 380, 156)
4, (185, 435, 223, 126, 83, 259, 367, 149)
4, (211, 519, 217, 148, 92, 302, 369, 147)
4, (204, 518, 233, 155, 82, 343, 352, 161)
4, (196, 503, 234, 182, 87, 302, 290, 122)
4, (206, 499, 231, 189, 89, 298, 270, 108)
4, (201, 451, 218, 184, 89, 278, 279, 107)
4, (192, 414, 228, 171, 84, 231, 280, 131)
4, (209, 427, 210, 166, 87, 185, 241, 105)
4, (206, 454, 231, 154, 81, 201, 306, 108)
4, (208, 537, 231, 161, 77, 312, 329, 108)
4, (231, 533, 218, 157, 79, 376, 337, 127)
4, (211, 516, 205, 162, 79, 399, 325, 106)
4, (193, 526, 205, 165, 75, 382, 310, 101)
4, (197, 495, 149, 152, 72, 373, 212, 101)
4, (209, 431, 145, 142, 75, 288, 282, 103)
4, (184, 432, 155, 170, 70, 228, 278, 100)
4, (200, 383, 153, 166, 77, 204, 277, 101)
4, (225, 355, 167, 162, 77, 207, 279, 102)
4, (237, 406, 176, 180, 89, 230, 287, 107)
4, (306, 358, 180, 179, 89, 268, 275, 111)
4, (322, 362, 171, 165, 113, 279, 282, 117)
4, (307, 438, 181, 174, 117, 277, 285, 126)
4, (282, 416, 175, 170, 120, 275, 282, 125)
4, (278, 375, 173, 160, 117, 254, 284, 120)
4, (183, 385, 171, 186, 126, 214, 194, 121)
4, (155, 381, 178, 173, 106, 274, 320, 131)
4, (142, 274, 196, 183, 93, 284, 340, 130)
4, (157, 278, 210, 198, 90, 314, 344, 129)
4, (149, 278, 211, 202, 86, 318, 342, 130)
4, (187, 273, 211, 188, 65, 340, 345, 124)
4, (202, 273, 236, 190, 69, 276, 265, 116)
4, (223, 308, 254, 190, 74, 280, 333, 108)
4, (216, 366, 253, 184, 73, 283, 337, 107)
4, (211, 386, 265, 171, 72, 318, 346, 107)
4, (195, 386, 267, 171, 80, 311, 352, 108)
4, (189, 411, 235, 196, 79, 303, 386, 102)
5, (133, 428, 213, 157, 88, 261, 271, 122)
5, (120, 425, 201, 141, 88, 261, 275, 125)
5, (119, 410, 214, 220, 95, 370, 316, 135)
5, (120, 434, 239, 211, 92, 341, 312, 105)
5, (127, 442, 234, 216, 93, 340, 272, 102)
5, (146, 433, 227, 208, 91, 354, 268, 122)
5, (143, 419, 268, 224, 91, 338, 264, 123)
5, (145, 432, 261, 219, 85, 191, 223, 112)
5, (166, 423, 244, 220, 82, 232, 226, 111)
5, (177, 407, 240, 229, 77, 234, 179, 136)
5, (189, 380, 240, 239, 79, 226, 267, 119)
5, (185, 356, 197, 234, 76, 261, 261, 114)
5, (178, 383, 188, 174, 70, 237, 242, 112)
5, (162, 382, 195, 169, 70, 197, 233, 120)
5, (158, 332, 192, 146, 68, 198, 265, 112)
5, (163, 366, 205, 161, 84, 185, 195, 120)
5, (167, 363, 230, 170, 102, 178, 194, 120)
5, (167, 319, 231, 166, 103, 178, 263, 125)
5, (171, 306, 252, 172, 103, 184, 269, 137)
5, (163, 323, 283, 170, 105, 182, 242, 114)
5, (123, 312, 264, 136, 93, 177, 237, 109)
5, (114, 324, 244, 110, 79, 148, 237, 117)
5, (140, 329, 269, 130, 72, 193, 170, 131)
5, (147, 323, 271, 176, 78, 192, 192, 115)
5, (154, 316, 233, 193, 87, 194, 257, 121)
5, (155, 356, 254, 206, 85, 192, 248, 119)
5, (155, 384, 269, 208, 80, 183, 262, 133)
5, (159, 411, 251, 200, 90, 132, 247, 123)
5, (149, 503, 241, 159, 82, 126, 247, 118)
5, (138, 506, 251, 159, 75, 128, 224, 110)
5, (138, 474, 250, 176, 90, 171, 333, 123)
5, (165, 483, 267, 179, 92, 187, 330, 101)
5, (135, 453, 263, 174, 85, 184, 343, 98)
5, (128, 338, 240, 181, 97, 184, 330, 101)
5, (164, 375, 225, 164, 97, 228, 307, 119)
5, (191, 373, 208, 139, 84, 229, 251, 104)
5, (178, 353, 170, 179, 82, 218, 296, 109)
5, (179, 377, 160, 190, 85, 219, 288, 114)
5, (181, 397, 183, 187, 73, 233, 284, 140)
5, (161, 369, 187, 189, 65, 265, 281, 123)
5, (135, 398, 179, 188, 66, 273, 286, 136)
5, (119, 407, 177, 152, 63, 278, 240, 134)
5, (127, 390, 186, 187, 81, 286, 308, 141)
5, (139, 385, 171, 186, 85, 273, 327, 118)
5, (137, 400, 198, 194, 95, 195, 348, 124)
5, (151, 385, 193, 210, 93, 150, 308, 133)
5, (178, 359, 188, 216, 105, 166, 311, 140)
5, (175, 398, 183, 183, 100, 157, 264, 129)
5, (164, 434, 187, 189, 98, 182, 376, 136)
5, (181, 474, 161, 184, 105, 199, 366, 155)
5, (168, 461, 182, 165, 108, 229, 362, 139)
