0, (173, 94, 134, 145, 118, 52, 94, 152)
0, (172, 93, 132, 140, 133, 78, 112, 143)
0, (171, 100, 130, 153, 129, 82, 125, 149)
0, (164, 96, 130, 142, 133, 83, 125, 156)
0, (169, 95, 124, 140, 139, 85, 120, 174)
0, (134, 80, 126, 139, 152, 86, 117, 153)
0, (156, 81, 144, 143, 120, 64, 95, 162)
0, (169, 87, 170, 117, 112, 55, 78, 190)
0, (182, 92, 166, 122, 106, 56, 82, 206)
0, (188, 101, 171, 161, 113, 56, 81, 180)
0, (185, 101, 174, 166, 107, 55, 68, 175)
0, (177, 111, 185, 181, 118, 58, 70, 174)
0, (175, 114, 167, 193, 129, 66, 79, 144)
0, (177, 128, 161, 187, 122, 63, 81, 171)
0, (177, 121, 176, 164, 123, 60, 84, 171)
0, (166, 119, 181, 156, 125, 57, 78, 169)
0, (160, 113, 160, 135, 117, 54, 80, 158)
0, (174, 107, 148, 105, 113, 50, 66, 151)
0, (169, 84, 143, 108, 121, 53, 65, 66)
0, (157, 80, 118, 78, 106, 50, 60, 58)
0, (160, 90, 99, 84, 93, 51, 64, 49)
0, (156, 92, 71, 80, 91, 50, 54, 43)
0, (118, 77, 61, 107, 88, 43, 53, 36)
0, (88, 73, 57, 120, 102, 38, 43, 26)
0, (102, 77, 52, 122, 108, 39, 44, 29)
0, (98, 63, 50, 119, 108, 39, 39, 29)
0, (105, 52, 47, 112, 110, 41, 48, 29)
0, (126, 89, 48, 85, 113, 47, 66, 36)
0, (132, 100, 41, 64, 93, 43, 70, 35)
0, (120, 98, 39, 67, 88, 46, 70, 36)
0, (119, 102, 39, 84, 88, 45, 72, 35)
0, (116, 110, 39, 85, 87, 43, 72, 36)
0, (134, 98, 45, 91, 92, 41, 64, 36)
0, (150, 104, 48, 86, 92, 43, 60, 40)
0, (158, 113, 50, 92, 95, 44, 60, 44)
0, (164, 114, 50, 89, 104, 44, 60, 51)
0, (165, 116, 57, 89, 122, 46, 63, 51)
0, (176, 109, 57, 106, 117, 45, 61, 52)
0, (168, 109, 53, 109, 118, 44, 63, 52)
0, (167, 106, 54, 109, 115, 45, 67, 48)
0, (196, 105, 55, 102, 123, 50, 72, 46)
0, (198, 96, 46, 101, 116, 55, 78, 50)
0, (175, 103, 41, 79, 118, 58, 81, 47)
0, (184, 101, 54, 78, 118, 58, 82, 45)
0, (193, 117, 55, 73, 125, 61, 81, 52)
0, (168, 125, 54, 65, 113, 54, 75, 51)
0, (176, 128, 64, 93, 97, 53, 79, 50)
0, (194, 121, 65, 98, 90, 48, 70, 50)
0, (192, 115, 53, 98, 96, 50, 72, 50)
0, (224, 98, 52, 103, 94, 44, 75, 47)
0, (234, 89, 52, 108, 91, 45, 81, 46)
0, (226, 91, 42, 88, 96, 42, 67, 43)
0, (208, 99, 40, 92, 101, 40, 71, 41)
0, (215, 95, 41, 91, 95, 34, 73, 42)
0, (219, 96, 43, 77, 96, 43, 86, 48)
0, (207, 92, 46, 72, 128, 45, 81, 46)
0, (232, 99, 46, 77, 127, 44, 80, 48)
0, (235, 110, 54, 71, 122, 46, 81, 55)
0, (229, 119, 56, 70, 124, 49, 84, 56)
0, (187, 117, 53, 80, 115, 39, 66, 46)
0, (182, 132, 52, 89, 73, 38, 69, 49)
0, (222, 124, 57, 95, 85, 41, 73, 51)
0, (220, 112, 53, 93, 92, 46, 81, 45)
0, (248, 109, 52, 99, 97, 55, 85, 44)
0, (247, 117, 55, 98, 116, 58, 86, 45)
0, (249, 112, 54, 97, 117, 60, 92, 46)
0, (200, 112, 50, 91, 115, 63, 92, 41)
0, (212, 113, 48, 88, 118, 62, 84, 41)
0, (194, 141, 62, 87, 128, 60, 77, 42)
0, (199, 138, 60, 88, 125, 59, 90, 72)
0, (185, 132, 90, 141, 116, 64, 165, 94)
0, (168, 143, 103, 152, 127, 67, 174, 92)
0, (173, 142, 84, 133, 143, 52, 91, 97)
0, (243, 165, 89, 127, 135, 62, 107, 140)
0, (255, 145, 123, 155, 143, 65, 114, 157)
0, (295, 148, 130, 159, 148, 64, 117, 162)
1, (215, 139, 71, 102, 124, 63, 94, 81)
1, (205, 148, 70, 98, 126, 66, 148, 90)
1, (191, 149, 81, 124, 122, 63, 162, 96)
1, (183, 126, 78, 136, 124, 59, 166, 105)
1, (191, 134, 104, 165, 138, 60, 134, 87)
1, (205, 135, 108, 155, 165, 61, 121, 94)
1, (188, 137, 110, 151, 155, 63, 117, 91)
1, (171, 149, 102, 151, 150, 59, 114, 98)
1, (233, 163, 77, 127, 107, 64, 106, 156)
1, (236, 159, 96, 150, 138, 65, 103, 159)
1, (225, 124, 132, 158, 142, 57, 106, 131)
1, (233, 137, 136, 163, 144, 60, 114, 112)
1, (270, 148, 133, 139, 113, 57, 115, 103)
1, (279, 144, 112, 137, 120, 57, 100, 102)
1, (246, 138, 106, 132, 117, 62, 116, 112)
1, (269, 134, 113, 133, 132, 74, 114, 151)
1, (259, 124, 113, 126, 126, 70, 111, 157)
1, (237, 110, 101, 119, 124, 73, 108, 162)
1, (252, 116, 122, 128, 111, 75, 121, 162)
1, (282, 125, 121, 121, 129, 77, 106, 155)
1, (264, 138, 120, 110, 112, 64, 99, 112)
1, (284, 147, 113, 102, 105, 62, 90, 109)
1, (288, 155, 110, 103, 104, 70, 133, 181)
1, (272, 154, 85, 84, 114, 69, 127, 181)
1, (274, 173, 93, 112, 98, 62, 122, 180)
1, (294, 167, 78, 119, 96, 72, 128, 181)
1, (288, 178, 80, 139, 105, 79, 145, 175)
1, (268, 173, 84, 166, 120, 71, 113, 117)
1, (256, 173, 86, 166, 128, 74, 112, 113)
1, (206, 140, 74, 159, 117, 71, 113, 106)
1, (169, 134, 75, 153, 114, 66, 120, 104)
1, (166, 104, 86, 136, 115, 56, 106, 98)
1, (183, 107, 108, 107, 113, 58, 113, 81)
1, (177, 112, 108, 136, 99, 49, 108, 127)
1, (196, 125, 128, 179, 119, 51, 106, 127)
1, (197, 127, 135, 182, 132, 54, 98, 130)
1, (232, 139, 128, 180, 127, 53, 91, 145)
1, (218, 137, 117, 178, 113, 59, 90, 151)
1, (215, 125, 118, 157, 107, 60, 93, 117)
1, (215, 127, 103, 99, 94, 63, 106, 115)
1, (218, 129, 132, 133, 82, 55, 100, 148)
1, (179, 127, 141, 164, 88, 61, 103, 156)
2, (190, 134, 136, 180, 100, 51, 76, 114)
2, (193, 107, 128, 182, 101, 54, 76, 158)
2, (169, 98, 110, 172, 90, 51, 73, 192)
2, (188, 110, 119, 145, 87, 57, 89, 195)
2, (181, 113, 128, 137, 84, 66, 106, 194)
2, (188, 106, 138, 138, 84, 63, 105, 188)
2, (228, 125, 150, 124, 82, 66, 110, 179)
2, (233, 131, 154, 142, 85, 77, 113, 166)
2, (230, 130, 153, 146, 82, 75, 123, 173)
2, (278, 130, 153, 150, 98, 73, 103, 186)
2, (306, 144, 144, 159, 102, 84, 126, 188)
2, (293, 129, 131, 167, 102, 87, 132, 192)
2, (303, 139, 140, 165, 104, 82, 131, 163)
2, (324, 131, 140, 154, 119, 87, 120, 156)
2, (307, 127, 140, 160, 107, 84, 130, 155)
2, (276, 115, 119, 146, 107, 87, 120, 151)
2, (280, 119, 137, 129, 107, 81, 111, 160)
2, (275, 124, 123, 124, 106, 77, 114, 165)
2, (238, 122, 120, 131, 107, 69, 104, 170)
2, (276, 119, 130, 132, 115, 81, 104, 159)
2, (278, 128, 135, 133, 128, 73, 89, 169)
2, (261, 131, 138, 140, 134, 76, 96, 113)
2, (257, 112, 139, 154, 130, 85, 122, 150)
2, (356, 126, 145, 149, 115, 85, 123, 140)
2, (324, 133, 135, 144, 111, 77, 118, 141)
2, (324, 124, 130, 143, 104, 71, 121, 127)
2, (323, 126, 117, 152, 102, 64, 121, 127)
2, (363, 132, 115, 151, 105, 58, 100, 79)
2, (275, 129, 103, 146, 115, 56, 106, 78)
2, (262, 130, 118, 144, 136, 51, 103, 79)
2, (260, 128, 129, 160, 137, 55, 108, 139)
2, (282, 113, 127, 161, 131, 62, 107, 141)
2, (237, 137, 147, 186, 133, 59, 98, 143)
2, (232, 128, 155, 210, 132, 60, 95, 144)
2, (207, 128, 139, 218, 113, 59, 106, 138)
2, (210, 130, 131, 225, 101, 54, 97, 80)
2, (202, 131, 144, 242, 101, 47, 89, 76)
2, (202, 110, 142, 228, 101, 51, 89, 89)
2, (215, 113, 140, 208, 99, 55, 89, 103)
2, (250, 111, 143, 202, 87, 51, 72, 112)
2, (184, 126, 134, 167, 91, 59, 96, 150)
2, (249, 127, 151, 178, 89, 55, 79, 126)
2, (189, 127, 130, 173, 96, 65, 102, 149)
2, (227, 124, 133, 136, 87, 55, 93, 149)
2, (170, 113, 129, 171, 107, 71, 105, 153)
2, (272, 120, 110, 121, 82, 52, 87, 146)
2, (171, 121, 90, 146, 109, 73, 115, 121)
2, (302, 131, 100, 128, 92, 53, 103, 142)
2, (157, 127, 80, 119, 108, 72, 131, 105)
2, (277, 133, 103, 113, 90, 64, 108, 152)
2, (218, 134, 83, 126, 111, 66, 125, 141)
2, (271, 131, 113, 113, 82, 63, 105, 141)
2, (211, 131, 86, 114, 124, 64, 127, 146)
2, (282, 148, 103, 112, 90, 67, 98, 120)
2, (222, 145, 92, 126, 110, 70, 146, 148)
2, (244, 148, 106, 114, 90, 65, 106, 171)
2, (227, 136, 97, 135, 106, 72, 138, 147)
2, (201, 133, 105, 114, 99, 60, 88, 168)
2, (234, 119, 101, 138, 103, 71, 123, 147)
2, (218, 145, 99, 127, 107, 51, 87, 157)
2, (191, 113, 96, 129, 116, 71, 134, 106)
2, (226, 136, 77, 131, 113, 50, 86, 157)
2, (206, 118, 92, 128, 111, 69, 126, 96)
2, (219, 120, 72, 133, 120, 47, 82, 154)
2, (200, 108, 87, 120, 113, 53, 92, 90)
2, (207, 127, 82, 117, 118, 51, 96, 94)
2, (208, 120, 69, 118, 133, 47, 93, 84)
3, (237, 95, 183, 110, 103, 85, 117, 164)
3, (258, 96, 176, 108, 116, 82, 118, 168)
3, (298, 109, 177, 107, 116, 77, 115, 173)
3, (306, 118, 181, 136, 118, 77, 118, 133)
3, (328, 114, 140, 123, 121, 62, 98, 128)
3, (308, 110, 132, 146, 115, 62, 93, 136)
3, (296, 108, 131, 150, 107, 67, 112, 133)
3, (266, 105, 139, 163, 113, 75, 121, 141)
3, (248, 92, 139, 137, 97, 69, 112, 112)
3, (200, 85, 165, 149, 88, 72, 134, 113)
3, (199, 93, 150, 137, 99, 70, 133, 113)
3, (195, 103, 163, 132, 92, 68, 117, 112)
3, (199, 122, 184, 145, 74, 53, 105, 95)
3, (206, 123, 180, 145, 89, 56, 110, 133)
3, (202, 125, 163, 152, 101, 48, 92, 135)
3, (206, 120, 172, 153, 102, 49, 89, 144)
3, (257, 112, 162, 153, 105, 51, 95, 151)
3, (241, 84, 139, 139, 109, 61, 107, 157)
3, (229, 91, 151, 150, 114, 56, 105, 137)
3, (241, 100, 192, 154, 106, 55, 94, 149)
3, (256, 113, 184, 180, 99, 62, 101, 167)
3, (220, 128, 193, 179, 119, 76, 117, 156)
3, (227, 131, 189, 167, 124, 72, 110, 157)
3, (214, 124, 182, 187, 112, 72, 108, 162)
3, (218, 116, 123, 174, 122, 81, 113, 176)
3, (272, 115, 126, 136, 148, 78, 120, 149)
3, (282, 99, 133, 148, 139, 63, 122, 159)
3, (264, 94, 155, 176, 132, 64, 118, 152)
3, (282, 100, 161, 152, 140, 64, 123, 137)
3, (283, 101, 171, 151, 130, 53, 116, 130)
3, (242, 95, 175, 157, 101, 65, 136, 130)
3, (223, 93, 179, 162, 92, 68, 122, 167)
3, (258, 99, 171, 141, 88, 65, 119, 171)
3, (267, 99, 177, 161, 88, 62, 111, 185)
3, (271, 96, 175, 158, 89, 70, 117, 177)
3, (256, 97, 192, 165, 92, 62, 77, 177)
3, (272, 106, 182, 150, 101, 60, 77, 142)
3, (249, 100, 171, 140, 111, 68, 88, 144)
3, (230, 96, 176, 133, 101, 68, 90, 158)
3, (235, 103, 173, 151, 102, 67, 105, 169)
3, (222, 97, 163, 136, 128, 63, 105, 169)
3, (204, 85, 154, 150, 127, 61, 99, 166)
3, (221, 106, 148, 175, 125, 56, 98, 164)
3, (241, 105, 119, 177, 136, 64, 103, 161)
3, (233, 105, 108, 177, 152, 60, 83, 131)
3, (280, 122, 84, 187, 146, 70, 85, 136)
3, (304, 126, 80, 180, 141, 69, 93, 137)
3, (309, 114, 75, 161, 159, 74, 112, 134)
3, (302, 149, 108, 139, 158, 72, 119, 153)
3, (303, 160, 115, 120, 142, 73, 117, 157)
3, (286, 162, 150, 131, 127, 67, 116, 153)
3, (266, 161, 152, 131, 160, 70, 129, 162)
3, (248, 157, 163, 157, 159, 63, 112, 163)
3, (245, 133, 163, 188, 157, 62, 98, 143)
3, (227, 145, 171, 200, 158, 56, 95, 150)
3, (214, 134, 155, 192, 164, 55, 100, 155)
3, (195, 134, 150, 214, 133, 53, 72, 138)
3, (201, 136, 140, 200, 109, 51, 72, 136)
4, (187, 93, 130, 188, 129, 72, 146, 180)
4, (197, 89, 121, 146, 123, 67, 139, 205)
4, (147, 85, 124, 147, 126, 64, 135, 201)
4, (196, 89, 134, 148, 129, 66, 136, 167)
4, (223, 97, 135, 129, 115, 66, 143, 178)
4, (223, 99, 137, 119, 104, 68, 117, 212)
4, (214, 100, 142, 132, 97, 70, 119, 179)
4, (235, 86, 139, 144, 110, 69, 111, 190)
4, (213, 78, 125, 139, 104, 66, 111, 185)
4, (201, 93, 118, 152, 105, 68, 104, 172)
4, (202, 98, 122, 149, 107, 66, 97, 163)
4, (233, 95, 130, 174, 113, 67, 108, 166)
4, (207, 102, 135, 160, 97, 63, 106, 154)
4, (207, 100, 139, 159, 108, 73, 109, 146)
4, (218, 86, 138, 149, 116, 78, 111, 204)
4, (234, 89, 178, 153, 107, 88, 124, 172)
5, (278, 93, 151, 217, 121, 72, 123, 197)
5, (301, 102, 152, 216, 107, 73, 121, 196)
5, (194, 102, 146, 214, 105, 64, 112, 218)
5, (198, 92, 151, 190, 113, 67, 119, 177)
