0, (277, 256, 172, 152, 72, 95, 101, 190)
0, (269, 311, 198, 136, 90, 101, 105, 230)
0, (268, 263, 190, 106, 80, 96, 104, 187)
0, (288, 277, 218, 161, 90, 63, 94, 179)
0, (224, 277, 211, 159, 95, 68, 91, 166)
0, (229, 292, 232, 164, 101, 69, 99, 159)
0, (225, 287, 285, 184, 86, 63, 117, 192)
0, (215, 278, 293, 193, 83, 58, 112, 190)
0, (189, 278, 266, 163, 90, 59, 113, 192)
0, (218, 323, 273, 162, 84, 53, 113, 197)
0, (236, 349, 271, 171, 91, 49, 109, 208)
0, (235, 298, 203, 190, 105, 62, 106, 181)
0, (241, 311, 190, 191, 106, 68, 110, 182)
0, (268, 311, 202, 186, 109, 75, 107, 187)
0, (237, 270, 228, 219, 120, 79, 108, 178)
0, (251, 238, 210, 206, 114, 85, 131, 178)
0, (251, 255, 193, 167, 102, 73, 122, 120)
0, (246, 260, 191, 161, 106, 79, 128, 121)
0, (222, 241, 200, 175, 107, 70, 124, 104)
0, (213, 238, 152, 138, 98, 68, 123, 102)
0, (159, 245, 152, 136, 107, 59, 99, 78)
0, (149, 281, 141, 132, 112, 59, 88, 70)
0, (196, 270, 140, 132, 108, 39, 52, 60)
0, (201, 272, 104, 110, 100, 50, 61, 52)
0, (203, 260, 104, 103, 111, 53, 58, 52)
0, (207, 251, 106, 98, 109, 56, 52, 51)
0, (207, 180, 112, 94, 106, 71, 61, 49)
0, (238, 192, 111, 83, 111, 78, 61, 52)
1, (228, 188, 111, 73, 104, 71, 52, 52)
1, (239, 237, 101, 68, 111, 69, 54, 49)
1, (234, 212, 95, 83, 107, 71, 56, 51)
1, (260, 213, 89, 84, 110, 60, 47, 50)
1, (193, 262, 78, 92, 111, 57, 49, 43)
1, (225, 266, 77, 97, 127, 59, 52, 48)
1, (232, 230, 81, 104, 115, 64, 54, 56)
1, (231, 331, 82, 98, 112, 59, 55, 51)
1, (254, 350, 79, 103, 116, 60, 52, 55)
1, (262, 320, 94, 127, 115, 57, 52, 56)
2, (237, 376, 103, 131, 100, 56, 59, 53)
2, (215, 372, 104, 129, 103, 51, 62, 44)
2, (243, 305, 101, 134, 102, 53, 67, 49)
2, (252, 301, 102, 141, 103, 50, 74, 50)
2, (251, 320, 92, 118, 100, 47, 78, 49)
2, (260, 260, 87, 105, 100, 46, 82, 53)
2, (286, 271, 91, 110, 89, 41, 76, 55)
2, (278, 260, 89, 107, 92, 41, 71, 51)
2, (321, 310, 89, 110, 85, 42, 75, 59)
2, (329, 285, 102, 142, 111, 45, 72, 60)
2, (328, 312, 104, 143, 114, 44, 59, 56)
2, (321, 347, 99, 136, 114, 50, 75, 56)
2, (328, 343, 98, 134, 115, 53, 82, 67)
2, (243, 295, 94, 124, 120, 52, 75, 55)
2, (230, 281, 83, 83, 117, 50, 74, 53)
2, (238, 289, 84, 91, 121, 58, 80, 54)
2, (235, 251, 91, 102, 130, 58, 70, 53)
2, (195, 265, 97, 98, 129, 53, 62, 36)
2, (283, 273, 93, 94, 119, 49, 59, 35)
2, (325, 374, 93, 92, 99, 52, 63, 40)
2, (316, 347, 85, 115, 81, 43, 62, 40)
2, (323, 339, 78, 111, 64, 34, 57, 40)
2, (324, 365, 69, 115, 87, 39, 58, 42)
2, (286, 366, 89, 128, 102, 44, 59, 44)
2, (231, 280, 84, 124, 105, 41, 55, 40)
2, (258, 282, 89, 96, 107, 41, 47, 43)
2, (241, 282, 95, 138, 122, 54, 51, 43)
2, (261, 245, 104, 141, 134, 58, 50, 46)
2, (246, 225, 92, 131, 130, 63, 54, 48)
2, (259, 208, 114, 141, 134, 61, 54, 48)
2, (251, 195, 109, 140, 148, 65, 62, 46)
2, (246, 192, 110, 94, 139, 56, 55, 44)
2, (328, 271, 108, 89, 116, 51, 54, 52)
2, (351, 281, 116, 99, 107, 43, 55, 52)
2, (362, 274, 95, 95, 98, 45, 59, 53)
2, (355, 285, 93, 99, 92, 45, 58, 55)
2, (354, 324, 83, 102, 96, 46, 59, 56)
2, (319, 268, 102, 106, 101, 44, 69, 48)
2, (286, 255, 91, 100, 102, 45, 70, 49)
2, (266, 267, 96, 101, 98, 46, 67, 48)
2, (267, 270, 107, 124, 90, 43, 62, 45)
2, (309, 230, 108, 121, 99, 56, 72, 48)
2, (295, 206, 88, 115, 91, 58, 70, 49)
2, (281, 316, 87, 118, 89, 58, 64, 45)
2, (295, 319, 82, 124, 91, 57, 63, 47)
2, (295, 355, 92, 105, 109, 67, 75, 51)
2, (259, 348, 93, 120, 99, 59, 69, 48)
2, (234, 355, 101, 128, 102, 57, 60, 46)
2, (249, 267, 103, 122, 112, 58, 72, 51)
2, (227, 279, 100, 134, 116, 61, 76, 49)
2, (223, 224, 85, 159, 113, 55, 66, 46)
2, (224, 220, 87, 147, 109, 54, 65, 48)
2, (209, 221, 73, 142, 116, 53, 68, 47)
2, (203, 264, 93, 143, 114, 48, 60, 41)
2, (192, 257, 101, 122, 119, 48, 57, 42)
2, (205, 261, 108, 88, 115, 48, 62, 40)
2, (204, 278, 124, 90, 114, 50, 69, 41)
2, (231, 327, 129, 88, 112, 57, 71, 53)
2, (236, 293, 127, 96, 114, 61, 71, 54)
2, (244, 287, 131, 102, 106, 67, 89, 56)
2, (285, 318, 125, 111, 128, 71, 97, 62)
2, (281, 349, 113, 114, 128, 69, 91, 60)
2, (277, 308, 120, 117, 122, 62, 86, 49)
2, (286, 346, 111, 111, 114, 62, 87, 50)
2, (292, 369, 114, 120, 130, 54, 75, 51)
2, (255, 364, 113, 106, 94, 42, 58, 46)
2, (248, 323, 111, 108, 94, 42, 58, 46)
2, (235, 380, 112, 135, 101, 52, 75, 53)
2, (231, 366, 117, 134, 106, 52, 78, 52)
2, (249, 335, 103, 120, 88, 53, 75, 48)
2, (251, 347, 116, 121, 103, 54, 79, 50)
2, (258, 350, 111, 136, 144, 61, 81, 51)
2, (260, 314, 110, 103, 158, 60, 78, 49)
2, (235, 313, 106, 101, 163, 59, 82, 48)
2, (287, 317, 105, 106, 167, 59, 90, 62)
2, (278, 282, 98, 131, 172, 72, 128, 108)
2, (317, 277, 123, 180, 147, 84, 158, 117)
2, (316, 255, 118, 204, 130, 94, 168, 178)
2, (323, 293, 122, 233, 127, 93, 163, 180)
2, (289, 292, 136, 270, 136, 96, 168, 182)
2, (310, 286, 136, 284, 129, 90, 152, 177)
2, (285, 284, 127, 316, 125, 87, 156, 175)
2, (325, 291, 139, 381, 140, 76, 158, 232)
2, (330, 254, 147, 443, 175, 105, 184, 235)
2, (307, 242, 141, 463, 162, 106, 176, 237)
3, (239, 246, 188, 159, 106, 79, 127, 169)
3, (231, 261, 171, 170, 121, 81, 127, 178)
3, (285, 274, 145, 495, 164, 113, 175, 227)
3, (221, 275, 170, 176, 120, 71, 109, 204)
3, (341, 303, 146, 492, 175, 116, 154, 227)
3, (271, 297, 178, 153, 112, 62, 96, 185)
3, (296, 295, 136, 454, 165, 116, 144, 109)
3, (268, 255, 186, 143, 107, 57, 74, 171)
3, (295, 264, 137, 389, 130, 98, 124, 125)
3, (276, 226, 195, 159, 105, 59, 79, 184)
3, (302, 338, 154, 365, 151, 114, 147, 154)
3, (280, 228, 197, 132, 99, 60, 78, 178)
3, (342, 308, 173, 386, 145, 110, 140, 151)
3, (296, 286, 165, 123, 90, 56, 78, 203)
3, (296, 285, 174, 370, 155, 103, 135, 156)
3, (276, 292, 137, 151, 106, 60, 84, 222)
3, (300, 275, 172, 375, 161, 101, 129, 167)
3, (262, 291, 126, 147, 112, 56, 78, 217)
3, (305, 279, 163, 377, 159, 104, 127, 151)
3, (249, 297, 142, 158, 119, 53, 69, 205)
3, (328, 212, 174, 367, 149, 81, 99, 113)
3, (307, 300, 158, 160, 111, 52, 71, 200)
3, (296, 245, 152, 281, 148, 72, 100, 110)
3, (309, 298, 172, 165, 110, 56, 76, 169)
3, (289, 236, 147, 270, 131, 68, 98, 146)
3, (337, 277, 206, 185, 109, 62, 78, 153)
3, (307, 222, 153, 258, 122, 75, 122, 129)
3, (342, 277, 209, 188, 108, 67, 98, 154)
3, (294, 224, 156, 241, 113, 66, 114, 126)
3, (338, 286, 208, 186, 104, 74, 105, 153)
3, (248, 243, 127, 226, 119, 65, 111, 122)
3, (323, 354, 234, 194, 109, 74, 109, 187)
3, (273, 220, 126, 219, 120, 71, 111, 124)
3, (298, 299, 230, 210, 111, 71, 108, 167)
3, (258, 220, 129, 189, 109, 69, 108, 113)
3, (287, 294, 243, 197, 111, 64, 105, 154)
3, (249, 225, 117, 152, 104, 58, 89, 119)
3, (291, 304, 262, 220, 123, 70, 99, 163)
3, (257, 230, 114, 169, 107, 53, 83, 121)
3, (336, 310, 252, 217, 146, 66, 99, 177)
3, (268, 213, 109, 174, 115, 61, 94, 164)
3, (298, 212, 212, 211, 141, 65, 103, 158)
3, (243, 196, 107, 204, 120, 61, 94, 163)
3, (315, 217, 207, 197, 141, 77, 110, 247)
3, (270, 206, 144, 202, 119, 56, 93, 163)
3, (290, 218, 153, 195, 157, 79, 105, 245)
3, (263, 203, 164, 204, 126, 67, 102, 164)
3, (284, 227, 112, 239, 162, 77, 128, 238)
3, (261, 205, 199, 215, 129, 77, 114, 163)
3, (250, 251, 103, 241, 150, 83, 134, 239)
3, (270, 192, 210, 213, 103, 74, 112, 121)
3, (264, 248, 110, 258, 163, 84, 154, 244)
3, (259, 200, 214, 219, 94, 68, 106, 164)
3, (239, 261, 118, 277, 167, 77, 152, 148)
3, (238, 202, 192, 214, 92, 68, 105, 145)
3, (225, 256, 161, 280, 149, 74, 150, 150)
3, (249, 210, 181, 210, 91, 74, 103, 144)
3, (264, 273, 174, 234, 139, 66, 122, 158)
3, (264, 197, 140, 191, 83, 64, 87, 144)
3, (256, 254, 184, 237, 143, 55, 108, 178)
3, (241, 221, 139, 187, 90, 63, 79, 152)
3, (395, 260, 183, 216, 128, 62, 93, 155)
3, (240, 246, 174, 224, 112, 64, 82, 127)
3, (395, 255, 195, 229, 115, 58, 90, 205)
3, (236, 250, 185, 256, 108, 64, 87, 185)
3, (398, 279, 197, 271, 130, 55, 93, 216)
3, (376, 254, 184, 256, 100, 57, 92, 184)
3, (369, 277, 196, 265, 129, 57, 92, 215)
4, (199, 363, 178, 214, 112, 58, 91, 185)
4, (291, 429, 184, 206, 114, 64, 106, 215)
4, (381, 334, 214, 202, 116, 67, 117, 212)
4, (401, 324, 199, 196, 124, 62, 109, 150)
4, (399, 329, 215, 197, 121, 61, 121, 149)
4, (408, 326, 231, 136, 105, 68, 128, 170)
4, (356, 246, 239, 177, 107, 63, 116, 192)
4, (264, 270, 200, 184, 111, 62, 112, 196)
4, (283, 281, 202, 201, 117, 67, 113, 194)
4, (280, 289, 188, 206, 121, 69, 100, 207)
4, (281, 262, 178, 189, 130, 66, 87, 211)
4, (344, 254, 158, 158, 129, 67, 91, 171)
4, (362, 234, 164, 154, 127, 68, 93, 165)
4, (354, 254, 200, 163, 110, 87, 158, 195)
4, (358, 241, 220, 167, 116, 84, 155, 181)
4, (348, 237, 212, 162, 108, 80, 160, 173)
4, (273, 229, 215, 168, 100, 79, 155, 169)
4, (268, 238, 225, 195, 105, 80, 157, 183)
4, (234, 214, 193, 174, 110, 53, 89, 172)
4, (225, 218, 186, 165, 94, 53, 100, 186)
4, (258, 237, 176, 170, 96, 52, 96, 168)
4, (291, 305, 182, 159, 100, 48, 104, 163)
4, (285, 340, 177, 142, 110, 44, 111, 201)
4, (314, 323, 212, 184, 99, 49, 112, 191)
4, (326, 312, 208, 186, 101, 46, 104, 178)
4, (317, 313, 221, 200, 124, 55, 99, 174)
4, (306, 245, 216, 215, 127, 59, 103, 188)
4, (319, 182, 223, 209, 117, 62, 101, 157)
4, (347, 203, 193, 201, 142, 73, 105, 146)
4, (338, 216, 189, 214, 169, 77, 102, 149)
4, (337, 293, 195, 199, 154, 74, 118, 203)
4, (328, 295, 201, 189, 152, 73, 110, 208)
4, (301, 301, 194, 229, 156, 78, 107, 189)
4, (252, 326, 175, 205, 151, 68, 111, 189)
4, (247, 320, 165, 191, 119, 64, 116, 185)
4, (234, 238, 155, 194, 113, 66, 105, 132)
4, (256, 245, 155, 200, 121, 69, 101, 107)
4, (267, 258, 149, 189, 133, 68, 96, 117)
4, (266, 282, 199, 201, 114, 65, 94, 137)
4, (270, 278, 218, 209, 112, 65, 87, 143)
4, (297, 274, 232, 206, 121, 74, 103, 146)
4, (261, 273, 234, 212, 117, 80, 118, 171)
4, (258, 290, 230, 180, 95, 78, 129, 181)
5, (219, 263, 189, 119, 126, 69, 126, 155)
5, (256, 279, 196, 123, 112, 69, 131, 156)
5, (260, 265, 200, 125, 92, 66, 128, 156)
5, (257, 250, 202, 112, 94, 67, 135, 165)
5, (251, 240, 229, 120, 97, 58, 103, 136)
5, (248, 245, 232, 120, 90, 62, 107, 149)
5, (210, 240, 226, 135, 101, 70, 106, 145)
5, (219, 284, 244, 133, 114, 75, 110, 158)
5, (217, 259, 241, 135, 115, 78, 110, 153)
5, (221, 262, 219, 127, 124, 78, 106, 154)
5, (223, 255, 198, 129, 122, 74, 102, 180)
5, (228, 248, 194, 102, 115, 68, 97, 181)
5, (219, 206, 163, 119, 103, 64, 104, 189)
5, (252, 211, 179, 123, 107, 60, 121, 175)
5, (276, 193, 185, 125, 97, 58, 125, 171)
5, (261, 195, 180, 131, 103, 57, 127, 118)
5, (268, 219, 198, 144, 109, 55, 127, 138)
5, (267, 219, 191, 131, 108, 58, 126, 109)
5, (228, 245, 189, 137, 112, 62, 107, 110)
5, (280, 263, 186, 134, 108, 79, 134, 110)
5, (288, 322, 182, 123, 110, 79, 133, 156)
5, (282, 319, 202, 114, 111, 78, 130, 181)
5, (293, 321, 219, 114, 108, 75, 123, 183)
5, (282, 323, 237, 116, 101, 66, 116, 183)
5, (222, 320, 231, 124, 100, 40, 68, 204)
5, (240, 266, 239, 153, 95, 39, 83, 200)
5, (236, 262, 223, 152, 83, 42, 83, 163)
5, (214, 235, 207, 151, 95, 43, 97, 176)
5, (251, 305, 181, 154, 86, 45, 103, 187)
5, (264, 298, 175, 163, 89, 45, 108, 203)
5, (254, 301, 176, 149, 91, 51, 116, 177)
5, (244, 336, 174, 190, 99, 48, 114, 182)
5, (282, 346, 187, 204, 109, 49, 104, 175)
5, (267, 267, 180, 203, 113, 47, 97, 197)
5, (236, 268, 189, 199, 108, 49, 99, 158)
5, (221, 306, 185, 192, 111, 45, 87, 165)
5, (227, 288, 164, 151, 110, 50, 100, 166)
5, (223, 288, 150, 130, 93, 48, 100, 202)
5, (244, 293, 154, 122, 92, 46, 109, 170)
5, (259, 287, 164, 148, 102, 46, 114, 169)
5, (284, 304, 156, 199, 109, 54, 103, 169)
5, (278, 281, 168, 196, 131, 57, 97, 196)
5, (286, 280, 186, 211, 136, 56, 95, 157)
5, (301, 278, 180, 208, 137, 81, 114, 157)
5, (292, 296, 172, 199, 130, 81, 105, 168)
5, (278, 225, 177, 178, 131, 75, 105, 165)
5, (314, 243, 174, 186, 112, 74, 103, 162)
5, (295, 241, 163, 171, 112, 77, 110, 158)
5, (257, 264, 172, 176, 110, 60, 83, 189)
5, (258, 251, 169, 158, 120, 70, 93, 181)
5, (249, 247, 174, 124, 112, 75, 100, 178)
5, (219, 267, 183, 132, 105, 72, 97, 178)
5, (205, 293, 202, 168, 112, 74, 93, 188)
5, (302, 282, 184, 159, 116, 74, 103, 167)
5, (314, 299, 181, 159, 115, 66, 96, 165)
5, (328, 371, 207, 164, 105, 60, 90, 205)
5, (326, 333, 196, 190, 113, 65, 92, 183)
5, (323, 305, 186, 157, 108, 61, 84, 170)
5, (224, 294, 190, 163, 106, 67, 104, 163)
5, (264, 285, 193, 171, 102, 70, 112, 169)
5, (280, 218, 164, 176, 109, 72, 112, 173)
5, (288, 228, 162, 141, 102, 71, 115, 165)
5, (356, 264, 138, 144, 91, 78, 125, 173)
5, (390, 352, 152, 140, 88, 69, 99, 175)
5, (359, 341, 152, 149, 84, 74, 113, 206)
5, (346, 325, 174, 151, 79, 74, 117, 170)
5, (335, 331, 169, 143, 79, 73, 113, 177)
5, (268, 361, 168, 136, 77, 65, 108, 183)
5, (230, 270, 156, 140, 85, 64, 107, 230)
5, (234, 274, 161, 172, 104, 58, 82, 198)
5, (249, 269, 192, 181, 112, 85, 132, 194)
5, (243, 296, 200, 182, 109, 88, 138, 202)
5, (233, 222, 202, 194, 116, 90, 135, 239)
5, (241, 227, 212, 220, 123, 90, 133, 193)
5, (234, 223, 209, 190, 109, 86, 134, 188)
5, (191, 349, 162, 176, 97, 59, 79, 190)
5, (211, 335, 187, 183, 105, 57, 77, 235)
5, (227, 343, 182, 176, 106, 55, 85, 185)
