0, (146, 94, 122, 122, 104, 60, 101, 202)
0, (147, 91, 127, 114, 118, 54, 101, 205)
0, (121, 77, 120, 112, 108, 65, 118, 198)
0, (174, 74, 131, 121, 100, 63, 115, 172)
0, (196, 80, 130, 128, 103, 63, 107, 179)
0, (194, 80, 132, 123, 114, 64, 105, 173)
0, (188, 85, 126, 129, 115, 66, 130, 161)
0, (191, 86, 127, 124, 110, 57, 113, 158)
0, (173, 86, 109, 131, 111, 57, 119, 112)
0, (151, 74, 115, 121, 131, 62, 125, 129)
0, (162, 74, 121, 176, 127, 59, 117, 123)
0, (169, 60, 141, 177, 110, 63, 100, 120)
0, (178, 62, 132, 178, 108, 64, 102, 117)
0, (153, 68, 159, 177, 112, 64, 99, 126)
0, (143, 80, 155, 186, 96, 59, 87, 108)
0, (148, 80, 170, 126, 93, 58, 88, 135)
0, (164, 83, 169, 120, 107, 50, 94, 154)
0, (153, 84, 172, 122, 117, 46, 92, 158)
0, (155, 80, 152, 123, 111, 48, 94, 166)
0, (152, 79, 153, 129, 102, 48, 101, 163)
0, (132, 74, 132, 135, 112, 49, 103, 139)
0, (137, 77, 120, 145, 125, 66, 101, 122)
0, (158, 75, 128, 154, 122, 69, 107, 176)
0, (154, 93, 128, 142, 121, 66, 101, 169)
0, (159, 97, 131, 138, 120, 63, 92, 166)
0, (165, 105, 158, 139, 120, 66, 111, 163)
0, (145, 100, 155, 124, 109, 44, 97, 157)
0, (118, 102, 148, 108, 105, 46, 91, 90)
0, (114, 89, 170, 105, 101, 45, 90, 71)
0, (101, 80, 174, 105, 108, 49, 91, 60)
0, (82, 71, 147, 103, 100, 44, 63, 49)
0, (57, 69, 143, 99, 86, 46, 57, 45)
0, (107, 80, 135, 97, 105, 54, 66, 30)
0, (114, 84, 97, 97, 115, 61, 71, 29)
0, (115, 82, 68, 75, 118, 57, 68, 32)
0, (112, 81, 52, 68, 122, 57, 69, 33)
0, (115, 87, 49, 69, 132, 60, 66, 36)
0, (71, 82, 48, 71, 126, 55, 54, 32)
1, (85, 78, 50, 72, 124, 50, 45, 32)
1, (90, 74, 49, 74, 113, 53, 46, 31)
1, (114, 81, 49, 73, 118, 57, 54, 32)
1, (114, 77, 40, 71, 113, 52, 53, 29)
1, (110, 71, 40, 77, 113, 45, 56, 30)
1, (107, 75, 40, 74, 122, 45, 66, 33)
1, (111, 81, 44, 75, 126, 42, 64, 33)
1, (112, 83, 46, 79, 125, 39, 61, 38)
1, (120, 100, 55, 78, 133, 42, 64, 43)
1, (123, 101, 55, 91, 123, 46, 61, 43)
1, (135, 92, 56, 98, 114, 46, 54, 42)
1, (159, 105, 56, 103, 134, 48, 56, 43)
2, (153, 100, 53, 107, 129, 48, 52, 38)
2, (165, 106, 57, 108, 128, 50, 51, 35)
2, (170, 103, 54, 96, 130, 48, 57, 34)
2, (156, 133, 53, 89, 141, 48, 56, 33)
2, (133, 124, 50, 90, 127, 51, 75, 31)
2, (132, 128, 54, 87, 129, 51, 87, 35)
2, (119, 121, 41, 78, 116, 48, 87, 32)
2, (141, 127, 43, 79, 123, 46, 83, 36)
2, (143, 101, 44, 90, 119, 45, 82, 37)
2, (146, 109, 47, 99, 117, 45, 69, 43)
2, (166, 111, 43, 95, 120, 48, 53, 41)
2, (203, 112, 55, 100, 122, 52, 53, 45)
2, (209, 117, 56, 100, 113, 51, 55, 44)
2, (228, 115, 53, 90, 96, 51, 61, 44)
2, (234, 112, 54, 71, 93, 45, 67, 44)
2, (222, 113, 57, 66, 83, 41, 66, 43)
2, (201, 133, 51, 73, 80, 38, 67, 41)
2, (204, 132, 51, 71, 84, 46, 85, 43)
2, (182, 128, 56, 77, 86, 45, 81, 43)
2, (213, 131, 60, 87, 108, 49, 71, 41)
2, (219, 124, 59, 91, 108, 52, 78, 67)
2, (240, 105, 72, 92, 108, 56, 83, 76)
2, (219, 97, 89, 121, 112, 59, 85, 76)
2, (221, 99, 119, 127, 127, 62, 93, 81)
2, (191, 95, 118, 142, 116, 61, 97, 80)
2, (197, 121, 118, 150, 115, 66, 97, 73)
2, (168, 109, 111, 146, 119, 73, 102, 81)
2, (186, 111, 103, 143, 123, 70, 89, 87)
2, (201, 111, 62, 144, 104, 77, 91, 88)
2, (196, 116, 68, 131, 97, 79, 89, 93)
2, (179, 94, 94, 134, 98, 74, 105, 87)
2, (186, 93, 113, 176, 114, 66, 101, 71)
2, (194, 104, 115, 170, 125, 68, 100, 86)
2, (191, 112, 120, 165, 127, 54, 93, 88)
2, (212, 113, 116, 161, 124, 62, 104, 101)
2, (217, 108, 103, 159, 129, 67, 99, 103)
2, (202, 115, 118, 133, 133, 73, 95, 104)
2, (180, 106, 131, 120, 123, 75, 95, 90)
2, (169, 123, 145, 126, 150, 83, 148, 93)
2, (137, 111, 149, 129, 159, 78, 141, 81)
2, (135, 110, 151, 122, 154, 69, 132, 79)
2, (144, 109, 137, 94, 137, 62, 133, 78)
2, (162, 112, 138, 107, 128, 57, 130, 80)
2, (189, 87, 123, 97, 103, 55, 80, 100)
2, (190, 87, 125, 109, 99, 60, 87, 107)
2, (196, 99, 125, 121, 98, 60, 85, 103)
2, (206, 117, 122, 122, 93, 60, 81, 102)
2, (201, 110, 115, 153, 103, 63, 85, 98)
2, (185, 107, 121, 157, 90, 59, 78, 84)
2, (200, 112, 114, 143, 85, 50, 69, 81)
2, (196, 104, 117, 135, 91, 60, 86, 87)
2, (189, 86, 122, 141, 99, 61, 94, 90)
2, (184, 88, 114, 95, 97, 58, 94, 94)
2, (169, 89, 109, 92, 101, 51, 93, 106)
2, (183, 97, 127, 102, 118, 57, 92, 101)
2, (219, 110, 127, 101, 121, 57, 81, 96)
2, (243, 105, 117, 100, 116, 52, 81, 96)
2, (235, 112, 121, 101, 127, 59, 97, 95)
2, (246, 121, 128, 100, 130, 69, 106, 89)
2, (266, 125, 120, 100, 116, 69, 108, 97)
2, (244, 112, 117, 99, 108, 64, 110, 102)
2, (238, 123, 139, 128, 117, 66, 105, 104)
2, (258, 133, 142, 130, 107, 68, 104, 103)
2, (252, 127, 155, 147, 113, 65, 103, 86)
2, (223, 140, 155, 149, 113, 60, 99, 91)
2, (224, 155, 163, 199, 122, 73, 105, 92)
2, (209, 145, 153, 183, 116, 72, 106, 88)
2, (207, 135, 144, 180, 109, 69, 98, 88)
2, (204, 145, 134, 180, 99, 71, 118, 108)
3, (235, 106, 205, 156, 108, 56, 114, 192)
3, (257, 106, 202, 137, 107, 53, 115, 186)
3, (247, 105, 201, 136, 97, 43, 103, 191)
3, (215, 104, 180, 95, 100, 39, 89, 119)
3, (197, 111, 175, 90, 147, 51, 85, 118)
3, (213, 118, 133, 130, 144, 58, 74, 151)
3, (214, 119, 136, 130, 137, 60, 80, 158)
3, (205, 113, 150, 137, 153, 65, 72, 152)
3, (212, 131, 149, 137, 158, 70, 69, 141)
3, (204, 117, 142, 142, 140, 64, 69, 140)
3, (222, 102, 132, 104, 138, 58, 87, 107)
3, (204, 106, 146, 124, 140, 58, 87, 119)
3, (223, 112, 137, 125, 152, 54, 84, 114)
3, (217, 102, 147, 128, 144, 49, 88, 115)
3, (253, 108, 168, 165, 136, 57, 97, 130)
3, (243, 101, 180, 177, 146, 55, 99, 140)
3, (237, 93, 169, 179, 156, 55, 97, 159)
3, (221, 94, 165, 177, 128, 53, 101, 163)
3, (241, 96, 162, 178, 134, 58, 100, 175)
3, (212, 91, 132, 132, 128, 52, 91, 161)
3, (211, 100, 161, 179, 115, 53, 76, 149)
3, (206, 104, 165, 165, 108, 54, 81, 107)
3, (269, 112, 167, 171, 122, 55, 80, 107)
3, (251, 104, 180, 168, 116, 52, 96, 82)
3, (257, 107, 186, 176, 108, 54, 94, 93)
3, (258, 99, 158, 125, 106, 65, 106, 104)
3, (259, 98, 171, 133, 96, 63, 113, 108)
3, (193, 81, 170, 125, 96, 66, 112, 106)
3, (231, 110, 158, 142, 102, 72, 99, 107)
3, (229, 119, 203, 164, 111, 67, 99, 99)
3, (229, 127, 207, 156, 116, 63, 105, 85)
3, (238, 131, 195, 158, 121, 65, 100, 99)
3, (252, 135, 206, 178, 104, 63, 102, 92)
3, (216, 118, 204, 180, 96, 51, 97, 93)
3, (238, 108, 163, 152, 81, 63, 133, 101)
3, (230, 104, 161, 153, 85, 61, 126, 112)
3, (251, 111, 166, 154, 68, 65, 134, 97)
3, (275, 114, 152, 146, 70, 63, 140, 102)
3, (279, 108, 148, 127, 73, 66, 146, 122)
3, (258, 104, 162, 129, 93, 77, 143, 127)
3, (269, 104, 160, 133, 94, 75, 138, 116)
3, (264, 94, 175, 140, 93, 70, 125, 118)
3, (250, 96, 174, 122, 100, 87, 135, 121)
3, (256, 104, 179, 126, 119, 88, 137, 106)
3, (247, 103, 175, 170, 109, 70, 104, 93)
3, (238, 97, 164, 173, 101, 72, 106, 92)
3, (229, 96, 135, 161, 103, 71, 107, 95)
3, (186, 138, 152, 183, 93, 74, 122, 102)
3, (244, 100, 144, 171, 113, 58, 106, 137)
3, (212, 123, 147, 131, 93, 64, 117, 115)
3, (238, 95, 130, 188, 103, 61, 102, 133)
3, (225, 126, 176, 146, 91, 68, 124, 117)
3, (255, 101, 108, 166, 115, 66, 108, 142)
3, (211, 122, 178, 146, 87, 64, 116, 116)
3, (252, 98, 115, 157, 116, 62, 106, 145)
3, (235, 116, 176, 135, 90, 64, 119, 118)
3, (301, 127, 125, 159, 129, 64, 107, 143)
3, (235, 91, 155, 133, 116, 62, 121, 111)
3, (282, 115, 137, 171, 125, 63, 104, 98)
3, (202, 99, 148, 135, 112, 60, 121, 101)
3, (281, 114, 140, 162, 122, 59, 98, 96)
3, (174, 101, 144, 134, 112, 55, 113, 98)
3, (271, 120, 148, 163, 110, 57, 105, 80)
3, (229, 123, 153, 134, 112, 55, 142, 111)
3, (324, 154, 195, 193, 115, 59, 106, 93)
3, (227, 120, 152, 134, 125, 47, 120, 94)
3, (263, 132, 191, 192, 109, 63, 110, 88)
3, (223, 122, 166, 127, 136, 52, 115, 92)
3, (263, 132, 178, 191, 103, 71, 121, 82)
3, (265, 119, 189, 163, 148, 60, 129, 85)
3, (316, 133, 177, 201, 103, 70, 122, 84)
3, (323, 114, 160, 170, 153, 60, 129, 89)
3, (341, 126, 192, 215, 120, 75, 129, 86)
3, (298, 89, 156, 193, 154, 74, 128, 76)
3, (285, 88, 151, 190, 147, 77, 129, 66)
4, (217, 91, 155, 118, 106, 47, 87, 118)
4, (210, 100, 158, 121, 97, 50, 85, 156)
4, (206, 98, 132, 95, 86, 59, 103, 170)
4, (189, 98, 129, 116, 92, 57, 104, 169)
4, (252, 112, 123, 114, 93, 56, 106, 170)
4, (261, 112, 127, 105, 88, 57, 103, 171)
4, (268, 124, 157, 106, 99, 56, 93, 205)
4, (276, 125, 165, 109, 99, 52, 70, 198)
4, (292, 126, 170, 107, 105, 57, 71, 193)
4, (228, 106, 171, 114, 106, 60, 76, 191)
4, (218, 111, 178, 120, 121, 64, 78, 189)
4, (272, 87, 159, 126, 114, 60, 78, 114)
4, (268, 90, 152, 127, 120, 54, 79, 166)
4, (249, 82, 166, 121, 135, 55, 85, 163)
4, (275, 86, 174, 120, 146, 60, 89, 179)
4, (269, 91, 168, 119, 135, 56, 86, 180)
4, (216, 96, 179, 112, 135, 60, 92, 188)
4, (247, 106, 170, 113, 130, 60, 96, 189)
4, (295, 107, 161, 114, 116, 54, 89, 200)
4, (263, 100, 158, 125, 103, 45, 82, 199)
4, (261, 93, 158, 126, 120, 48, 78, 204)
4, (262, 91, 145, 136, 165, 48, 80, 197)
4, (223, 77, 143, 131, 158, 45, 68, 192)
4, (172, 79, 141, 132, 149, 48, 78, 194)
4, (193, 86, 136, 125, 165, 49, 88, 185)
4, (237, 87, 143, 119, 159, 52, 116, 183)
4, (231, 84, 129, 107, 108, 50, 124, 214)
4, (230, 77, 137, 115, 110, 52, 124, 194)
4, (248, 98, 143, 143, 133, 60, 119, 184)
4, (240, 96, 158, 143, 122, 63, 116, 190)
4, (234, 106, 143, 142, 115, 60, 106, 200)
4, (262, 113, 148, 146, 120, 65, 102, 218)
4, (270, 124, 144, 145, 131, 65, 108, 196)
4, (255, 115, 161, 131, 123, 61, 109, 197)
4, (281, 117, 150, 124, 111, 63, 120, 211)
4, (298, 123, 161, 130, 113, 62, 105, 209)
4, (274, 120, 157, 144, 124, 58, 90, 156)
4, (273, 117, 157, 140, 121, 67, 105, 162)
4, (291, 107, 158, 152, 106, 64, 117, 224)
4, (284, 111, 166, 163, 107, 59, 107, 203)
5, (213, 110, 119, 133, 109, 55, 97, 169)
5, (195, 107, 136, 131, 103, 56, 92, 172)
5, (205, 112, 140, 141, 104, 53, 99, 142)
5, (218, 104, 155, 120, 102, 55, 98, 208)
5, (209, 115, 169, 122, 121, 62, 100, 186)
5, (225, 115, 166, 126, 114, 57, 101, 186)
5, (244, 122, 154, 127, 115, 65, 103, 186)
5, (243, 118, 145, 124, 118, 64, 94, 195)
5, (246, 135, 171, 162, 129, 68, 90, 139)
5, (240, 122, 184, 164, 119, 62, 81, 170)
5, (228, 115, 196, 152, 111, 60, 80, 176)
5, (193, 115, 196, 172, 115, 55, 84, 178)
5, (209, 115, 210, 163, 116, 62, 105, 191)
5, (198, 98, 177, 126, 118, 62, 106, 209)
5, (202, 97, 153, 128, 111, 58, 95, 186)
5, (229, 94, 131, 124, 107, 54, 96, 189)
5, (222, 78, 144, 94, 100, 51, 101, 197)
5, (196, 72, 123, 109, 108, 50, 93, 173)
5, (191, 71, 133, 116, 99, 47, 101, 197)
5, (206, 76, 155, 118, 100, 57, 122, 191)
5, (170, 85, 166, 124, 123, 63, 128, 182)
5, (182, 92, 159, 124, 129, 63, 122, 181)
5, (181, 88, 169, 123, 118, 59, 113, 186)
5, (184, 85, 159, 136, 110, 62, 115, 216)
5, (164, 93, 157, 141, 118, 61, 90, 215)
5, (207, 90, 165, 137, 101, 58, 82, 218)
5, (199, 84, 153, 161, 102, 62, 95, 215)
5, (224, 88, 138, 170, 113, 73, 101, 238)
5, (228, 89, 144, 154, 117, 68, 100, 158)
5, (231, 80, 157, 160, 125, 64, 105, 165)
5, (214, 81, 141, 157, 123, 64, 103, 169)
5, (232, 94, 150, 131, 113, 61, 88, 159)
